40
19.105
38.6394
57.7235
75.8947
94.541
112.712
129.321
145.207
160.963
175.362
188.733
200.644
211.804
220.928
229.157
236.239
241.58
244.965
247.73
248
247.808
245.122
241.814
236.546
229.539
221.382
212.325
201.229
189.381
175.362
161.722
146.014
130.173
113.6
95.462
76.844
58.6941
39.6232
20.0998
19.6469
38.8973
57.3847
76.4788
95.1893
112.414
129.074
145.664
160.963
175.422
188.481
200.803
211.154
220.735
229.212
235.919
240.751
245
246.733
248.085
246.909
245.082
241.232
235.688
228.965
221.226
211.4
200.818
187.971
175.422
160.702
145.794
130
112.579
94.5939
76.9415
58.2151
39
19.3132
38.0132
57.4543
76.6094
94.3663
111.723
129.074
145.207
160.702
174.863
188.308
199.86
210.775
220.635
228.709
235
240.751
243.977
246.909
247.293
247
244.632
240.626
235.417
229.079
220.617
211.4
199.832
188.481
174.863
161.003
146.103
129.522
112.294
95.2575
77
58.2151
18.868
38.6005
58.1378
76.3675
94.3663
112.414
129.321
145.794
161.003
175.514
188.215
200.412
211.606
221
228.709
235.919
240.608
245.082
247
248.214
247.31
244.826
241.118
236.174
229.079
221.226
210.95
200.803
188.308
175.514
161.533
145.825
129.387
113
95.2575
76.9415
19.8494
39.598
58.1378
76.6094
95.1893
112.712
130
146.103
161.533
175.251
188.597
201
211.606
220.635
229.212
235.287
241.232
244.632
247.31
247.843
246.868
244.659
241.118
235.417
228.965
220.036
211.154
199.86
188.215
175.251
160.527
145
129.387
112.294
94.5939
19.8494
38.6005
57.4543
76.4788
94.541
112.579
129.522
145.825
160.527
175
188.597
200.412
210.775
220.735
228.232
235.688
240.626
244.826
246.868
247.487
246.868
244.826
240.626
235.688
228.232
220.735
210.775
200.412
188.597
175
160.527
145.825
129.522
112.579
18.868
38.0132
57.3847
75.8947
94.5939
112.294
129.387
145
160.527
175.251
188.215
199.86
211.154
220.036
228.965
235.417
241.118
244.659
246.868
247.843
247.31
244.632
241.232
235.287
229.212
220.635
211.606
201
188.597
175.251
161.533
146.103
130
19.3132
38.8973
57.7235
76.9415
95.2575
113
129.387
145.825
161.533
175.514
188.308
200.803
210.95
221.226
229.079
236.174
241.118
244.826
247.31
248.214
247
245.082
240.608
235.919
228.709
221
211.606
200.412
188.215
175.514
161.003
145.794
19.6469
38.6394
58.2151
77
95.2575
112.294
129.522
146.103
161.003
174.863
188.481
199.832
211.4
220.617
229.079
235.417
240.626
244.632
247
247.293
246.909
243.977
240.751
235
228.709
220.635
210.775
199.86
188.308
174.863
160.702
19.105
39
58.2151
76.9415
94.5939
112.579
130
145.794
160.702
175.422
187.971
200.818
211.4
221.226
228.965
235.688
241.232
245.082
246.909
248.085
246.733
245
240.751
235.919
229.212
220.735
211.154
200.803
188.481
175.422
20.0998
39.6232
58.6941
76.844
95.462
113.6
130.173
146.014
161.722
175.362
189.381
201.229
212.325
221.382
229.539
236.546
241.814
245.122
247.808
248
247.73
244.965
241.58
236.239
229.157
220.928
211.804
200.644
188.733
19.6469
38.8973
57.3847
76.4788
95.1893
112.414
129.074
145.664
160.312
175.422
188.481
200.803
211.154
220.735
229.212
235.919
240.751
245
246.812
248.085
246.909
245.082
241.232
235.688
228.965
221.226
211.4
200.818
19.3132
38.0132
57.4543
76.6094
94.3663
111.723
129.074
144.617
160.702
174.863
188.308
199.86
210.775
220.635
228.709
235
240.751
244.135
246.909
247.293
247
244.632
240.626
235.417
229.079
220.617
211.4
18.868
38.6005
58.1378
76.3675
94.3663
112.414
128.798
145.794
161.003
175.514
188.215
200.412
211.606
221
228.709
235.919
240.842
245.082
247
248.214
247.31
244.826
241.118
236.174
229.079
221.226
19.8494
39.598
58.1378
76.6094
95.1893
112.254
130
146.103
161.533
175.251
188.597
201
211.606
220.635
229.212
235.595
241.232
244.632
247.31
247.843
246.868
244.659
241.118
235.417
228.965
19.8494
38.6005
57.4543
76.4788
94.1541
112.579
129.522
145.825
160.527
175
188.597
200.412
210.775
220.735
228.615
235.688
240.626
244.826
246.868
247.487
246.868
244.826
240.626
235.688
18.868
38.0132
57.3847
75.5844
94.5939
112.294
129.387
145
160.527
175.251
188.215
199.86
211.154
220.493
228.965
235.417
241.118
244.659
246.868
247.843
247.31
244.632
241.232
19.3132
38.8973
57.4891
76.9415
95.2575
113
129.387
145.825
161.533
175.514
188.308
200.803
211.473
221.226
229.079
236.174
241.118
244.826
247.31
248.214
247
245.082
19.6469
38.4708
58.2151
77
95.2575
112.294
129.522
146.103
161.003
174.863
188.481
200.42
211.4
220.617
229.079
235.417
240.626
244.632
247
247.293
246.909
19.0263
39
58.2151
76.9415
94.5939
112.579
130
145.794
160.702
175.422
188.621
200.818
211.4
221.226
228.965
235.688
241.232
245.082
246.909
248.085
20.025
39.4588
58.4637
76.5376
95.0789
113.146
129.653
145.427
161.075
175.362
188.621
200.42
211.473
220.493
228.615
235.595
240.842
244.135
246.812
19.6469
38.8973
57.3847
76.4788
95.1893
112.414
129.074
145.664
161.075
175.422
188.481
200.803
211.154
220.735
229.212
235.919
240.751
245
19.3132
38.0132
57.4543
76.6094
94.3663
111.723
129.074
145.427
160.702
174.863
188.308
199.86
210.775
220.635
228.709
235
240.751
18.868
38.6005
58.1378
76.3675
94.3663
112.414
129.653
145.794
161.003
175.514
188.215
200.412
211.606
221
228.709
235.919
19.8494
39.598
58.1378
76.6094
95.1893
113.146
130
146.103
161.533
175.251
188.597
201
211.606
220.635
229.212
19.8494
38.6005
57.4543
76.4788
95.0789
112.579
129.522
145.825
160.527
175
188.597
200.412
210.775
220.735
18.868
38.0132
57.3847
76.5376
94.5939
112.294
129.387
145
160.527
175.251
188.215
199.86
211.154
19.3132
38.8973
58.4637
76.9415
95.2575
113
129.387
145.825
161.533
175.514
188.308
200.803
19.6469
39.4588
58.2151
77
95.2575
112.294
129.522
146.103
161.003
174.863
188.481
20.025
39
58.2151
76.9415
94.5939
112.579
130
145.794
160.702
175.422
19.0263
38.4708
57.4891
75.5844
94.1541
112.254
128.798
144.617
160.312
19.6469
38.8973
57.3847
76.4788
95.1893
112.414
129.074
145.664
19.3132
38.0132
57.4543
76.6094
94.3663
111.723
129.074
18.868
38.6005
58.1378
76.3675
94.3663
112.414
19.8494
39.598
58.1378
76.6094
95.1893
19.8494
38.6005
57.4543
76.4788
18.868
38.0132
57.3847
19.3132
38.8973
19.6469
