40
25.1794
50.8035
76.1577
101.193
125.925
149.833
172.887
193.807
214.112
233.345
250.45
266.443
280.589
292.933
304.002
313.081
320.656
324.871
327.954
330
328.032
325.026
320.888
313.39
304.385
293.389
281.114
267.03
251.098
234.053
214.87
194.612
173.738
150.722
126.846
102.142
77.1298
51.788
26.1725
25.7099
51.2445
76.6942
101.966
126.57
150.426
172.351
193.747
214.112
232.622
250.06
265.669
279.693
292.515
303.424
312.861
318.981
324
327.954
327.989
326.956
324.778
319.232
312.167
303.059
292.617
280.166
265.872
250.338
232.622
213.701
194.095
172.154
149.265
125.399
101.119
76.2365
51
25.632
51.4296
77.1751
102.416
127.016
149.907
172.351
193.807
213.701
232.562
249.618
265.317
279.893
292.638
303.949
312
318.981
324.871
326.956
327.941
327.771
324.238
319.176
312.026
303.486
292.742
280.166
266.222
250.06
232.562
214.308
193.536
171.724
148.788
125.324
101
76.2365
26.0768
52.2015
77.9872
103.238
127.016
150.426
172.887
194.095
214.308
232.744
250.06
266.332
280.863
294
303.949
312.861
320.656
324.778
327.771
329.601
328.087
325.038
319.864
313.249
304.245
293.425
281.114
266.558
250.539
233.694
214.161
193.499
171.572
149
125.324
101.119
26.2488
52.3259
77.9872
102.416
126.57
149.833
172.154
193.536
213.19
231.97
249.802
266
280.863
292.638
303.424
313.081
319.232
324.238
328.087
328.641
327.674
324.563
319.977
312.834
303.911
293.389
280.615
266.267
251.032
232.957
213.677
193
171.572
148.788
125.399
26.2488
52.2015
77.1751
101.966
125.925
149.265
171.724
192.512
212.681
232
249.802
266.332
279.893
292.515
304.002
312.167
319.176
325.038
327.674
328.805
327.787
325.263
320.028
313.058
304.385
293.466
280.865
267.32
250.799
233
213.677
193.499
171.724
149.265
26.0768
51.4296
76.6942
101.193
125.399
148.788
170.575
192
212.681
231.97
250.06
265.317
279.693
292.933
303.059
312.026
319.864
324.563
327.787
328.866
328.422
325.129
320.156
313.39
304.396
293.626
281.86
267
250.799
232.957
214.161
193.536
172.154
25.632
51.2445
76.1577
101.119
125.324
148
170.575
192.512
213.19
232.744
249.618
265.669
280.589
292.617
303.486
313.249
319.977
325.263
328.422
330.044
328.696
325.73
320.888
313.849
304.946
295
281.86
267.32
251.032
233.694
214.308
194.095
25.7099
50.8035
76.2365
101
124.326
147.801
170.751
192.585
213.385
231.672
249.209
265.633
279.407
292.036
303.595
312.247
319.507
324.678
328.317
328.892
327.928
325.026
319.978
313
304.946
293.626
280.865
266.267
250.539
232.562
213.701
25.1794
51
76.2365
100.13
124.427
148.314
171.231
193.205
212.85
231.815
249.688
265.166
279.517
292.836
303.389
312.605
319.776
325.424
327.928
328.977
328.032
325
319.978
313.849
304.396
293.466
280.615
266.558
250.06
232.622
26.1725
51.788
76.1577
101.193
125.925
149.833
172.887
193.807
214.112
233.345
250.45
266.443
281.441
293.825
304.926
314.033
321.629
326.014
329.029
330.002
328.951
325.859
321.629
314.033
304.926
293.825
281.441
266.443
250.45
25.7099
50.2892
75.7694
101.074
125.718
149.616
171.593
193.041
213.46
232.034
249.538
266.101
280.232
293.157
304.164
313.694
319.978
325
327.954
328.977
327.928
325.73
320.156
313.058
303.911
293.425
280.166
265.872
24.6982
50.5371
76.3217
101.607
126.254
149.201
171.703
193.215
213.178
232.108
250.154
265.957
280.631
293.471
304.869
313
319.978
324.871
327.928
328.892
328.696
325.129
320.028
312.834
304.245
292.742
280.166
26.0768
52.2015
77.9872
103.238
127.016
150.426
172.887
194.095
214.308
233.694
251.032
267.32
281.86
295
304.869
313.694
320.426
325.424
328.317
330.044
328.422
325.263
319.977
313.249
303.486
292.617
26.2488
52.3259
77.9872
102.416
126.57
149.833
172.154
193.536
214.161
232.957
250.799
267
281.86
293.471
304.164
312.776
319.776
324.678
328.422
328.866
327.787
324.563
319.864
312.026
303.059
26.2488
52.2015
77.1751
101.966
125.925
149.265
171.724
193.499
213.677
233
250.799
267.32
280.631
293.157
303.621
312.605
319.507
325.263
327.787
328.805
327.674
325.038
319.176
312.167
26.0768
51.4296
76.6942
101.193
125.399
148.788
171.572
193
213.677
232.957
251.032
265.957
280.232
292.481
303.389
312.247
319.977
324.563
327.674
328.641
328.087
324.238
319.232
25.632
51.2445
76.1577
101.119
125.324
149
171.572
193.499
214.161
233.694
250.154
266.101
280.066
292.836
303.595
313.249
319.864
325.038
328.087
329.601
327.771
324.778
25.7099
50.8035
76.2365
101
125.324
148.788
171.724
193.536
214.308
232.108
249.538
265.047
279.517
292.036
303.486
312.026
319.176
324.238
327.771
327.941
326.956
25.1794
51
76.2365
101.119
125.399
149.265
172.154
194.095
213.178
232.034
249.04
265.166
279.407
292.617
303.059
312.167
319.232
324.778
326.956
327.989
26.1725
51.788
77.1298
102.142
126.846
150.722
173.738
194.023
214.22
232.639
250.338
266.222
281.114
293.389
304.385
313.39
320.888
325.026
328.032
25.7099
51.2445
76.6942
101.966
126.57
150.426
171.703
193.041
212.702
231.815
249.209
265.669
279.693
292.515
303.424
312.861
318.981
324
25.632
51.4296
77.1751
102.416
127.016
149.201
171.593
192.408
212.85
231.672
249.618
265.317
279.893
292.638
303.949
312
318.981
26.0768
52.2015
77.9872
103.238
126.254
149.616
171.511
193.205
213.385
232.744
250.06
266.332
280.863
294
303.949
312.861
26.2488
52.3259
77.9872
101.607
125.718
148.486
171.231
192.585
213.19
231.97
249.802
266
280.863
292.638
303.424
26.2488
52.2015
76.3217
101.074
124.615
148.314
170.751
192.512
212.681
232
249.802
266.332
279.893
292.515
26.0768
50.5371
75.7694
99.93
124.427
147.801
170.575
192
212.681
231.97
250.06
265.317
279.693
24.6982
50.2892
74.9533
100.13
124.326
148
170.575
192.512
213.19
232.744
249.618
265.669
25.7099
50.636
76.2365
101
125.324
148.788
171.724
193.536
214.308
232.562
250.06
25.0799
51
76.2365
101.119
125.399
149.265
172.154
194.095
213.701
232.622
26.0768
51.6236
76.9025
101.833
126.463
150.266
173.217
194.023
214.22
25.7099
51.2445
76.6942
101.966
126.57
150.426
172.351
193.747
25.632
51.4296
77.1751
102.416
127.016
149.907
172.351
26.0768
52.2015
77.9872
103.238
127.016
150.426
26.2488
52.3259
77.9872
102.416
126.57
26.2488
52.2015
77.1751
101.966
26.0768
51.4296
76.6942
25.632
51.2445
25.7099
