40
13.1529
25.4951
39.2938
51.8652
64.0781
75.591
87.1321
98.6002
108.467
118.794
127.781
135.429
143.544
149.817
155.618
159.703
163.478
165.895
167.505
168
167.586
166.048
163.713
160.012
156
150.266
144.062
136.015
128.425
118.794
109.225
99.4032
87.983
76.4788
65
52.811
40.2616
26.4764
14.1421
12.3693
26.2488
39
51.4296
63.2851
75.213
87.2067
97.5807
108.467
118.224
126.57
135.506
142.618
149.265
154.26
158.978
162.444
165
166.508
167.194
166.628
165.387
162.693
159.665
154.871
149.616
142.524
135.765
127.016
118.224
109.078
98.387
87.4643
76.5376
64.7611
52.6118
39.1152
27
13.9284
26.8328
39.4462
51.614
63.8905
76.3675
87.2067
98.6002
109.078
118.072
127.769
135.665
143.098
148.946
154.548
159
162.444
164.906
166.628
166.979
166.769
165.027
162.929
159.028
154.674
148.492
142.524
134.618
126.57
118.072
108.079
97.719
87.3212
75.9539
64.195
51
39.1152
13.0384
25.807
38.2884
50.9117
63.8905
75.213
87.1321
98.387
108.079
118.596
127.346
135.636
142.425
149
154.548
158.978
162.505
165.387
166.769
167.72
167.057
166.012
163.132
159.806
154.674
149.616
142.688
135.506
127.769
118.596
108.908
99.1413
88.278
77
64.195
52.6118
12.8062
25.4558
38.2884
51.614
63.2851
75.591
87.4643
97.719
108.908
118.377
127.393
135
142.425
148.946
154.26
158.751
162.693
165.027
167.057
167.41
167.362
165.463
163.132
159.028
154.871
148.923
142.618
135.665
127.346
118.377
109.293
99
88.278
75.9539
64.7611
12.8062
25.807
39.4462
51.4296
64.0781
76.5376
87.3212
99.1413
109.293
119
127.393
135.636
143.098
149.265
154.693
159.665
162.929
166.012
167.362
168.291
167.362
166.012
162.929
159.665
154.693
149.265
143.098
135.636
127.393
119
109.293
99.1413
87.3212
76.5376
13.0384
26.8328
39
51.8652
64.7611
75.9539
88.278
99
109.293
118.377
127.346
135.665
142.618
148.923
154.871
159.028
163.132
165.463
167.362
167.41
167.057
165.027
162.693
158.751
154.26
148.946
142.425
135
127.393
118.377
108.908
97.719
87.4643
13.9284
26.2488
39.2938
52.6118
64.195
77
88.278
99.1413
108.908
118.596
127.769
135.506
142.688
149.616
154.674
159.806
163.132
166.012
167.057
167.72
166.769
165.387
162.505
158.978
154.548
149
142.425
135.636
127.346
118.596
108.079
98.387
12.3693
25.4951
39.1152
51
64.195
75.9539
87.3212
97.719
108.079
118.072
126.57
134.618
142.524
148.492
154.674
159.028
162.929
165.027
166.769
166.979
166.628
164.906
162.444
159
154.548
148.946
143.098
135.665
127.769
118.072
109.078
13.1529
27
39.1152
52.6118
64.7611
76.5376
87.4643
98.387
109.078
118.224
127.016
135.765
142.524
149.616
154.871
159.665
162.693
165.387
166.628
167.194
166.508
165
162.444
158.978
154.26
149.265
142.618
135.506
126.57
118.224
14.1421
26.4764
40.2616
52.811
65
76.4788
87.983
99.4032
109.225
118.794
128.425
136.015
144.062
150.266
156
160.012
163.713
166.048
167.586
168
167.505
165.895
163.478
159.703
155.618
149.817
143.544
135.429
127.781
12.3693
26.2488
39
51.4296
63.2851
75.213
87.2067
97.5807
107.815
118.224
126.57
135.506
142.618
149.265
154.26
158.978
162.444
165
166.589
167.194
166.628
165.387
162.693
159.665
154.871
149.616
142.524
135.765
13.9284
26.8328
39.4462
51.614
63.8905
76.3675
87.2067
98.0051
109.078
118.072
127.769
135.665
143.098
148.946
154.548
159
162.444
165.061
166.628
166.979
166.769
165.027
162.929
159.028
154.674
148.492
142.524
13.0384
25.807
38.2884
50.9117
63.8905
75.213
86.6083
98.387
108.079
118.596
127.346
135.636
142.425
149
154.548
158.978
162.742
165.387
166.769
167.72
167.057
166.012
163.132
159.806
154.674
149.616
12.8062
25.4558
38.2884
51.614
63.2851
75.1332
87.4643
97.719
108.908
118.377
127.393
135
142.425
148.946
154.26
159.063
162.693
165.027
167.057
167.41
167.362
165.463
163.132
159.028
154.871
12.8062
25.807
39.4462
51.4296
63.6946
76.5376
87.3212
99.1413
109.293
119
127.393
135.636
143.098
149.265
155.077
159.665
162.929
166.012
167.362
168.291
167.362
166.012
162.929
159.665
13.0384
26.8328
39
51.5461
64.7611
75.9539
88.278
99
109.293
118.377
127.346
135.665
142.618
149.375
154.871
159.028
163.132
165.463
167.362
167.41
167.057
165.027
162.693
13.9284
26.2488
39.0512
52.6118
64.195
77
88.278
99.1413
108.908
118.596
127.769
135.506
143.21
149.616
154.674
159.806
163.132
166.012
167.057
167.72
166.769
165.387
12.3693
25.318
39.1152
51
64.195
75.9539
87.3212
97.719
108.079
118.072
126.57
135.207
142.524
148.492
154.674
159.028
162.929
165.027
166.769
166.979
166.628
13.0384
27
39.1152
52.6118
64.7611
76.5376
87.4643
98.387
109.078
118.224
127.664
135.765
142.524
149.616
154.871
159.665
162.693
165.387
166.628
167.194
14.0357
26.3059
40.025
52.4976
64.622
76.0263
87.4643
98.813
108.577
118.794
127.664
135.207
143.21
149.375
155.077
159.063
162.742
165.061
166.589
12.3693
26.2488
39
51.4296
63.2851
75.213
87.2067
97.5807
108.577
118.224
126.57
135.506
142.618
149.265
154.26
158.978
162.444
165
13.9284
26.8328
39.4462
51.614
63.8905
76.3675
87.2067
98.813
109.078
118.072
127.769
135.665
143.098
148.946
154.548
159
162.444
13.0384
25.807
38.2884
50.9117
63.8905
75.213
87.4643
98.387
108.079
118.596
127.346
135.636
142.425
149
154.548
158.978
12.8062
25.4558
38.2884
51.614
63.2851
76.0263
87.4643
97.719
108.908
118.377
127.393
135
142.425
148.946
154.26
12.8062
25.807
39.4462
51.4296
64.622
76.5376
87.3212
99.1413
109.293
119
127.393
135.636
143.098
149.265
13.0384
26.8328
39
52.4976
64.7611
75.9539
88.278
99
109.293
118.377
127.346
135.665
142.618
13.9284
26.2488
40.025
52.6118
64.195
77
88.278
99.1413
108.908
118.596
127.769
135.506
12.3693
26.3059
39.1152
51
64.195
75.9539
87.3212
97.719
108.079
118.072
126.57
14.0357
27
39.1152
52.6118
64.7611
76.5376
87.4643
98.387
109.078
118.224
13.0384
25.318
39.0512
51.5461
63.6946
75.1332
86.6083
98.0051
107.815
12.3693
26.2488
39
51.4296
63.2851
75.213
87.2067
97.5807
13.9284
26.8328
39.4462
51.614
63.8905
76.3675
87.2067
13.0384
25.807
38.2884
50.9117
63.8905
75.213
12.8062
25.4558
38.2884
51.614
63.2851
12.8062
25.807
39.4462
51.4296
13.0384
26.8328
39
13.9284
26.2488
12.3693
