40
9.05539
19.4165
28.8617
39.2173
47.927
56.356
66.0379
73.6003
82.2192
89.0955
95.7758
101.833
107.703
112.699
116.619
119.854
123.223
124.459
126.321
126
126.396
124.615
123.454
120.167
117
113.146
108.227
102.416
96.4261
89.0955
82.9759
74.4043
66.888
57.2451
48.8467
40.1622
29.8329
20.3961
10.0499
10.4403
19.9249
30.4631
39.3573
48.0208
58.0086
65.9469
74.9533
82.2192
89.4036
96.0417
102.421
108.079
112.579
116.417
120.507
122.409
125
125.324
126.436
125.399
124.92
122.385
119.854
116.619
112.414
107.168
101.823
95.0158
89.4036
81.3019
74.2428
65
56.921
48.5077
38.4708
29.1548
19
9.48683
20.1246
29.1548
38.0132
48.2701
56.5685
65.9469
73.6003
81.3019
88.5494
95.462
101.833
106.963
111.463
116.349
119
122.409
123.471
125.399
125.228
125.539
123.891
122.115
119.62
116.276
111.723
107.168
101.02
96.0417
88.5494
82.0792
73.3757
65.7343
57.7062
48.0937
39
29.1548
10.8167
20
29.0689
39.598
48.2701
58.0086
66.0379
74.2428
82.0792
89.493
96.5401
102.259
107.378
113
116.349
120.507
122.25
124.92
125.539
126.562
125.718
124.619
122.788
120.208
116.276
112.414
106.85
102.421
95.462
89.493
81.2527
73.9797
66.2722
57
48.0937
38.4708
9.21954
18.3848
29.0689
38.0132
48.0208
56.356
65
73.3757
81.2527
88.955
95.2575
101
107.378
111.463
116.417
118.903
122.385
123.891
125.718
125.801
125.495
124.451
122.788
119.62
116.619
111.803
108.079
101.833
96.5401
88.955
82.2192
75
66.2722
57.7062
48.5077
9.21954
20
29.1548
39.3573
47.927
56.921
65.7343
73.9797
82.2192
89
95.2575
102.259
106.963
112.579
115.694
119.854
122.115
124.619
125.495
125.865
125.495
124.619
122.115
119.854
115.694
112.579
106.963
102.259
95.2575
89
82.2192
73.9797
65.7343
56.921
10.8167
20.1246
30.4631
39.2173
48.5077
57.7062
66.2722
75
82.2192
88.955
96.5401
101.833
108.079
111.803
116.619
119.62
122.788
124.451
125.495
125.801
125.718
123.891
122.385
118.903
116.417
111.463
107.378
101
95.2575
88.955
81.2527
73.3757
65
9.48683
19.9249
28.8617
38.4708
48.0937
57
66.2722
73.9797
81.2527
89.493
95.462
102.421
106.85
112.414
116.276
120.208
122.788
124.619
125.718
126.562
125.539
124.92
122.25
120.507
116.349
113
107.378
102.259
96.5401
89.493
82.0792
74.2428
10.4403
19.4165
29.1548
39
48.0937
57.7062
65.7343
73.3757
82.0792
88.5494
96.0417
101.02
107.168
111.723
116.276
119.62
122.115
123.891
125.539
125.228
125.399
123.471
122.409
119
116.349
111.463
106.963
101.833
95.462
88.5494
81.3019
9.05539
19
29.1548
38.4708
48.5077
56.921
65
74.2428
81.3019
89.4036
95.0158
101.823
107.168
112.414
116.619
119.854
122.385
124.92
125.399
126.436
125.324
125
122.409
120.507
116.417
112.579
108.079
102.421
96.0417
89.4036
10.0499
20.3961
29.8329
40.1622
48.8467
57.2451
66.888
74.4043
82.9759
89.0955
96.4261
102.416
108.227
113.146
117
120.167
123.454
124.615
126.396
126
126.321
124.459
123.223
119.854
116.619
112.699
107.703
101.833
95.7758
10.4403
19.9249
30.4631
39.3573
48.0208
58.0086
65.9469
74.9533
81.5659
89.4036
96.0417
102.421
108.079
112.579
116.417
120.507
122.409
125
125.399
126.436
125.399
124.92
122.385
119.854
116.619
112.414
107.168
101.823
9.48683
20.1246
29.1548
38.0132
48.2701
56.5685
65.9469
73.0068
81.3019
88.5494
95.462
101.833
106.963
111.463
116.349
119
122.409
123.628
125.399
125.228
125.539
123.891
122.115
119.62
116.276
111.723
107.168
10.8167
20
29.0689
39.598
48.2701
58.0086
65.5134
74.2428
82.0792
89.493
96.5401
102.259
107.378
113
116.349
120.507
122.483
124.92
125.539
126.562
125.718
124.619
122.788
120.208
116.276
112.414
9.21954
18.3848
29.0689
38.0132
48.0208
55.9017
65
73.3757
81.2527
88.955
95.2575
101
107.378
111.463
116.417
119.218
122.385
123.891
125.718
125.801
125.495
124.451
122.788
119.62
116.619
9.21954
20
29.1548
39.3573
47.5395
56.921
65.7343
73.9797
82.2192
89
95.2575
102.259
106.963
112.579
116.078
119.854
122.115
124.619
125.495
125.865
125.495
124.619
122.115
119.854
10.8167
20.1246
30.4631
38.8973
48.5077
57.7062
66.2722
75
82.2192
88.955
96.5401
101.833
108.079
112.254
116.619
119.62
122.788
124.451
125.495
125.801
125.718
123.891
122.385
9.48683
19.9249
28.6356
38.4708
48.0937
57
66.2722
73.9797
81.2527
89.493
95.462
102.421
107.378
112.414
116.276
120.208
122.788
124.619
125.718
126.562
125.539
124.92
10.4403
19.2354
29.1548
39
48.0937
57.7062
65.7343
73.3757
82.0792
88.5494
96.0417
101.607
107.168
111.723
116.276
119.62
122.115
123.891
125.539
125.228
125.399
9
19
29.1548
38.4708
48.5077
56.921
65
74.2428
81.3019
89.4036
95.6713
101.823
107.168
112.414
116.619
119.854
122.385
124.92
125.399
126.436
10
20.2237
29.6142
39.8497
48.4665
56.7979
66.3702
73.8173
82.3286
89.0955
95.6713
101.607
107.378
112.254
116.078
119.218
122.483
123.628
125.399
10.4403
19.9249
30.4631
39.3573
48.0208
58.0086
65.9469
74.9533
82.3286
89.4036
96.0417
102.421
108.079
112.579
116.417
120.507
122.409
125
9.48683
20.1246
29.1548
38.0132
48.2701
56.5685
65.9469
73.8173
81.3019
88.5494
95.462
101.833
106.963
111.463
116.349
119
122.409
10.8167
20
29.0689
39.598
48.2701
58.0086
66.3702
74.2428
82.0792
89.493
96.5401
102.259
107.378
113
116.349
120.507
9.21954
18.3848
29.0689
38.0132
48.0208
56.7979
65
73.3757
81.2527
88.955
95.2575
101
107.378
111.463
116.417
9.21954
20
29.1548
39.3573
48.4665
56.921
65.7343
73.9797
82.2192
89
95.2575
102.259
106.963
112.579
10.8167
20.1246
30.4631
39.8497
48.5077
57.7062
66.2722
75
82.2192
88.955
96.5401
101.833
108.079
9.48683
19.9249
29.6142
38.4708
48.0937
57
66.2722
73.9797
81.2527
89.493
95.462
102.421
10.4403
20.2237
29.1548
39
48.0937
57.7062
65.7343
73.3757
82.0792
88.5494
96.0417
10
19
29.1548
38.4708
48.5077
56.921
65
74.2428
81.3019
89.4036
9
19.2354
28.6356
38.8973
47.5395
55.9017
65.5134
73.0068
81.5659
10.4403
19.9249
30.4631
39.3573
48.0208
58.0086
65.9469
74.9533
9.48683
20.1246
29.1548
38.0132
48.2701
56.5685
65.9469
10.8167
20
29.0689
39.598
48.2701
58.0086
9.21954
18.3848
29.0689
38.0132
48.0208
9.21954
20
29.1548
39.3573
10.8167
20.1246
30.4631
9.48683
19.9249
10.4403
