40
128.472
256.301
382.732
505.974
627.154
744.641
856.507
963.499
1064.59
1159.66
1246.27
1325.96
1397.77
1460.2
1514.08
1559.05
1594.02
1618.89
1634.02
1640
1634.02
1618.89
1594.02
1559.05
1514.08
1460.2
1397.77
1325.96
1246.27
1160.36
1064.59
963.499
856.507
744.641
627.154
505.974
382.732
256.301
128.472
128.55
256.47
382.001
506.262
627.542
743.89
856.117
963.079
1064.59
1158.33
1245.65
1325.58
1396.54
1459.43
1513.73
1558.22
1592.91
1618
1634.02
1638.13
1633.07
1618.18
1593.01
1557.69
1513.2
1459.77
1396.6
1325.12
1246.92
1158.33
1063.85
962.877
856.309
743.471
626.256
506.203
382.179
256
128.693
255.812
382.46
506.857
627.039
743.876
856.117
963.499
1063.85
1158.32
1245.93
1325.03
1396.58
1459.91
1513.68
1558
1592.91
1618.89
1633.07
1638.11
1633.31
1618.06
1592.6
1557.77
1513.63
1459.47
1396.6
1326.55
1245.65
1158.32
1063.93
963.255
855.701
743.11
626.918
506
382.179
127.945
256.223
382.991
506.288
627.039
743.89
856.507
962.877
1063.93
1158.69
1245.47
1325.27
1397.26
1460
1513.68
1558.22
1594.02
1618.18
1633.31
1638.64
1633.42
1617.99
1593.03
1558.46
1513.63
1459.77
1398.29
1325.58
1245.93
1158.69
1064.53
962.913
855.627
744
626.918
506.203
129.074
257.387
382.991
506.857
627.542
744.641
856.309
963.255
1064.53
1158.39
1245.86
1326
1397.26
1459.91
1513.73
1559.05
1593.01
1618.06
1633.42
1638.21
1632.84
1617.86
1593.03
1557.77
1513.2
1460.65
1396.54
1325.03
1245.47
1158.39
1063.32
962
855.627
743.11
626.256
129.074
256.223
382.46
506.262
627.154
743.471
855.701
962.913
1063.32
1158
1245.86
1325.27
1396.58
1459.43
1514.08
1557.69
1592.6
1617.99
1632.84
1637.66
1632.84
1617.99
1592.6
1557.69
1514.46
1459.43
1396.58
1325.27
1245.86
1158
1063.32
962.913
855.701
743.471
127.945
255.812
382.001
505.974
626.256
743.11
855.627
962
1063.32
1158.39
1245.47
1325.03
1396.54
1460.2
1513.2
1557.77
1593.03
1617.86
1632.84
1638.21
1633.42
1618.06
1593.01
1559.36
1513.73
1459.91
1397.26
1326
1245.86
1158.39
1064.53
963.255
856.309
128.693
256.47
382.732
506.203
626.918
744
855.627
962.913
1064.53
1158.69
1245.93
1325.58
1397.77
1459.77
1513.63
1558.46
1593.03
1617.99
1633.42
1638.64
1633.31
1618.18
1594.25
1558.22
1513.68
1460
1397.26
1325.27
1245.47
1158.69
1063.93
962.877
128.55
256.301
382.179
506
626.918
743.11
855.701
963.255
1063.93
1158.32
1245.65
1325.96
1396.6
1459.47
1513.63
1557.77
1592.6
1618.06
1633.31
1638.11
1633.07
1619.05
1592.91
1558
1513.68
1459.91
1396.58
1325.03
1245.93
1158.32
1063.85
128.472
256
382.179
506.203
626.256
743.471
856.309
962.877
1063.85
1158.33
1246.27
1325.12
1396.6
1459.77
1513.2
1557.69
1593.01
1618.18
1633.07
1638.13
1634.1
1618
1592.91
1558.22
1513.73
1459.43
1396.54
1325.58
1245.65
1158.33
128.472
256.301
382.732
505.974
627.154
744.641
856.507
963.499
1064.59
1159.66
1246.27
1325.96
1397.77
1460.2
1514.08
1559.05
1594.02
1618.89
1634.02
1640
1634.02
1618.89
1594.02
1559.05
1514.08
1460.2
1397.77
1325.96
1246.27
128.55
256.47
382.001
506.262
627.542
743.89
856.117
963.079
1064.59
1158.33
1245.65
1325.58
1396.54
1459.43
1513.73
1558.22
1592.91
1618
1633.94
1638.13
1633.07
1618.18
1593.01
1557.69
1513.2
1459.77
1396.6
1325.12
128.693
255.812
382.46
506.857
627.039
743.876
856.117
963.499
1063.85
1158.32
1245.93
1325.03
1396.58
1459.91
1513.68
1558
1592.91
1618.74
1633.07
1638.11
1633.31
1618.06
1592.6
1557.77
1513.63
1459.47
1396.6
127.945
256.223
382.991
506.288
627.039
743.89
856.507
962.877
1063.93
1158.69
1245.47
1325.27
1397.26
1460
1513.68
1558.22
1593.78
1618.18
1633.31
1638.64
1633.42
1617.99
1593.03
1558.46
1513.63
1459.77
129.074
257.387
382.991
506.857
627.542
744.641
856.309
963.255
1064.53
1158.39
1245.86
1326
1397.26
1459.91
1513.73
1558.75
1593.01
1618.06
1633.42
1638.21
1632.84
1617.86
1593.03
1557.77
1513.2
129.074
256.223
382.46
506.262
627.154
743.471
855.701
962.913
1063.32
1158
1245.86
1325.27
1396.58
1459.43
1513.7
1557.69
1592.6
1617.99
1632.84
1637.66
1632.84
1617.99
1592.6
1557.69
127.945
255.812
382.001
505.974
626.256
743.11
855.627
962
1063.32
1158.39
1245.47
1325.03
1396.54
1459.74
1513.2
1557.77
1593.03
1617.86
1632.84
1638.21
1633.42
1618.06
1593.01
128.693
256.47
382.732
506.203
626.918
744
855.627
962.913
1064.53
1158.69
1245.93
1325.58
1397.25
1459.77
1513.63
1558.46
1593.03
1617.99
1633.42
1638.64
1633.31
1618.18
128.55
256.301
382.179
506
626.918
743.11
855.701
963.255
1063.93
1158.32
1245.65
1325.37
1396.6
1459.47
1513.63
1557.77
1592.6
1618.06
1633.31
1638.11
1633.07
128.472
256
382.179
506.203
626.256
743.471
856.309
962.877
1063.85
1158.33
1245.62
1325.12
1396.6
1459.77
1513.2
1557.69
1593.01
1618.18
1633.07
1638.13
128.472
256.301
382.732
505.974
627.154
744.641
856.507
963.499
1064.59
1158.95
1246.27
1325.96
1397.77
1460.2
1514.08
1559.05
1594.02
1618.89
1634.02
128.55
256.47
382.001
506.262
627.542
743.89
856.117
963.079
1063.83
1158.33
1245.65
1325.58
1396.54
1459.43
1513.73
1558.22
1592.91
1618
128.693
255.812
382.46
506.857
627.039
743.876
856.117
962.691
1063.85
1158.32
1245.93
1325.03
1396.58
1459.91
1513.68
1558
1592.91
127.945
256.223
382.991
506.288
627.039
743.89
855.655
962.877
1063.93
1158.69
1245.47
1325.27
1397.26
1460
1513.68
1558.22
129.074
257.387
382.991
506.857
627.542
743.751
856.309
963.255
1064.53
1158.39
1245.86
1326
1397.26
1459.91
1513.73
129.074
256.223
382.46
506.262
626.231
743.471
855.701
962.913
1063.32
1158
1245.86
1325.27
1396.58
1459.43
127.945
255.812
382.001
505.024
626.256
743.11
855.627
962
1063.32
1158.39
1245.47
1325.03
1396.54
128.693
256.47
381.76
506.203
626.918
744
855.627
962.913
1064.53
1158.69
1245.93
1325.58
128.55
255.314
382.179
506
626.918
743.11
855.701
963.255
1063.93
1158.32
1245.65
127.475
256
382.179
506.203
626.256
743.471
856.309
962.877
1063.85
1158.33
129.468
257.288
383.704
506.925
628.077
745.531
857.359
964.308
1065.35
128.55
256.47
382.001
506.262
627.542
743.89
856.117
963.079
128.693
255.812
382.46
506.857
627.039
743.876
856.117
127.945
256.223
382.991
506.288
627.039
743.89
129.074
257.387
382.991
506.857
627.542
129.074
256.223
382.46
506.262
127.945
255.812
382.001
128.693
256.47
128.55
