90
27.0185
55.1453
82.4924
110.168
137.117
164.76
190.877
217.72
244.131
270.49
296.933
322.273
347.495
371.765
395.181
419.23
442.937
465.244
487.911
508.827
529.598
550.195
569.32
588.467
606.256
624.115
640.888
656.22
670.661
685.42
698.765
711.101
722.521
733.502
743.718
752.649
760.291
767.626
773.932
779.775
783.618
787.282
789.917
791.461
792.001
791.495
789.987
787.387
783.758
779.949
774.14
767.626
760.291
752.649
743.718
733.502
722.521
711.101
698.765
684.553
670.661
656.22
640.888
624.115
606.256
588.467
569.32
550.195
529.598
508.827
487.911
465.244
442.937
419.23
395.181
371.765
347.495
322.273
296.933
270.49
244.131
217.72
190.877
165.738
138.101
111.158
83.4865
56.1427
28.0179
28.1603
55.5788
83.3607
110.422
138.246
164.56
191.635
218.289
244.935
271.708
297.405
323
347.674
371.529
396.066
420.249
443.091
466.314
487.825
509.188
530.422
550.186
570.022
588.507
607.067
624.6
640.663
655.902
671.472
685.607
698.762
711.034
722.873
733.984
743.808
752.346
760.592
767.784
774.566
779.326
783.932
787.498
790
791.495
791.912
791.365
789.699
787.016
784.129
779.267
773.615
767.2
760.464
752.439
743.132
733.023
722.471
710.972
697.585
684.506
670.884
656.303
640.314
623.179
606.11
587.678
569.217
549.287
529.136
508.843
486.763
465.022
441.823
418.294
395.349
371.517
346.702
321.753
295.677
269.641
243.508
216.933
192.034
164.615
137.819
110.291
83.0542
55
27.4591
55.3173
82.4621
110.44
136.927
164.21
191.084
217.995
245.08
271.118
297.069
322.134
346.417
371.431
396.081
419.453
443.227
465.33
487.283
509.157
529.562
550.091
569.278
588.545
606.849
623.654
639.707
656.101
671.042
685.036
698.181
710.898
722.929
733.671
743.132
752.317
760.424
768.177
773.886
779.468
784
787.498
789.987
791.365
791.819
791.129
789.436
787.513
783.644
778.897
773.45
767.667
760.596
752.247
743.059
733.426
722.813
710.303
698.087
685.335
671.555
656.403
640.045
623.747
606.083
588.337
569.127
549.647
530.028
508.587
487.463
464.824
441.865
419.44
396.093
371.732
347.223
321.562
295.894
270.083
243.822
219.203
192.044
165.436
138.091
111
83.0542
27.8927
55.0818
83.1685
109.786
137.233
164.283
191.416
218.765
245.098
271.36
296.769
321.436
346.879
371.949
395.804
420.081
442.73
465.228
487.694
508.694
529.87
549.714
569.643
588.673
606.177
623
640.176
655.881
670.671
684.65
698.205
711.115
722.737
733.085
743.172
752.16
760.848
767.475
774
779.468
783.932
787.387
789.699
791.129
791.392
790.666
789.687
786.791
782.934
778.438
773.592
767.461
760.059
751.783
743.059
733.324
721.687
710.33
698.445
685.466
671.152
655.574
640.052
623.161
606.139
587.657
568.86
549.927
529.14
508.647
486.585
464.217
442.33
419.49
395.607
371.562
346.341
321.069
295.61
269.691
245.381
218.515
192.128
165
138.091
110.291
27.2029
55.3624
82.0792
109.659
136.854
164.177
191.76
218.36
244.904
270.633
295.657
321.504
346.97
371.286
396.043
419.218
442.241
465.279
486.859
508.665
529.151
549.728
569.472
587.663
605.248
623.196
639.658
655.239
670.046
684.436
698.222
710.724
721.959
732.951
742.822
752.449
760
767.475
773.886
779.326
783.758
787.016
789.436
790.666
790.924
790.904
789.001
786.052
782.527
778.64
773.471
767.041
759.701
751.911
743.081
732.346
721.876
710.887
698.737
685.292
670.526
655.811
639.728
623.462
605.743
587.663
569.451
549.353
529.528
508.08
486.338
465.027
442.73
419.363
395.818
371.077
346.238
321.168
295.63
271.665
245.131
219
192.128
165.436
137.819
28.2312
55.0364
82.7345
110.059
137.557
165.36
192.211
219.021
245.051
270.416
296.65
322.49
347.248
372.465
396.146
419.672
443.262
465.399
487.811
508.917
530.118
550.551
569.407
587.729
606.423
623.617
639.964
655.574
670.773
685.409
698.765
710.862
722.732
733.461
744
752.449
760.848
768.177
774.566
779.949
784.129
787.513
789.687
790.904
791.819
790.884
788.823
786.247
783.296
779.067
773.586
767.162
760.285
752.342
742.489
732.888
722.775
711.439
698.845
684.877
670.955
655.665
640.141
623.173
605.799
588.294
568.877
549.709
528.868
507.745
487.001
465.242
442.386
419.338
395.072
370.666
345.984
320.825
297.204
271
245.131
218.515
192.044
164.615
26.8328
54.5894
81.9878
109.604
137.568
164.615
191.638
217.92
243.578
270.148
296.319
321.475
347.109
371.259
395.252
419.357
442.019
465.009
486.707
508.506
529.605
549.106
568.148
587.573
605.486
622.589
638.995
654.997
670.481
684.691
697.653
710.406
722
733.461
742.822
752.16
760.424
767.784
774.14
779.267
783.644
786.791
789.001
790.884
790.957
789.82
788.236
786.263
783.02
778.538
773.078
767.167
760.161
751.248
742.571
733.393
722.928
711.248
698.14
685.073
670.642
655.927
639.778
623.177
606.45
587.784
569.344
549.181
528.751
508.646
487.497
465.225
442.747
419.033
395.133
370.912
346.208
323
297.204
271.665
245.381
219.203
192.034
27.7849
55.2268
82.9277
111.018
138.224
165.424
191.919
217.83
244.696
271.155
296.665
322.672
347.242
371.656
396.227
419.367
442.883
465.124
487.469
509.181
529.276
548.985
569.085
587.664
605.469
622.615
639.366
655.641
670.649
684.421
698
710.406
722.732
732.951
743.172
752.317
760.592
767.868
773.89
779.206
783.275
786.426
789.229
790.259
790.003
789.362
788.321
786.018
782.489
777.952
772.964
766.857
758.845
751.055
742.774
733.147
722.348
710.07
697.829
684.229
670.295
654.941
639.091
623.119
605.186
587.456
567.958
548.206
528.728
508.178
486.483
464.57
441.403
418.007
394.249
370
347.207
321.823
296.624
270.681
244.806
217.911
27.4591
55.2178
83.4086
110.752
138.105
164.794
190.94
218.083
244.812
270.662
297.027
322.008
346.831
371.86
395.471
419.506
442.285
465.173
487.497
508.186
528.564
549.343
568.592
587.106
605.001
622.509
639.585
655.404
670
684.421
697.653
710.862
721.959
733.085
743.132
752.346
760.566
767.508
773.792
778.812
782.934
786.685
788.706
789.362
789.699
789.624
788.298
785.759
782.183
778.155
772.984
765.914
759.052
751.708
742.96
733.083
721.679
710.305
697.579
684.471
669.955
654.899
639.726
622.57
605.595
586.805
567.776
548.967
529.06
507.986
486.68
464.105
441.255
418
394.249
371.91
346.978
322.158
296.594
271.061
244.477
27.8029
56.0803
83.5464
111.036
137.902
164.268
191.672
218.653
244.826
271.531
296.906
322.121
347.589
371.652
396.188
419.488
442.9
465.816
487.082
508.112
529.551
549.452
568.655
587.282
605.529
623.388
640
655.404
670.649
684.691
698.765
710.724
722.737
733.671
743.808
752.958
760.805
768.042
773.999
779.079
783.765
786.764
788.321
789.624
790.504
790.142
788.584
785.959
782.882
778.64
772.506
766.562
760.148
752.272
743.312
732.777
722.267
710.412
698.125
684.446
670.183
655.806
639.428
623.205
605.126
586.822
568.684
549.422
528.973
508.276
486.297
464
441.255
418.007
396.128
371.656
347.223
322.047
296.864
270.601
28.3196
55.8659
83.4506
110.454
137
164.624
191.818
218.277
245.284
271.017
296.589
322.461
346.944
371.949
395.739
419.644
443.125
464.941
486.597
508.67
529.199
549.072
568.409
587.376
606
623.388
639.585
655.641
670.481
685.409
698.222
711.115
722.929
733.984
744.06
752.813
761.003
767.899
773.941
779.567
783.551
786.018
788.298
790.142
790.759
790.196
788.539
786.43
783.135
777.956
772.953
767.491
760.51
752.493
742.855
733.235
722.281
710.845
698.035
684.598
671.05
655.485
640.052
622.721
605.178
587.748
569.171
549.386
529.341
508
486.297
464.105
441.403
420.024
396.057
372.055
347.311
322.523
296.628
27.5862
55.2268
82.3286
109.018
136.825
164.195
190.906
218.179
244.238
270.135
296.38
321.254
346.699
370.951
395.324
419.345
441.688
463.949
486.634
507.774
528.297
548.329
568
587.376
605.529
622.509
639.366
654.997
670.773
684.436
698.205
710.898
722.873
733.877
743.539
752.687
760.529
767.542
774.117
779.098
782.489
785.759
788.584
790.196
790.648
789.978
788.859
786.533
782.336
778.299
773.814
767.756
760.711
752.001
743.303
733.283
722.732
710.826
698.249
685.567
670.854
656.247
639.704
622.965
606.282
588.43
569.351
550
529.341
508.276
486.68
464.57
443.732
420.315
396.788
372.522
348.174
322.692
27.6586
54.8179
81.6088
109.554
137.058
163.976
191.471
217.81
243.988
270.559
295.779
321.616
346.286
371.08
395.592
418.417
441.237
464.487
486.19
507.319
528
548.329
568.409
587.282
605.001
622.615
638.995
655.574
670.046
684.65
698.181
711.034
722.928
733.461
743.529
752.283
760.232
767.721
773.667
777.952
782.183
785.959
788.539
789.978
790.271
790.117
788.739
785.504
782.413
778.887
773.737
767.648
759.854
752.067
742.97
733.295
722.287
710.567
698.745
684.882
671.101
655.349
639.415
623.485
606.364
588
569.351
549.386
528.973
507.986
486.483
466.203
443.355
420.324
396.558
372.671
347.628
27.2029
54.0833
82.1523
109.772
136.883
164.584
191.191
217.635
244.518
270.07
296.287
321.361
346.562
371.553
394.849
418.216
442.019
464.276
486
507.319
528.297
549.072
568.655
587.106
605.469
622.589
639.964
655.239
670.671
685.036
698.762
711.541
722.941
733.927
743.589
752.471
760.874
767.784
772.964
778.155
782.882
786.43
788.859
790.117
790.931
790.504
788.236
786.095
783.532
779.295
774.169
767.297
760.428
752.262
743.471
733.368
722.514
711.562
698.559
685.614
670.663
655.546
640.378
624
606.364
588.43
569.171
549.422
529.06
508.178
488.467
466.203
443.681
420.43
397.02
372.43
26.9258
55.0727
82.7647
110.023
137.884
164.712
191.377
218.525
244.364
270.913
296.346
321.908
347.333
371.055
394.924
419.234
442
464.276
486.19
507.774
529.199
549.452
568.592
587.664
605.486
623.617
639.658
655.881
671.042
685.607
699.235
711.472
723.343
733.884
743.67
752.958
760.805
766.857
772.984
778.64
783.135
786.533
788.739
790.504
791.012
789.699
788.495
786.884
783.551
779.38
773.427
767.47
760.233
752.325
743.129
733.143
723.063
710.927
698.823
684.685
670.395
656
640.378
623.485
606.282
587.748
568.684
548.967
528.728
509.608
487.952
465.967
443.257
420.353
396.247
28.178
55.9017
83.2586
111.234
138.235
165.076
192.442
218.525
245.359
271.105
296.985
322.796
346.902
371.228
396
419.234
442.019
464.487
486.634
508.67
529.551
549.343
569.085
587.573
606.423
623.196
640.176
656.101
671.472
685.919
698.963
711.691
723.084
733.749
743.898
752.66
759.564
766.609
773.175
778.599
782.951
786.092
788.795
790.228
789.861
789.589
788.921
786.489
783.27
778.235
773.191
766.885
759.864
751.581
742.47
733.27
722.011
710.761
697.448
684
670.395
655.546
639.415
622.965
605.178
586.822
567.776
548.206
529.703
508.685
487.266
465.13
442.764
419.177
27.7308
55.1543
83.2166
110.368
137.361
164.924
191.23
218.332
244.377
270.559
296.744
321.224
346
371.228
394.924
418.216
441.237
463.949
486.597
508.112
528.564
548.985
568.148
587.729
605.248
623
639.707
655.902
671.191
685.064
698.674
710.946
722.519
733.557
743.266
751.055
759.052
766.562
772.953
778.299
782.413
786.095
788.495
789.119
789.82
790.142
788.655
786.436
782.368
778.286
772.961
766.877
759.558
751.373
743.105
732.777
722.433
710
697.448
684.685
670.663
655.349
639.704
622.721
605.126
586.805
567.958
550.121
529.794
508.993
487.483
465.706
442.688
27.5136
55.6597
82.9699
110.114
137.873
164.402
191.771
218.112
244.591
271.149
296
321.224
346.902
371.055
394.849
418.417
441.688
464.941
487.082
508.186
529.276
549.106
569.407
587.663
606.177
623.654
640.663
656.78
671.472
685.951
699.089
711.557
723.47
734.113
742.774
751.708
760.148
767.491
773.814
778.887
783.532
786.884
788.483
790.142
791.437
790.879
789.644
786.527
783.39
779.03
773.866
767.495
760.221
752.868
743.455
734
722.433
710.761
698.823
685.614
671.101
656.247
640.052
623.205
605.595
587.456
570.272
550.622
530.427
509.53
488.329
465.869
28.1603
55.5428
82.7647
110.644
137.321
164.879
191.442
218.147
245
270.15
295.747
321.801
346.342
370.568
394.614
418.374
442.164
464.866
486.557
508.254
528.691
549.652
568.589
587.807
606.001
623.771
640.666
656.129
671.431
685.392
698.713
711.463
723.003
732.504
742.344
751.683
759.951
767.227
773.237
778.825
783.112
785.675
788.28
790.537
790.904
790.648
788.483
786.293
782.903
778.667
773.254
766.904
760.479
752
743.455
732.777
722.011
710.927
698.559
684.882
670.854
655.485
639.428
622.57
605.186
588.698
569.775
550.236
530.006
509.435
487.591
27.4591
54.7449
82.7345
109.554
137.295
164.076
191
218.147
243.594
269.564
295.995
320.924
345.584
370.109
394.363
418.693
441.96
464.247
486.556
507.607
529.235
548.862
568.795
587.716
606.258
623.944
640.191
656.33
671.128
685.318
698.92
711.373
721.732
732.495
742.752
751.963
760.212
767.18
773.731
778.974
782.522
786.095
789.335
790.648
791.394
790.206
788.985
786.589
783.304
778.874
773.471
768
760.479
752.868
743.105
733.27
723.063
711.562
698.745
685.567
671.05
655.806
639.726
623.119
607.348
589.177
570.317
550.775
530.857
509.651
27.2947
55.3263
82.2192
110.073
137
164.076
191.442
217.117
243.387
270.12
295.368
320.39
345.324
370
394.799
418.561
441.372
464.225
485.824
508.051
528.303
548.884
568.468
587.718
606.132
623.104
640.02
655.598
670.6
685
698.314
709.482
721.119
732.247
742.354
751.532
759.416
766.891
773.052
777.551
782.059
786.252
788.483
790.206
789.97
789.699
788.277
785.927
782.466
778
773.471
766.904
760.221
751.373
742.47
733.143
722.514
710.567
698.249
684.598
670.183
654.899
639.091
624.059
606.664
588.511
569.689
550.455
529.923
28.0713
55.0364
83
110.073
137.295
164.879
190.78
217.348
244.381
269.943
295.325
320.665
345.759
371.022
395.275
418.607
442
464.142
486.963
507.836
529.06
549.302
569.256
588.392
606.083
623.771
640.125
655.934
671.126
685.295
697.269
709.775
721.766
732.765
742.865
751.661
760.053
767.128
772.573
778.01
783.148
786.293
788.985
789.699
790.37
789.917
788.497
786
782.466
778.874
773.254
767.495
759.558
751.581
743.129
733.368
722.287
710.826
698.035
684.446
669.955
654.941
640.644
624.021
606.572
588.466
569.914
550.052
27
55.0364
82.2192
109.554
137.321
163.417
190.252
217.555
243.403
269.119
294.839
320.326
346.03
370.753
394.588
418.502
441.171
464.57
486.05
507.906
528.796
549.443
569.295
587.701
606.157
623.285
639.902
655.886
670.914
683.699
697.08
709.942
721.843
732.877
742.597
751.921
759.924
766.335
772.72
778.823
782.903
786.589
788.277
789.917
790.461
790
788.497
785.927
783.304
778.667
773.866
766.877
759.864
752.325
743.471
733.295
722.732
710.845
698.125
684.471
670.295
656.775
640.97
624.271
606.927
589.103
569.959
28.0713
55.3263
82.7345
110.644
136.894
163.954
191.481
217.573
243.578
269.631
295.466
321.562
346.706
370.995
395.38
418.527
442.452
464.491
486.927
508.413
529.703
550.218
569.289
588.46
606.311
623.683
640.41
656.245
669.795
684.001
697.685
710.438
722.357
732.954
743.162
752.049
759.38
766.669
773.692
778.667
783.304
785.927
788.497
790
790.461
789.917
788.277
786.589
782.903
779.03
772.961
766.885
760.233
752.262
742.97
733.283
722.281
710.412
697.579
684.229
671.472
656.473
640.516
623.927
606.825
588.396
27.2947
54.7449
82.7647
109.142
136.4
164.125
190.436
216.707
243.074
269.236
295.706
321.255
345.984
370.827
394.443
418.884
441.475
464.485
486.563
508.493
529.672
549.409
569.299
587.878
606.014
623.491
640.145
654.472
669.517
684.039
697.66
710.484
721.979
733.093
742.888
751.166
759.385
767.357
773.254
778.874
782.466
786
788.497
789.917
790.37
789.699
788.985
786.293
783.39
778.286
773.191
767.47
760.428
752.067
743.303
733.235
722.267
710.305
697.829
685.882
671.742
656.577
640.794
624.465
606.803
27.4591
55.5428
82.0061
109.417
137.295
163.783
190.276
216.91
243.354
270.15
296.057
321.179
346.433
370.47
395.38
418.475
442.01
464.634
487.155
508.949
529.306
549.867
569.129
587.981
606.163
623.59
638.652
654.492
669.807
684.255
697.941
710.291
722.272
732.935
742.122
751.234
760.116
766.904
773.471
778
782.466
785.927
788.277
789.699
789.97
790.206
788.483
786.527
782.368
778.235
773.427
767.297
759.854
752.001
742.855
732.777
721.679
710.07
698.928
685.643
671.269
656.293
640.739
623.847
28.1603
54.7083
82.28
110.309
136.971
163.686
190.589
217.313
244.436
270.703
296.22
321.885
346.344
371.722
395.324
419.386
442.557
465.672
488.083
509.063
530.298
550.245
569.818
588.707
606.911
622.712
639.351
655.463
670.741
685.292
698.504
711.354
722.889
732.992
743.001
752.798
760.479
768
773.471
778.874
783.304
786.589
788.985
790.206
791.394
790.648
789.644
786.436
783.27
779.38
774.169
767.648
760.711
752.493
743.312
733.083
722.348
712.015
699.588
686.012
671.847
657.072
640.956
26.5707
54.231
82.3468
109.124
136
163.11
190.058
217.449
244.018
269.876
295.9
320.732
346.528
370.591
395.135
418.81
442.476
465.465
487.032
508.906
529.506
549.768
569.337
588.292
604.812
622.229
639.119
655.21
670.613
684.676
698.387
710.788
721.803
732.708
743.42
752
760.479
766.904
773.254
778.667
782.903
786.293
788.483
790.648
790.904
790.879
788.655
786.489
783.551
779.295
773.737
767.756
760.51
752.272
742.96
733.147
723.671
712.158
699.432
686.135
672.197
656.917
27.7308
55.9017
82.7647
109.772
137.058
164.195
191.818
218.653
244.812
271.155
296.319
322.49
346.97
371.949
396.081
420.249
443.766
465.869
488.329
509.53
530.427
550.622
570.272
587.456
605.595
623.205
640.052
656.247
671.101
685.614
698.823
710.691
722.433
734
743.42
752.798
760.116
767.357
773.692
778.823
783.148
786.252
789.335
790.537
791.437
790.142
788.921
786.884
783.532
778.887
773.814
767.491
760.148
751.708
742.774
734.113
723.47
711.557
699.089
685.951
671.472
28.178
55.0727
82.1523
109.554
136.825
164.624
191.672
218.083
244.696
270.148
296.65
321.504
346.879
371.431
396.066
420.077
442.688
465.706
487.483
508.993
529.794
550.121
567.958
586.805
605.126
622.721
639.704
655.349
670.663
684.685
697.413
710
722.433
732.708
743.001
751.234
759.385
766.669
772.72
778.01
782.059
786.095
788.28
790.142
789.82
789.589
788.495
786.095
782.413
778.299
772.953
766.562
759.052
751.055
743.266
733.557
722.519
710.946
698.674
685.064
26.9258
54.0833
81.6088
109.018
137
164.268
190.94
217.83
243.578
270.416
295.657
321.436
346.417
371.529
396.047
419.177
442.764
465.13
487.266
508.685
529.703
548.206
567.776
586.822
605.178
622.965
639.415
655.546
670.395
684.001
697.448
710.761
721.907
733.13
742.295
751.373
759.622
766.609
772.882
777.893
782.895
786.081
788.921
789.589
790.362
790.228
788.795
786.092
782.951
778.599
773.175
766.609
759.564
752.66
743.898
733.749
723.084
711.691
698.963
27.2029
54.8179
82.3286
110.454
137.902
164.794
191.919
217.92
245.051
270.633
296.769
322.134
347.674
372.647
396.247
420.353
443.257
465.967
487.952
509.608
528.728
548.967
568.684
587.748
606.282
623.485
640.378
656
670.43
684.685
698.823
710.788
722.889
732.935
742.888
752.049
759.924
767.128
773.052
778.974
783.112
786.884
788.495
790.228
791.012
790.504
788.739
786.533
783.135
778.64
772.984
766.857
760.805
752.958
743.67
733.884
723.343
711.472
27.6586
55.2268
83.4506
111.036
138.105
165.424
191.638
219.021
244.904
271.36
297.069
323
348.393
372.43
397.02
420.43
443.681
466.203
488.467
508.178
529.06
549.422
569.171
588.43
606.364
624
640.378
655.616
670.663
685.614
698.387
711.354
722.272
733.093
743.162
751.921
760.053
766.891
773.731
778.825
783.532
786.095
788.795
790.504
790.931
790.117
788.859
786.43
782.882
778.155
772.964
767.784
760.874
752.471
743.589
733.927
722.941
27.5862
55.8659
83.5464
110.752
138.224
164.615
192.211
218.36
245.098
271.118
297.405
323.186
347.628
372.671
396.558
420.324
443.355
466.203
486.483
507.986
528.973
549.386
569.351
588
606.364
623.485
639.519
655.349
671.101
684.676
698.504
710.291
721.979
732.954
742.597
751.661
759.416
767.18
773.237
778.887
782.413
786.092
788.739
790.117
790.271
789.978
788.539
785.959
782.183
777.952
773.667
767.721
760.232
752.283
743.529
733.461
28.3196
56.0803
83.4086
111.018
137.568
165.36
191.76
218.765
245.08
271.708
297.859
322.692
348.174
372.522
396.788
420.315
443.732
464.57
486.68
508.276
529.341
550
569.351
588.43
606.282
623.104
639.704
656.247
670.613
685.292
697.941
710.484
722.357
732.877
742.865
751.532
760.212
767.227
773.814
778.299
782.951
786.533
788.859
789.978
790.648
790.196
788.584
785.759
782.489
779.098
774.117
767.542
760.529
752.687
743.539
27.8029
55.2178
82.9277
109.604
137.557
164.177
191.416
217.995
244.935
271.43
296.628
322.523
347.311
372.055
396.057
420.024
441.403
464.105
486.297
508
529.341
549.386
569.171
587.748
605.353
622.721
640.052
655.21
670.741
684.255
697.66
710.438
721.843
732.765
742.354
751.963
759.951
767.491
772.953
778.599
783.135
786.43
788.539
790.196
790.759
790.142
788.298
786.018
783.551
779.567
773.941
767.899
761.003
752.813
27.4591
55.2268
81.9878
110.059
136.854
164.283
191.084
218.289
245.082
270.601
296.864
322.047
347.223
371.656
396.128
418.007
441.255
464
486.297
508.276
528.973
549.422
568.684
587.031
605.126
623.205
639.119
655.463
669.807
684.039
697.685
709.942
721.766
732.247
742.752
751.683
760.148
766.562
773.175
778.64
782.882
785.959
788.584
790.142
790.504
789.624
788.321
786.764
783.765
779.079
773.999
768.042
760.805
27.7849
54.5894
82.7345
109.659
137.233
164.21
191.635
218.68
244.477
271.061
296.594
322.158
346.978
371.91
394.249
418
441.255
464.105
486.68
507.986
529.06
548.967
568.018
586.805
605.595
622.229
639.351
654.492
669.517
684.001
697.08
709.775
721.119
732.495
742.344
751.708
759.052
766.609
772.984
778.155
782.183
785.759
788.298
789.624
789.699
789.362
788.706
786.685
782.934
778.812
773.792
767.508
26.8328
55.0364
82.0792
109.786
136.927
164.56
191.846
217.911
244.806
270.681
296.624
321.823
347.207
370
394.249
418.007
441.403
464.57
486.483
508.178
528.728
548.482
567.958
587.456
604.812
622.712
638.652
654.472
669.795
683.699
697.269
709.482
721.732
732.504
742.774
751.055
759.564
766.857
772.964
777.952
782.489
786.018
788.321
789.362
790.003
790.259
789.229
786.426
783.275
779.206
773.89
28.2312
55.3624
83.1685
110.44
138.246
165.738
192.034
219.203
245.381
271.665
297.204
323
346.208
370.912
395.133
419.033
442.747
465.225
487.497
508.646
529.06
549.181
569.344
587.378
606.012
622.707
639.278
655.397
670.084
684.485
697.525
710.606
722.259
733.393
742.571
751.991
760.161
767.167
773.078
778.538
783.02
786.263
788.236
789.82
790.957
790.884
789.001
786.791
783.644
779.267
27.2029
55.0818
82.4621
110.422
138.101
164.615
192.044
218.515
245.131
271
297.204
320.825
345.984
370.666
395.072
419.338
442.386
465.242
487.001
508.089
528.868
549.709
568.438
587.824
605.297
622.643
639.581
655.076
670.338
684.234
698.176
710.744
722.775
732.888
743.256
752.342
760.285
767.162
773.586
779.067
783.296
786.247
788.823
790.884
791.819
790.904
789.687
787.513
784.129
27.8927
55.3173
83.3607
111.158
137.819
165.436
192.128
219
245.131
271.665
295.63
321.168
346.238
371.077
395.818
419.363
442.73
465.027
486.713
508.08
529.528
548.884
568.951
587.133
605.184
622.874
639.113
655.168
669.857
684.598
698.018
710.887
721.876
733.134
743.081
751.911
759.701
767.041
773.471
778.64
782.527
786.052
789.001
790.904
790.924
790.666
789.436
787.016
27.4591
55.5788
83.4865
110.291
138.091
165
192.128
218.515
245.381
269.691
295.61
321.069
346.341
371.562
395.607
419.49
442.33
464.625
486.585
508.647
528.64
549.397
568.3
587.069
605.523
622.518
639.382
654.879
670.433
684.723
698.445
710.33
722.496
733.324
743.059
751.783
760.059
767.461
773.592
778.438
782.934
786.791
789.687
790.666
791.392
791.129
789.699
28.1603
56.1427
83.0542
111
138.091
165.436
192.044
219.203
243.822
270.083
295.894
321.562
347.223
371.732
396.093
419.44
442.305
464.824
487.463
508.057
529.469
549.058
568.51
587.694
605.413
623.051
639.325
655.66
670.788
685.335
698.087
711.132
722.813
733.426
743.059
752.247
760.596
767.667
773.45
778.897
783.644
787.513
789.436
791.129
791.819
791.365
28.0179
55
83.0542
110.291
137.819
164.615
192.034
216.933
243.508
269.641
295.677
321.753
346.702
371.517
395.349
418.766
441.823
465.022
486.203
508.254
528.519
548.643
568.546
586.982
605.389
622.435
639.547
655.514
670.884
684.506
698.434
710.972
722.471
733.023
743.132
752.439
760.464
767.2
773.615
779.267
784.129
787.016
789.699
791.365
791.912
27.0185
55.1453
82.4924
110.168
137.117
164.76
189.908
216.76
243.181
269.551
296.007
321.361
346.598
370.883
394.819
418.384
442.109
463.847
486.507
507.418
528.186
548.78
567.906
587.055
604.847
622.712
639.491
655.661
670.132
684.921
698.296
710.663
722.114
733.128
743.377
752.341
760.016
767.386
773.932
779.775
783.618
787.282
789.917
791.461
28.1603
55.5788
83.3607
110.422
138.246
163.6
190.686
217.35
244.008
270.795
296.508
322.118
346.808
371.214
395.238
419.44
441.688
464.905
486.412
507.774
529.009
548.774
568.613
587.103
605.67
623.212
640.133
655.403
671.003
685.169
698.355
710.66
722.53
733.676
743.533
752.104
760.385
767.784
774.566
779.326
783.932
787.498
790
27.4591
55.3173
82.4621
110.44
135.978
163.273
190.158
217.083
244.182
270.237
296.204
321.286
346.152
370.624
395.294
418.044
441.814
463.916
485.869
507.745
528.153
548.688
567.881
587.157
605.472
623.154
639.239
655.665
670.636
684.661
697.84
710.589
722.654
733.43
742.925
752.145
760.424
768.177
773.886
779.468
784
787.498
27.8927
55.0818
83.1685
108.849
136.308
163.371
190.518
217.883
244.233
270.512
295.941
321.218
346.092
371.183
394.392
418.667
441.316
463.816
486.285
507.291
528.473
548.326
568.265
587.307
605.707
622.562
639.77
655.507
670.329
684.341
697.929
710.873
722.53
732.912
743.034
752.16
760.848
767.475
774
779.468
783.932
27.2029
55.3624
81.1542
108.747
135.956
163.294
190.895
217.513
244.076
269.824
295.488
320.74
346.227
369.872
394.629
417.806
440.832
463.876
485.463
507.277
527.774
548.362
568.12
587.225
604.842
622.823
639.316
654.93
669.77
684.194
698.015
710.552
721.821
732.848
742.822
752.449
760
767.475
773.886
779.326
28.2312
54.1295
81.8413
109.179
136.693
164.514
191.384
218.213
244.264
270.298
295.909
321.772
345.834
371.053
394.738
418.269
441.865
464.011
486.434
507.552
528.766
549.214
569
587.355
606.083
623.308
639.688
655.332
670.565
685.236
698.627
710.759
722.663
733.461
744
752.449
760.848
768.177
774.566
25.9422
53.7122
81.1234
108.757
136.741
163.808
190.851
217.154
243.508
269.431
295.625
320.062
345.701
369.855
393.855
417.969
440.642
463.643
485.356
507.169
528.285
548.731
567.807
587.266
605.211
622.347
638.787
654.824
670.343
684.588
697.585
710.372
722
733.461
742.822
752.16
760.424
767.784
27.7849
55.2268
82.9277
111.018
138.224
165.424
191.919
218.525
244.696
271.155
295.9
321.885
346.433
370.827
395.38
418.502
442
464.225
486.556
508.254
529.276
548.985
569.085
587.664
605.469
622.615
639.366
655.641
670.649
684.421
698
710.372
722.663
732.848
743.034
752.145
760.385
27.4591
55.2178
83.4086
110.752
138.105
164.794
191.659
218.083
244.812
269.876
296.22
321.179
345.984
370.995
394.588
418.607
441.372
464.247
486.557
508.186
528.564
549.343
568.592
587.106
605.001
622.509
639.585
655.404
670
684.421
697.585
710.759
721.821
732.912
742.925
752.104
27.8029
56.0803
83.5464
111.036
137.902
165.012
191.672
218.653
244.018
270.703
296.057
321.255
346.706
370.753
395.275
418.561
441.96
464.866
487.082
508.112
529.551
549.452
568.655
587.282
605.529
623.388
640
655.404
670.649
684.588
698.627
710.552
722.53
733.43
743.533
28.3196
55.8659
83.4506
110.454
137.768
164.624
191.818
217.449
244.436
270.15
295.706
321.562
346.03
371.022
394.799
418.693
442.164
464.941
486.597
508.67
529.199
549.072
568.409
587.376
606
623.388
639.585
655.641
670.343
685.236
698.015
710.873
722.654
733.676
27.5862
55.2268
82.3286
109.809
136.825
164.195
190.058
217.313
243.354
269.236
295.466
320.326
345.759
370
394.363
418.374
441.688
463.949
486.634
507.774
528.297
548.329
568
587.376
605.529
622.509
639.366
654.824
670.565
684.194
697.929
710.589
722.53
27.6586
54.8179
82.4197
109.554
137.058
163.11
190.589
216.91
243.074
269.631
294.839
320.665
345.324
370.109
394.614
418.417
441.237
464.487
486.19
507.319
528
548.329
568.409
587.282
605.001
622.615
638.787
655.332
669.77
684.341
697.84
710.66
27.2029
54.9181
82.1523
109.772
136
163.686
190.276
216.707
243.578
269.119
295.325
320.39
345.584
370.568
394.849
418.216
442.019
464.276
486
507.319
528.297
549.072
568.655
587.106
605.469
622.347
639.688
654.93
670.329
684.661
698.355
27.7849
55.0727
82.7647
109.124
136.971
163.783
190.436
217.573
243.403
269.943
295.368
320.924
346.342
371.055
394.924
419.234
442
464.276
486.19
507.774
529.199
549.452
568.592
587.664
605.211
623.308
639.316
655.507
670.636
685.169
27.2947
55.0091
81.4371
109.385
136.356
163.175
190.52
216.585
243.403
269.136
295.005
320.807
345.905
370.228
395
418.234
441.022
463.492
485.644
507.685
528.573
548.373
568.124
586.314
605.142
621.895
638.856
654.765
670.119
27.7308
54.231
82.28
109.417
136.4
163.954
190.252
217.348
243.387
269.564
295.747
321.224
346
371.228
394.924
418.216
441.237
463.949
486.597
508.112
528.564
548.985
567.807
587.355
604.842
622.562
639.239
655.403
26.5707
54.7083
82.0061
109.142
136.894
163.417
190.78
217.117
243.594
270.15
296
321.224
346.902
371.055
394.849
418.417
441.688
464.941
487.082
508.186
529.276
548.731
569
587.225
605.707
623.154
640.133
28.1603
55.5428
82.7647
110.644
137.321
164.879
191.442
218.147
245
271.149
296.744
322.796
347.333
371.553
395.592
419.345
443.125
465.816
487.497
509.181
529.199
550.114
569.004
588.174
606.321
624.042
27.4591
54.7449
82.7345
109.554
137.295
164.076
191
218.147
244.591
270.559
296.985
321.908
346.562
371.08
395.324
419.644
442.9
465.173
487.469
508.068
529.649
549.229
569.113
587.986
606.479
27.2947
55.3263
82.2192
110.073
137
164.076
191.442
218.112
244.377
271.105
296.346
321.361
346.286
370.951
395.739
419.488
442.285
465.124
486.24
508.419
528.623
549.156
568.691
587.892
28.0713
55.0364
83
110.073
137.295
164.879
191.771
218.332
245.359
270.913
296.287
321.616
346.699
371.949
396.188
419.506
442.883
464.51
487.283
508.107
529.283
549.477
569.38
27
55.0364
82.2192
109.554
137.321
164.402
191.23
218.525
244.364
270.07
295.779
321.254
346.944
371.652
395.471
419.367
441.491
464.841
486.273
508.08
528.921
549.518
28.0713
55.3263
82.7345
110.644
137.873
164.924
192.442
218.525
244.518
270.559
296.38
322.461
347.589
371.86
396.227
418.799
442.676
464.665
487.052
508.49
529.729
27.2947
54.7449
82.7647
110.114
137.361
165.076
191.377
217.635
243.988
270.135
296.589
322.121
346.831
371.656
394.666
419.058
441.599
464.56
486.59
508.469
27.4591
55.5428
82.9699
110.368
138.235
164.712
191.191
217.81
244.238
271.017
296.906
322.008
347.242
370.645
395.506
418.551
442.037
464.613
487.083
28.1603
55.6597
83.2166
111.234
137.884
164.584
191.471
218.179
245.284
271.531
297.027
322.672
346.468
371.797
395.349
419.363
442.485
465.549
27.5136
55.1543
83.2586
110.023
136.883
163.976
190.906
218.277
244.826
270.662
296.665
320.807
346.554
370.567
395.062
418.688
442.304
27.7308
55.9017
82.7647
109.772
137.058
164.195
191.818
218.653
244.812
271.155
295.625
321.772
346.227
371.183
395.294
419.44
28.178
55.0727
82.1523
109.554
136.825
164.624
191.672
218.083
244.696
269.431
295.909
320.74
346.092
370.624
395.238
26.9258
54.0833
81.6088
109.018
137
164.268
190.94
217.83
242.835
269.652
294.869
320.628
345.589
370.682
27.2029
54.8179
82.3286
110.454
137.902
164.794
191.919
217.154
244.264
269.824
295.941
321.286
346.808
27.6586
55.2268
83.4506
111.036
138.105
165.424
190.851
218.213
244.076
270.512
296.204
322.118
27.5862
55.8659
83.5464
110.752
138.224
163.808
191.384
217.513
244.233
270.237
296.508
28.3196
56.0803
83.4086
111.018
136.741
164.514
190.895
217.883
244.182
270.795
27.8029
55.2178
82.9277
108.757
136.693
163.294
190.518
217.083
244.008
27.4591
55.2268
81.1234
109.179
135.956
163.371
190.158
217.35
27.7849
53.7122
81.8413
108.747
136.308
163.273
190.686
25.9422
54.1295
81.1542
108.849
135.978
163.6
28.2312
55.3624
83.1685
110.44
138.246
27.2029
55.0818
82.4621
110.422
27.8927
55.3173
83.3607
27.4591
55.5788
28.1603
