90
13.0384
27.074
40.3113
54.5894
68.0661
82
95.0789
108.24
121.116
134.48
147.078
160.225
172.63
184.765
196.726
208.926
220.227
231.815
242.86
253.387
263.351
273.673
282.899
292.488
302.424
310.654
318.642
326.443
334.642
341.344
348.472
354.663
359.94
365.263
370.108
375.065
379.527
382.237
385.395
388.816
390.749
392.046
393.926
394.214
394.001
394.249
393.996
392.149
390.889
388.99
385.603
382.479
379.803
375.373
370.45
365.636
360.347
355.101
348.941
341.844
335.172
327.002
319.23
311.27
303.066
293.155
283.593
274.39
264.093
254.153
243.647
232.622
221.054
209.774
197.59
185.648
173.528
161.137
148.003
135.418
122.066
109.202
96.0469
82.9759
69.0507
55.5788
41.3038
28.0713
14.0357
14.0357
27.2947
41.5933
55.109
69.1231
82.28
95.5092
108.503
122.004
134.737
148.034
160.59
172.905
185.076
197.474
209.022
220.844
232.131
242.909
253.18
263.797
273.309
283.219
293.466
302.026
310.363
318.529
327.086
334.177
341.686
348.264
353.939
359.685
364.936
370.324
375.203
378.34
381.923
385.798
388.171
389.936
392.25
393
393.249
393.926
394.138
392.73
391.944
390.493
387.572
384.884
382.649
378.652
374.178
369.789
364.944
360.118
354.37
347.679
341.423
333.641
326.267
318.686
310.846
301.281
292.077
283.196
273.234
263.644
253.428
242.687
231.398
220.411
208.471
196.787
184.895
172.699
159.765
147.363
134.201
121.511
108.467
95.5249
81.7435
68.3593
54.1479
41.0122
27
13.3417
27.6586
41.2311
55.3624
68.6222
81.9329
95.0789
108.747
121.643
135.118
147.851
160.378
172.795
185.421
197.254
209.344
220.907
231.97
242.588
253.539
263.372
273.642
284.234
293.164
301.887
310.461
319.412
326.933
334.861
341.867
347.98
354.189
359.885
365.744
371.077
374.681
378.727
383.094
385.946
388.218
391
392.25
392.999
394.138
394.849
393.914
393.636
392.665
390.242
388.022
386.255
382.719
378.724
374.787
370.412
366.03
360.717
354.457
348.639
341.264
334.307
327.124
319.662
310.459
301.629
293.082
283.468
274.235
264.32
253.87
242.866
232.177
220.484
209.06
197.396
185.397
172.662
160.44
147.462
134.937
122
109.179
95.5249
82.2192
68.0661
55
41.0122
14.3178
27.8927
42.0595
55.3624
68.7095
81.939
95.7079
108.706
122.299
135.152
147.828
160.424
173.22
185.27
197.568
209.347
220.635
231.536
242.759
252.858
263.427
274.308
283.551
292.606
301.529
310.821
318.718
327.014
334.396
340.899
347.523
353.617
359.901
365.645
369.676
374.144
378.963
382.256
385
388.218
389.936
391.155
392.73
393.914
393.429
393.636
393.126
391.184
389.416
388.104
385.019
381.494
378.001
374.092
370.151
365.274
359.447
354.069
347.109
340.577
333.802
326.732
317.907
309.467
301.272
292.027
283.177
273.585
263.454
252.765
242.405
230.991
219.864
208.463
196.698
184.201
172.2
159.452
147.139
134.35
121.696
108.227
95.0474
81
68.0661
54.1479
13.6015
27.8568
41.2311
54.626
67.9779
81.8841
95.0158
108.757
121.758
134.618
147.435
160.431
172.743
185.284
197.314
208.866
220.095
231.631
242.033
252.945
264.151
273.748
283.177
292.494
302.167
310.483
319.188
326.989
333.924
341.006
347.54
354.291
360.484
364.984
369.915
375.225
379
382.256
385.946
388.171
389.899
391.944
393.636
393.636
394.363
394.346
392.92
391.635
390.807
388.202
385.177
382.154
378.737
375.261
370.842
365.471
360.555
354.031
347.943
341.592
334.928
326.497
318.46
310.628
301.763
293.302
284.042
274.235
263.865
253.837
242.706
231.873
220.735
209.201
196.939
185.154
172.627
160.515
147.868
135.37
122.066
109
95.0474
82.2192
68.3593
14.3178
27.7308
41.1461
54.5894
68.6003
81.8352
95.6922
108.812
121.824
134.826
147.99
160.527
173.277
185.526
197.307
208.828
220.64
231.311
242.528
254.026
263.941
273.708
283.383
293.401
302.101
311.178
319.363
326.696
334.201
341.141
348.323
354.934
359.869
365.231
371
375.225
378.963
383.094
385.798
388.005
390.493
392.665
393.126
394.346
394.799
393.864
393.041
392.674
390.53
387.985
385.415
382.472
379.444
375.469
370.54
366.072
359.974
354.318
348.382
342.117
334.073
326.435
318.962
310.474
302.399
293.471
283.989
273.942
264.246
253.403
242.87
232.002
220.708
208.691
197.132
184.838
172.939
160.449
148.122
135
122.066
108.227
95.5249
81.7435
13.4164
26.8328
40.3113
54.3783
67.6757
81.6088
94.8103
107.935
121.083
134.38
147.105
160.031
172.467
184.448
196.229
208.291
219.208
230.705
242.471
252.686
262.772
272.787
283.134
292.205
301.644
310.203
317.926
325.848
333.191
340.802
347.829
353.204
359
365.231
369.915
374.144
378.727
381.923
384.626
387.572
390.242
391.184
392.92
393.864
393.449
393.113
393.235
391.583
389.55
387.466
385.032
382.488
378.993
374.546
370.567
364.936
359.755
354.278
348.455
340.846
333.654
326.585
318.523
310.886
302.338
293.232
283.558
274.25
263.746
253.569
243.023
232.019
220.302
209.022
197.018
185.389
173.104
161
148.122
135.37
121.696
109.179
95.5249
13.4164
26.9258
41.0488
54.4059
68.4105
81.6884
94.921
108.208
121.631
134.536
147.628
160.24
172.409
184.44
196.736
207.885
219.647
231.664
242.161
252.549
262.886
273.542
282.963
292.74
301.652
309.743
318.058
325.779
333.793
341.211
347
353.204
359.869
364.984
369.676
374.681
378.34
381.509
384.884
388.022
389.416
391.635
393.041
393.113
393.235
393.815
392.623
391.072
389.443
387.487
385.395
382.351
378.356
374.833
369.64
364.905
359.857
354.447
347.246
340.472
333.781
326.118
318.889
310.696
301.942
292.617
283.671
273.485
263.638
253.393
242.662
231.225
220.204
208.471
197.091
185
173.104
160.449
147.868
134.35
122
108.467
13.6015
27.8029
41.2311
55.3173
68.6804
82.0366
95.483
109.041
122.147
135.418
148.219
160.59
172.887
185.432
196.825
208.866
221.142
231.935
242.638
253.308
264.282
274.066
284.192
293.466
301.935
310.653
318.76
327.185
335
341.211
347.829
354.934
360.484
365.645
371.077
375.203
378.842
382.649
386.255
388.104
390.807
392.674
393.235
393.815
394.849
394.118
393.046
391.87
390.387
388.743
386.145
382.598
379.526
374.767
370.47
365.843
360.839
354.04
347.674
341.353
334.079
327.246
319.399
310.987
302.002
293.402
283.524
273.995
264.038
253.569
242.398
231.625
220.145
209
197.091
185.389
172.939
160.515
147.139
134.937
121.511
14.2127
27.6586
41.7732
55.1725
68.593
82.134
95.7758
109.018
122.413
135.351
147.872
160.378
173.118
184.708
196.977
209.468
220.511
231.482
242.442
253.693
263.797
274.233
283.833
292.647
301.732
310.195
319
327.185
333.793
340.802
348.323
354.291
359.901
365.744
370.324
374.422
378.652
382.719
385.019
388.202
390.53
391.583
392.623
394.118
393.855
393.273
392.562
391.567
390.387
388.254
385.175
382.577
378.276
374.445
370.267
365.699
359.334
353.412
347.495
340.649
334.253
326.792
318.763
310.161
301.957
292.433
283.27
273.651
263.492
252.642
242.167
231
220.145
208.471
197.018
184.838
172.627
159.452
147.462
134.201
13.4536
27.5862
41.0122
54.4885
68.1175
81.8352
95.2103
108.724
121.795
134.462
147.177
160.112
171.898
184.396
197.101
208.396
219.641
230.894
242.425
252.858
263.61
273.542
282.708
292.171
301
310.195
318.76
325.779
333.191
341.141
347.54
353.617
359.885
364.936
369.51
374.178
378.724
381.494
385.177
387.985
389.55
391.072
393.046
393.273
393.205
392.98
392.496
391.801
390.155
387.569
385.467
381.65
378.308
374.604
370.494
364.589
359.135
353.645
347.252
341.317
334.265
326.644
318.449
310.664
301.518
292.746
283.487
273.66
263.154
253
242.167
231.625
220.204
209.022
197.132
185.154
172.2
160.44
147.363
14.1421
27.5862
41.1096
54.8179
68.6003
82.0975
95.7183
108.908
121.709
134.618
147.733
159.7
172.409
185.311
196.84
208.339
219.866
231.657
242.396
253.442
263.685
273.183
283
292.171
301.732
310.653
318.058
325.848
334.201
341.006
347.523
354.189
359.685
364.709
369.789
374.787
378.001
382.154
385.415
387.466
389.443
391.87
392.562
392.98
393.215
393.215
392.98
391.796
389.678
388.046
384.689
381.811
378.556
374.883
369.416
364.408
359.324
353.362
347.865
341.204
333.972
326.167
318.78
309.997
301.597
292.684
283.177
273
263.154
252.642
242.398
231.225
220.302
208.691
196.939
184.201
172.662
159.765
13.4536
27.0185
40.8044
54.6443
68.2642
81.9878
95.2943
108.227
121.334
134.629
146.779
159.703
172.8
184.57
196.329
208.137
220.193
231.249
242.596
253.16
263
273.183
282.708
292.647
301.935
309.743
317.926
326.696
333.924
340.899
347.98
353.939
359.434
364.944
370.412
374.092
378.737
382.472
385.032
387.487
390.387
391.567
392.496
393.215
393.723
393.971
393.273
391.649
390.512
387.642
385.253
382.472
379.258
374.257
369.72
365.067
359.562
354.528
348.281
341.463
334.073
327.11
318.713
310.71
302.166
293
283.177
273.66
263.492
253.569
242.662
232.019
220.708
209.201
196.698
185.397
172.699
13.6015
27.4591
41.3401
55.0727
68.884
82.2922
95.3415
108.632
122.09
134.406
147.526
160.801
172.792
184.792
196.86
209.16
220.511
232.138
243
253.16
263.685
273.542
283.833
293.466
301.652
310.203
319.363
326.989
334.396
341.867
348.264
354.203
360.118
366.03
370.151
375.261
379.444
382.488
385.395
388.743
390.387
391.801
392.98
393.971
394.677
394.443
393.289
392.623
390.217
388.295
385.966
383.192
378.636
374.55
370.309
365.242
360.651
354.803
348.382
341.391
334.834
326.81
319.19
311
302.166
292.684
283.487
273.651
264.038
253.393
243.023
232.002
220.735
208.463
197.396
184.895
13.8924
27.7849
41.5933
55.4617
68.942
82.0792
95.5196
109.11
121.565
134.852
148.277
160.462
172.676
184.978
197.497
209.117
221
232.138
242.596
253.442
263.61
274.233
284.192
292.74
301.644
311.178
319.188
327.014
334.861
341.686
348.059
354.37
360.717
365.274
370.842
375.469
378.993
382.351
386.145
388.254
390.155
391.796
393.273
394.443
394.677
394.001
393.815
391.883
390.438
388.573
386.25
382.154
378.535
374.721
370.109
365.978
360.547
354.543
347.973
341.844
334.215
327
319.19
310.71
301.597
292.746
283.27
273.995
263.638
253.569
242.87
231.873
219.864
209.06
196.787
13.8924
27.7308
41.6293
55.1543
68.352
81.9085
95.6033
108.171
121.598
135.148
147.503
159.906
172.418
185.132
197
209.117
220.511
231.249
242.396
252.858
263.797
274.066
282.963
292.205
302.101
310.483
318.718
326.933
334.177
340.978
347.679
354.457
359.447
365.471
370.54
374.546
378.356
382.598
385.175
387.569
389.678
391.649
393.289
394.001
393.815
394.118
392.674
391.721
390.333
388.477
384.86
381.725
378.356
374.219
370.568
365.575
360.011
353.884
348.207
341
334.215
326.81
318.713
309.997
301.518
292.433
283.524
273.485
263.746
253.403
242.706
230.991
220.484
208.471
13.9284
27.8568
41.4367
54.7083
68.4105
82.2253
94.921
108.503
122.188
134.729
147.34
160.078
173
185.132
197.497
209.16
220.193
231.657
242.425
253.693
264.282
273.542
283.134
293.401
302.167
310.821
319.412
327.086
334.325
341.423
348.639
354.069
360.555
366.072
370.567
374.833
379.526
382.577
385.467
388.046
390.512
392.623
393.815
394.118
394.91
393.954
393.49
392.577
391.184
388.044
385.389
382.46
378.794
375.617
371.055
365.925
360.235
355
348.207
341.844
334.834
327.11
318.78
310.664
301.957
293.402
283.671
274.25
264.246
253.837
242.405
232.177
220.411
13.9284
27.5136
40.8044
54.5711
68.4471
81.2158
94.8947
108.665
121.334
134.093
147
160.078
172.418
184.978
196.86
208.137
219.866
230.894
242.442
253.308
262.886
272.787
283.383
292.494
301.529
310.461
318.529
326.173
333.641
341.264
347.109
354.031
359.974
364.936
369.64
374.767
378.276
381.65
384.689
387.642
390.217
391.883
392.674
393.954
393.49
393.517
393.087
392.165
389.513
387.351
384.877
381.698
379.012
374.903
370.228
365
360.235
353.884
347.973
341.391
334.073
326.167
318.449
310.161
302.002
292.617
283.558
273.942
263.865
252.765
242.866
231.398
13.6015
26.9258
40.7922
54.7449
67.6018
81.3941
95.2575
108.074
121
134.093
147.34
159.906
172.676
184.792
196.329
208.339
219.641
231.482
242.638
252.549
262.772
273.708
283.177
292.606
301.887
310.363
318.423
326.267
334.307
340.577
347.943
354.318
359.755
364.905
370.47
374.445
378.308
381.811
385.253
388.295
390.438
391.721
393.49
393.517
394.038
394.088
393.636
391.472
389.801
387.778
385.083
382.884
379.223
375
370.228
365.925
360.011
354.543
348.382
341.463
333.972
326.644
318.763
310.987
301.942
293.232
283.989
274.235
263.454
253.87
242.687
13.3417
27.2947
41.3038
54.231
68.1175
82.0549
95
108.074
121.334
134.729
147.503
160.462
172.792
184.57
196.84
208.396
220.511
231.935
242.161
252.686
263.941
273.748
283.551
293.164
302.026
310.483
318.686
327.124
333.802
341.592
348.382
354.278
359.857
365.843
370.267
374.604
378.556
382.472
385.966
388.573
390.333
392.577
393.087
394.088
394.606
394.614
392.929
391.74
390.16
387.941
386.219
383
379.223
374.903
371.055
365.575
360.547
354.803
348.281
341.204
334.265
326.792
319.399
310.696
302.338
293.471
284.042
273.585
264.32
253.428
14.0357
28.0713
41.0488
55.0091
69
82.0549
95.2575
108.665
122.188
135.148
148.277
160.801
172.8
185.311
197.101
209.468
221.142
231.664
242.471
254.026
264.151
274.308
284.234
293.466
302.301
310.846
319.662
326.732
334.928
342.117
348.455
354.447
360.839
365.699
370.494
374.883
379.258
383.192
386.25
388.477
391.184
392.165
393.636
394.614
395.072
393.859
393.144
392.001
390.251
389
386.219
382.884
379.012
375.617
370.568
365.978
360.651
354.528
347.865
341.317
334.253
327.246
318.889
310.886
302.399
293.302
283.177
274.235
263.644
14.0357
27.0185
41
55.0091
68.1175
81.3941
94.8947
108.503
121.598
134.852
147.526
159.703
172.409
184.396
196.977
208.866
219.647
230.705
242.528
252.945
263.427
273.642
283.219
292.412
301.281
310.459
317.907
326.497
334.073
340.846
347.246
354.04
359.334
364.589
369.416
374.257
378.636
382.154
384.86
388.044
389.513
391.472
392.929
393.859
393.144
392.929
392.25
391
390.251
387.941
385.083
381.698
378.794
374.219
370.109
365.242
359.562
353.362
347.252
340.649
334.079
326.118
318.523
310.474
301.763
292.027
283.468
273.234
13
27.0185
41.0488
54.231
67.6018
81.2158
94.921
108.171
121.565
134.406
146.779
159.7
171.898
184.708
196.825
207.885
219.208
231.311
242.033
252.858
263.372
273.309
282.875
292.077
301.629
309.467
318.46
326.435
333.654
340.472
347.674
353.412
359.135
364.408
369.72
374.55
378.535
381.725
385.389
387.351
389.801
391.74
393.144
392.929
393.215
393
392.25
392.001
390.16
387.778
384.877
382.46
378.356
374.721
370.309
365.067
359.324
353.645
347.495
341.353
333.781
326.585
318.962
310.628
301.272
293.082
283.196
14.0357
28.0713
41.3038
54.7449
68.4471
82.2253
95.6033
109.11
122.09
134.629
147.733
160.112
173.118
185.432
196.736
208.291
220.64
231.631
242.759
253.539
263.797
273.695
283.196
293.082
301.272
310.628
318.962
326.585
333.781
341.353
347.495
353.645
359.324
365.067
370.309
374.721
378.356
382.46
384.877
387.778
390.16
392.001
392.25
393
393.215
392.929
393.144
391.74
389.801
387.351
385.389
381.725
378.535
374.55
369.72
364.408
359.135
353.412
347.674
340.472
333.654
326.435
318.46
309.467
301.629
292.077
14.0357
27.2947
40.7922
54.5711
68.4105
81.9085
95.5196
108.632
121.334
134.618
147.177
160.378
172.887
184.44
196.229
208.828
220.095
231.536
242.588
253.18
263.424
273.234
283.468
292.027
301.763
310.474
318.523
326.118
334.079
340.649
347.252
353.362
359.562
365.242
370.109
374.219
378.794
381.698
385.083
387.941
390.251
391
392.25
392.929
393.144
393.859
392.929
391.472
389.513
388.044
384.86
382.154
378.636
374.257
369.416
364.589
359.334
354.04
347.246
340.846
334.073
326.497
317.907
310.459
301.281
13.3417
26.9258
40.8044
54.7083
68.352
82.0792
95.3415
108.227
121.709
134.462
147.872
160.59
172.409
184.448
197.307
208.866
220.635
231.97
242.909
253.513
263.644
274.235
283.177
293.302
302.399
310.886
318.889
327.246
334.253
341.317
347.865
354.528
360.651
365.978
370.568
375.617
379.012
382.884
386.219
389
390.251
392.001
393.144
393.859
395.072
394.614
393.636
392.165
391.184
388.477
386.25
383.192
379.258
374.883
370.494
365.699
360.839
354.447
348.455
342.117
334.928
326.732
319.662
310.846
13.6015
27.5136
41.4367
55.1543
68.942
82.2922
95.2943
108.908
121.795
135.351
148.219
160.24
172.467
185.526
197.314
209.347
220.907
232.131
243.033
253.428
264.32
273.585
284.042
293.471
302.338
310.696
319.399
326.792
334.265
341.204
348.281
354.803
360.547
365.575
371.055
374.903
379.223
383
386.219
387.941
390.16
391.74
392.929
394.614
394.606
394.088
393.087
392.577
390.333
388.573
385.966
382.472
378.556
374.604
370.267
365.843
359.857
354.278
348.382
341.592
333.802
327.124
318.686
13.9284
27.8568
41.6293
55.4617
68.884
81.9878
95.7183
108.724
122.413
135.418
147.628
160.031
173.277
185.284
197.568
209.344
220.844
232.034
242.687
253.87
263.454
274.235
283.989
293.232
301.942
310.987
318.763
326.644
333.972
341.463
348.382
354.543
360.011
365.925
370.228
375
379.223
382.884
385.083
387.778
389.801
391.472
393.636
394.088
394.038
393.517
393.49
391.721
390.438
388.295
385.253
381.811
378.308
374.445
370.47
364.905
359.755
354.318
347.943
340.577
334.307
326.267
13.9284
27.7308
41.5933
55.0727
68.2642
82.0975
95.2103
109.018
122.147
134.536
147.105
160.527
172.743
185.27
197.254
209.022
220.495
231.398
242.866
252.765
263.865
273.942
283.558
292.617
302.002
310.161
318.449
326.167
334.073
341.391
347.973
353.884
360.235
365
370.228
374.903
379.012
381.698
384.877
387.351
389.513
392.165
393.087
393.517
393.49
393.954
392.674
391.883
390.217
387.642
384.689
381.65
378.276
374.767
369.64
364.936
359.974
354.031
347.109
341.264
333.641
13.8924
27.7849
41.3401
54.6443
68.6003
81.8352
95.7758
109.041
121.631
134.38
147.99
160.431
173.22
185.421
197.474
209.246
220.411
232.177
242.405
253.837
264.246
274.25
283.671
293.402
301.957
310.664
318.78
327.11
334.834
341.844
348.207
355
360.235
365.925
371.055
375.617
378.794
382.46
385.389
388.044
391.184
392.577
393.49
393.954
394.91
394.118
393.815
392.623
390.512
388.046
385.467
382.577
379.526
374.833
370.567
366.072
360.555
354.069
348.639
341.423
13.8924
27.4591
40.8044
54.8179
68.1175
82.134
95.483
108.208
121.083
134.826
147.435
160.424
172.795
185.076
197.091
208.471
220.484
230.991
242.706
253.403
263.746
273.485
283.524
292.433
301.518
309.997
318.713
326.81
334.215
341
348.207
353.884
360.011
365.575
370.568
374.219
378.356
381.725
384.86
388.477
390.333
391.721
392.674
394.118
393.815
394.001
393.289
391.649
389.678
387.569
385.175
382.598
378.356
374.546
370.54
365.471
359.447
354.457
347.679
13.6015
27.0185
41.1096
54.4885
68.593
82.0366
94.921
107.935
121.824
134.618
147.828
160.378
172.905
185.181
196.787
209.06
219.864
231.873
242.87
253.569
263.638
273.995
283.27
292.746
301.597
310.71
319.19
327
334.215
341.844
347.973
354.543
360.547
365.978
370.109
374.721
378.535
382.154
386.25
388.573
390.438
391.883
393.815
394.001
394.677
394.443
393.273
391.796
390.155
388.254
386.145
382.351
378.993
375.469
370.842
365.274
360.717
354.37
13.4536
27.5862
41.0122
55.1725
68.6804
81.6884
94.8103
108.812
121.758
135.152
147.851
160.59
173.092
184.895
197.396
208.463
220.735
232.002
243.023
253.393
264.038
273.651
283.487
292.684
302.166
311
319.19
326.81
334.834
341.391
348.382
354.803
360.651
365.242
370.309
374.55
378.636
383.192
385.966
388.295
390.217
392.623
393.289
394.443
394.677
393.971
392.98
391.801
390.387
388.743
385.395
382.488
379.444
375.261
370.151
366.03
360.118
14.1421
27.5862
41.7732
55.3173
68.4105
81.6088
95.6922
108.757
122.299
135.118
148.034
160.73
172.699
185.397
196.698
209.201
220.708
232.019
242.662
253.569
263.492
273.66
283.177
293
302.166
310.71
318.713
327.11
334.073
341.463
348.281
354.528
359.562
365.067
369.72
374.257
379.258
382.472
385.253
387.642
390.512
391.649
393.273
393.971
393.723
393.215
392.496
391.567
390.387
387.487
385.032
382.472
378.737
374.092
370.412
364.944
13.4536
27.6586
41.2311
54.4059
67.6757
81.8352
95.0158
108.706
121.643
134.737
147.628
159.765
172.662
184.201
196.939
208.691
220.302
231.225
242.398
252.642
263.154
273
283.177
292.684
301.597
309.997
318.78
326.167
333.972
341.204
347.865
353.362
359.324
364.408
369.416
374.883
378.556
381.811
384.689
388.046
389.678
391.796
392.98
393.215
393.215
392.98
392.562
391.87
389.443
387.466
385.415
382.154
378.001
374.787
369.789
14.2127
27.8029
41.0488
54.3783
68.6003
81.8841
95.7079
108.747
122.004
135.074
147.363
160.44
172.2
185.154
197.132
209.022
220.204
231.625
242.167
253
263.154
273.66
283.487
292.746
301.518
310.664
318.449
326.644
334.265
341.317
347.252
353.645
359.135
364.589
370.494
374.604
378.308
381.65
385.467
387.569
390.155
391.801
392.496
392.98
393.205
393.273
393.046
391.072
389.55
387.985
385.177
381.494
378.724
374.178
13.6015
26.9258
40.3113
54.5894
67.9779
81.939
95.0789
108.503
121.758
134.201
147.462
159.452
172.627
184.838
197.018
208.471
220.145
231
242.167
252.642
263.492
273.651
283.27
292.433
301.957
310.161
318.763
326.792
334.253
340.649
347.495
353.412
359.334
365.699
370.267
374.445
378.276
382.577
385.175
388.254
390.387
391.567
392.562
393.273
393.855
394.118
392.623
391.583
390.53
388.202
385.019
382.719
378.652
13.4164
26.8328
41.1461
54.626
68.7095
81.9329
95.5092
108.931
121.511
134.937
147.139
160.515
172.939
185.389
197.091
209
220.145
231.625
242.398
253.569
264.038
273.995
283.524
293.402
302.002
310.987
319.399
327.246
334.079
341.353
347.674
354.04
360.839
365.843
370.47
374.767
379.526
382.598
386.145
388.743
390.387
391.87
393.046
394.118
394.849
393.815
393.235
392.674
390.807
388.104
386.255
382.649
13.4164
27.7308
41.2311
55.3624
68.6222
82.28
95.8019
108.467
122
134.35
147.868
160.449
173.104
185
197.091
208.471
220.204
231.225
242.662
253.393
263.638
273.485
283.671
292.617
301.942
310.696
318.889
326.118
333.781
340.472
347.246
354.447
359.857
364.905
369.64
374.833
378.356
382.351
385.395
387.487
389.443
391.072
392.623
393.815
393.235
393.113
393.041
391.635
389.416
388.022
384.884
14.3178
27.8568
42.0595
55.3624
69.1231
82.7647
95.5249
109.179
121.696
135.37
148.122
161
173.104
185.389
197.018
209.022
220.302
232.019
243.023
253.569
263.746
274.25
283.558
293.232
302.338
310.886
318.523
326.585
333.654
340.846
348.455
354.278
359.755
364.936
370.567
374.546
378.993
382.488
385.032
387.466
389.55
391.583
393.235
393.113
393.449
393.864
392.92
391.184
390.242
387.572
13.6015
27.8927
41.2311
55.109
68.884
81.7435
95.5249
108.227
122.066
135
148.122
160.449
172.939
184.838
197.132
208.691
220.708
232.002
242.87
253.403
264.246
273.942
283.989
293.471
302.399
310.474
318.962
326.435
334.073
342.117
348.382
354.318
359.974
366.072
370.54
375.469
379.444
382.472
385.415
387.985
390.53
392.674
393.041
393.864
394.799
394.346
393.126
392.665
390.493
14.3178
27.6586
41.5933
55.4437
68.3593
82.2192
95.0474
109
122.066
135.37
147.868
160.515
172.627
185.154
196.939
209.201
220.735
231.873
242.706
253.837
263.865
274.235
284.042
293.302
301.763
310.628
318.46
326.497
334.928
341.592
347.943
354.031
360.555
365.471
370.842
375.261
378.737
382.154
385.177
388.202
390.807
391.635
392.92
394.346
394.363
393.636
393.636
391.944
13.3417
27.2947
41.1947
54.1479
68.0661
81
95.0474
108.227
121.696
134.35
147.139
159.452
172.2
184.201
196.698
208.463
219.864
230.991
242.405
252.765
263.454
273.585
283.177
292.027
301.272
309.467
317.907
326.732
333.802
340.577
347.109
354.069
359.447
365.274
370.151
374.092
378.001
381.494
385.019
388.104
389.416
391.184
393.126
393.636
393.429
393.914
392.73
14.0357
28.0179
41.0122
55
68.0661
82.2192
95.5249
109.179
122
134.937
147.462
160.44
172.662
185.397
197.396
209.06
220.484
232.177
242.866
253.87
264.32
274.235
283.468
293.082
301.629
310.459
319.662
327.124
334.307
341.264
348.639
354.457
360.717
366.03
370.412
374.787
378.724
382.719
386.255
388.022
390.242
392.665
393.636
393.914
394.849
394.138
14
27
41.0122
54.1479
68.3593
81.7435
95.5249
108.467
121.511
134.201
147.363
159.765
172.699
184.895
196.787
208.471
220.411
231.398
242.687
253.428
263.644
273.234
283.196
292.077
301.281
310.846
318.686
326.267
333.641
341.423
347.679
354.37
360.118
364.944
369.789
374.178
378.652
382.649
384.884
387.572
390.493
391.944
392.73
394.138
393.926
13
27.0185
40.1995
54.4518
67.897
81.7863
94.8314
107.968
120.806
134.134
146.7
159.816
172.192
184.296
196.224
208.396
219.666
231.225
242.244
252.745
262.68
272.976
282.179
291.743
301.657
309.866
317.833
325.613
333.793
340.478
347.589
353.764
359.026
364.335
369.168
374.114
378.566
381.266
384.416
387.831
389.759
391.051
392.929
393.215
14.0357
27.2947
41.5933
55.109
69.1231
82.28
95.5092
108.503
122.004
134.737
148.034
160.59
172.905
185.076
197.474
209.022
220.844
232.131
242.909
253.18
263.797
273.309
283.219
293.466
302.026
310.363
318.529
327.086
334.177
341.686
348.264
353.939
359.685
364.936
370.324
375.203
378.34
381.923
385.798
388.171
389.936
392.25
393
13.3417
27.6586
41.2311
55.3624
68.6222
81.9329
95.0789
108.747
121.643
135.118
147.851
160.378
172.795
185.421
197.254
209.344
220.907
231.97
242.588
253.539
263.372
273.642
284.234
293.164
301.887
310.461
319.412
326.933
334.861
341.867
347.98
354.189
359.885
365.744
371.077
374.681
378.727
383.094
385.946
388.218
391
392.25
14.3178
27.8927
42.0595
55.3624
68.7095
81.939
95.7079
108.706
122.299
135.152
147.828
160.424
173.22
185.27
197.568
209.347
220.635
231.536
242.759
252.858
263.427
274.308
283.551
292.606
301.529
310.821
318.718
327.014
334.396
340.899
347.523
353.617
359.901
365.645
369.676
374.144
378.963
382.256
385
388.218
389.936
13.6015
27.8568
41.2311
54.626
67.9779
81.8841
95.0158
108.757
121.758
134.618
147.435
160.431
172.743
185.284
197.314
208.866
220.095
231.631
242.033
252.945
264.151
273.748
283.177
292.494
302.167
310.483
319.188
326.989
333.924
341.006
347.54
354.291
360.484
364.984
369.915
375.225
379
382.256
385.946
388.171
14.3178
27.7308
41.1461
54.5894
68.6003
81.8352
95.6922
108.812
121.824
134.826
147.99
160.527
173.277
185.526
197.307
208.828
220.64
231.311
242.528
254.026
263.941
273.708
283.383
293.401
302.101
311.178
319.363
326.696
334.201
341.141
348.323
354.934
359.869
365.231
371
375.225
378.963
383.094
385.798
13.4164
26.8328
40.3113
54.3783
67.6757
81.6088
94.8103
107.935
121.083
134.38
147.105
160.031
172.467
184.448
196.229
208.291
219.208
230.705
242.471
252.686
262.772
272.787
283.134
292.205
301.644
310.203
317.926
325.848
333.191
340.802
347.829
353.204
359
365.231
369.915
374.144
378.727
381.923
13.4164
26.9258
41.0488
54.4059
68.4105
81.6884
94.921
108.208
121.631
134.536
147.628
160.24
172.409
184.44
196.736
207.885
219.647
231.664
242.161
252.549
262.886
273.542
282.963
292.74
301.652
309.743
318.058
325.779
333.793
341.211
347
353.204
359.869
364.984
369.676
374.681
378.34
13.6015
27.8029
41.2311
55.3173
68.6804
82.0366
95.483
109.041
122.147
135.418
148.219
160.59
172.887
185.432
196.825
208.866
221.142
231.935
242.638
253.308
264.282
274.066
284.192
293.466
301.935
310.653
318.76
327.185
335
341.211
347.829
354.934
360.484
365.645
371.077
375.203
14.2127
27.6586
41.7732
55.1725
68.593
82.134
95.7758
109.018
122.413
135.351
147.872
160.378
173.118
184.708
196.977
209.468
220.511
231.482
242.442
253.693
263.797
274.233
283.833
292.647
301.732
310.195
319
327.185
333.793
340.802
348.323
354.291
359.901
365.744
370.324
13.4536
27.5862
41.0122
54.4885
68.1175
81.8352
95.2103
108.724
121.795
134.462
147.177
160.112
171.898
184.396
197.101
208.396
219.641
230.894
242.425
252.858
263.61
273.542
282.708
292.171
301
310.195
318.76
325.779
333.191
341.141
347.54
353.617
359.885
364.936
14.1421
27.5862
41.1096
54.8179
68.6003
82.0975
95.7183
108.908
121.709
134.618
147.733
159.7
172.409
185.311
196.84
208.339
219.866
231.657
242.396
253.442
263.685
273.183
283
292.171
301.732
310.653
318.058
325.848
334.201
341.006
347.523
354.189
359.685
13.4536
27.0185
40.8044
54.6443
68.2642
81.9878
95.2943
108.227
121.334
134.629
146.779
159.703
172.8
184.57
196.329
208.137
220.193
231.249
242.596
253.16
263
273.183
282.708
292.647
301.935
309.743
317.926
326.696
333.924
340.899
347.98
353.939
13.6015
27.4591
41.3401
55.0727
68.884
82.2922
95.3415
108.632
122.09
134.406
147.526
160.801
172.792
184.792
196.86
209.16
220.511
232.138
243
253.16
263.685
273.542
283.833
293.466
301.652
310.203
319.363
326.989
334.396
341.867
348.264
13.8924
27.7849
41.5933
55.4617
68.942
82.0792
95.5196
109.11
121.565
134.852
148.277
160.462
172.676
184.978
197.497
209.117
221
232.138
242.596
253.442
263.61
274.233
284.192
292.74
301.644
311.178
319.188
327.014
334.861
341.686
13.8924
27.7308
41.6293
55.1543
68.352
81.9085
95.6033
108.171
121.598
135.148
147.503
159.906
172.418
185.132
197
209.117
220.511
231.249
242.396
252.858
263.797
274.066
282.963
292.205
302.101
310.483
318.718
326.933
334.177
13.9284
27.8568
41.4367
54.7083
68.4105
82.2253
94.921
108.503
122.188
134.729
147.34
160.078
173
185.132
197.497
209.16
220.193
231.657
242.425
253.693
264.282
273.542
283.134
293.401
302.167
310.821
319.412
327.086
13.9284
27.5136
40.8044
54.5711
68.4471
81.2158
94.8947
108.665
121.334
134.093
147
160.078
172.418
184.978
196.86
208.137
219.866
230.894
242.442
253.308
262.886
272.787
283.383
292.494
301.529
310.461
318.529
13.6015
26.9258
40.7922
54.7449
67.6018
81.3941
95.2575
108.074
121
134.093
147.34
159.906
172.676
184.792
196.329
208.339
219.641
231.482
242.638
252.549
262.772
273.708
283.177
292.606
301.887
310.363
13.3417
27.2947
41.3038
54.231
68.1175
82.0549
95
108.074
121.334
134.729
147.503
160.462
172.792
184.57
196.84
208.396
220.511
231.935
242.161
252.686
263.941
273.748
283.551
293.164
302.026
14.0357
28.0713
41.0488
55.0091
69
82.0549
95.2575
108.665
122.188
135.148
148.277
160.801
172.8
185.311
197.101
209.468
221.142
231.664
242.471
254.026
264.151
274.308
284.234
293.466
14.0357
27.0185
41
55.0091
68.1175
81.3941
94.8947
108.503
121.598
134.852
147.526
159.703
172.409
184.396
196.977
208.866
219.647
230.705
242.528
252.945
263.427
273.642
283.219
13
27.0185
41.0488
54.231
67.6018
81.2158
94.921
108.171
121.565
134.406
146.779
159.7
171.898
184.708
196.825
207.885
219.208
231.311
242.033
252.858
263.372
273.309
14.0357
28.0713
41.3038
54.7449
68.4471
82.2253
95.6033
109.11
122.09
134.629
147.733
160.112
173.118
185.432
196.736
208.291
220.64
231.631
242.759
253.539
263.797
14.0357
27.2947
40.7922
54.5711
68.4105
81.9085
95.5196
108.632
121.334
134.618
147.177
160.378
172.887
184.44
196.229
208.828
220.095
231.536
242.588
253.18
13.3417
26.9258
40.8044
54.7083
68.352
82.0792
95.3415
108.227
121.709
134.462
147.872
160.59
172.409
184.448
197.307
208.866
220.635
231.97
242.909
13.6015
27.5136
41.4367
55.1543
68.942
82.2922
95.2943
108.908
121.795
135.351
148.219
160.24
172.467
185.526
197.314
209.347
220.907
232.131
13.9284
27.8568
41.6293
55.4617
68.884
81.9878
95.7183
108.724
122.413
135.418
147.628
160.031
173.277
185.284
197.568
209.344
220.844
13.9284
27.7308
41.5933
55.0727
68.2642
82.0975
95.2103
109.018
122.147
134.536
147.105
160.527
172.743
185.27
197.254
209.022
13.8924
27.7849
41.3401
54.6443
68.6003
81.8352
95.7758
109.041
121.631
134.38
147.99
160.431
173.22
185.421
197.474
13.8924
27.4591
40.8044
54.8179
68.1175
82.134
95.483
108.208
121.083
134.826
147.435
160.424
172.795
185.076
13.6015
27.0185
41.1096
54.4885
68.593
82.0366
94.921
107.935
121.824
134.618
147.828
160.378
172.905
13.4536
27.5862
41.0122
55.1725
68.6804
81.6884
94.8103
108.812
121.758
135.152
147.851
160.59
14.1421
27.5862
41.7732
55.3173
68.4105
81.6088
95.6922
108.757
122.299
135.118
148.034
13.4536
27.6586
41.2311
54.4059
67.6757
81.8352
95.0158
108.706
121.643
134.737
14.2127
27.8029
41.0488
54.3783
68.6003
81.8841
95.7079
108.747
122.004
13.6015
26.9258
40.3113
54.5894
67.9779
81.939
95.0789
108.503
13.4164
26.8328
41.1461
54.626
68.7095
81.9329
95.5092
13.4164
27.7308
41.2311
55.3624
68.6222
82.28
14.3178
27.8568
42.0595
55.3624
69.1231
13.6015
27.8927
41.2311
55.109
14.3178
27.6586
41.5933
13.3417
27.2947
14.0357
