90
11.0454
21.095
32.249
43.566
54.9181
65.5134
76.4003
86.6833
97.0824
107.564
117.924
128.445
138.192
147.648
157.28
167.586
176.4
186.011
194.445
202.943
211.691
219.221
227.035
235.104
242.118
249.435
255.635
262.374
268.604
274.117
279.122
284.45
288.765
293.027
297.659
300.433
303.567
307.05
309.685
311.713
312.968
314.632
315.699
316.191
316.002
316.228
315.767
314.735
313.107
311.888
309.894
307.293
303.842
300.741
298
293.401
289.171
284.888
279.589
273.748
269.134
262.932
256.223
250.05
242.759
235.773
227.728
219.939
212.434
203.708
195.233
186.818
177.229
168.434
158.146
148.529
139.09
129.356
118.849
108.503
98.0306
87.6413
77.3692
66.4906
55.9017
44.5533
33.2415
22.0907
12.0416
10.0499
21.2132
32.5576
43.9318
54.5711
65.521
75.8947
86.3771
96.933
107.424
118.068
127.941
137.557
147.34
157.813
166.82
176.641
185.27
194
202.97
210.761
218.826
227.139
234.438
242.033
248.51
255.566
262.088
267.944
273.271
278.916
283.558
288.175
293.157
296.287
299.775
303.608
306.615
309.006
310.653
312.706
314.159
315
315.228
315.839
315.729
315.087
313.857
313.037
311.416
309.201
306.114
303.383
301.015
296.786
292.933
289
284.042
278.568
274.308
268.427
262.069
256.205
249.227
242.563
234.798
227.299
220.095
211.634
203.435
195.256
185.925
177.37
167.296
157.877
148.647
139.086
128.752
118.596
108.24
97.9847
87.8635
77.1038
66.6108
55.3263
44.1022
33.0151
23
11.1803
22.561
33.9559
44.643
55.6597
66.1287
76.6942
87.3212
97.9439
108.706
118.701
128.472
138.398
149.03
158.221
168.241
177.054
186.003
195.182
203.217
211.518
220.057
227.622
235.476
242.211
249.562
256.353
262.528
268.153
274.089
279.034
283.979
289.282
292.74
296.554
300.707
304.056
306.78
308.785
311.194
313
314.159
314.77
315.729
315.94
315.653
314.784
314.326
313.045
311.178
308.423
306.026
303.995
300.102
296.589
292.971
288.321
283.177
279.235
273.642
267.599
262.011
255.314
248.938
241.423
234.184
227.247
219.021
211.066
203.096
193.992
185.648
175.764
166.517
157.471
148.061
137.877
127.883
117.631
107.49
97.4936
86.8332
76.4199
65.192
54.037
43
33.0151
11.4018
22.8035
33.5261
44.5982
55.1543
65.7951
76.4853
87.2353
98.1122
108.227
118.152
128.222
139.014
148.395
158.619
167.622
176.799
186.196
194.489
203.039
211.816
219.666
227.794
234.804
242.471
249.552
256.07
262.017
268.269
273.542
278.842
284.494
288.312
292.481
296.985
300.707
303.798
306.198
309
311.194
312.706
313.74
315.087
315.653
315.763
315.297
315.243
314.341
312.866
310.483
308.462
306.809
303.295
300.167
296.906
292.606
287.837
284.255
278.993
273.309
268.039
261.664
255.619
248.395
241.456
234.828
226.877
219.208
211.483
202.647
194.551
184.895
175.855
167.027
157.801
147.801
138.004
127.883
117.886
108.046
97.5141
87.2067
76.0592
65
54.037
44.1022
11.4018
22.1359
33.2415
43.8634
54.5619
65.2993
76.1577
87.1321
97.3499
107.415
117.614
128.55
138.105
148.519
157.699
167.093
176.695
185.235
194.023
203.027
211.152
219.545
226.824
234.798
242.161
249.018
255.282
261.843
267.442
273.095
279.093
283.27
287.793
292.647
296.744
300.202
303
306.198
308.785
310.653
312.117
313.857
314.784
315.297
315.243
315.601
315.087
314.014
312.016
310.382
309.118
305.997
303.266
300.375
296.439
292.062
288.855
283.938
278.632
273.695
267.66
261.964
255.049
248.429
242.128
234.472
227.108
219.647
211.102
203.273
193.866
185.054
176.465
167.443
157.648
148.071
138.101
128.269
118.609
108.227
98.0459
87
76.0592
65.192
55.3263
10.7703
21.9317
32.6497
43.4166
54.2033
65.192
76.2758
86.6083
96.8297
107.168
118.258
128.004
138.622
147.99
157.613
167.431
176.233
185.27
194.51
202.921
211.589
219.146
227.438
235.091
242.297
248.888
255.766
261.696
267.711
274.06
278.604
283.487
288.694
293.171
297
300.202
303.798
306.78
309.006
310.904
313.037
314.326
315.243
315.601
316.37
316.244
315.571
313.955
312.706
311.827
309.095
306.757
304.232
300.656
296.665
293.825
289.249
284.313
279.702
274
268.643
262.031
255.721
249.736
242.365
235.296
228.09
219.823
212.25
203.081
194.487
186.124
177.294
167.693
158.319
148.492
138.813
129.314
119.067
109
98.0459
87.2067
76.4199
66.6108
11.1803
21.9545
32.7567
43.566
54.6443
65.8027
76.2168
86.5563
97
108.208
118.106
128.888
138.409
148.223
158.218
167.242
176.491
185.93
194.589
203.494
211.294
219.864
227.772
235.287
242.167
249.327
255.556
261.895
268.561
273.437
278.649
284.176
289
293.171
296.744
300.707
304.056
306.615
308.916
311.416
313.045
314.341
315.087
316.244
316.484
316.191
314.941
314.059
313.547
311.191
309.231
307.059
303.832
300.217
297.733
293.491
288.919
284.628
279.256
274.235
267.925
261.926
256.258
249.177
242.405
235.459
227.477
220.168
211.249
202.882
194.756
186.132
176.74
167.586
157.918
148.408
139.09
129
119.067
108.227
97.5141
86.8332
77.1038
10.8167
21.6333
32.45
43.6005
54.8179
65.2993
75.743
86.2786
97.591
107.629
118.562
128.226
138.221
148.385
157.623
167.075
176.706
185.607
194.743
202.781
211.625
219.784
227.607
234.776
242.217
248.745
255.409
262.393
267.606
273.148
279
284.176
288.694
292.647
296.985
300.707
303.608
306.323
309.201
311.178
312.866
314.014
315.571
316.191
316.294
315.425
314.925
314.797
312.834
311.27
309.467
306.609
303.389
301.281
297.392
293.205
289.254
284.234
279.571
273.585
267.918
262.589
255.82
249.369
242.706
235.034
228.011
219.365
211.249
203.384
194.987
185.828
176.918
167.431
158.114
149
139.09
129.314
118.609
108.046
97.4936
87.8635
10.8167
21.6333
32.8024
44.0454
54.5619
65.0692
75.6637
87.046
97.1854
108.231
118.004
128.141
138.438
147.851
157.471
167.26
176.366
185.699
193.941
203.022
211.4
219.495
226.921
234.61
241.406
248.365
255.635
261.155
267
273.148
278.649
283.487
287.793
292.481
296.554
299.775
302.881
306.114
308.423
310.483
312.016
313.955
314.941
315.425
314.925
314.797
315.04
313.461
312.285
310.846
308.35
305.523
303.784
300.248
296.446
292.836
288.17
283.868
278.212
272.883
267.899
261.452
255.331
248.96
241.611
234.887
226.53
218.68
211.092
202.941
194.034
185.389
176.102
167
158.114
148.408
138.813
128.269
117.886
107.49
97.9847
10.8167
22.0227
33.3017
43.8634
54.4518
65.1153
76.5768
86.8332
98.0051
107.898
118.191
128.631
138.235
148.034
157.991
167.314
176.853
185.311
194.641
203.246
211.625
219.317
227.264
234.337
241.599
249.163
255
261.155
267.606
273.437
278.604
283.27
288.312
292.74
296.287
299.79
303.383
306.026
308.462
310.382
312.706
314.059
314.925
314.797
315.04
315.653
314.46
313.67
312.592
310.459
308.021
306.65
303.463
300.042
296.769
292.453
288.506
283.177
278.18
273.534
267.402
261.605
255.519
248.485
242.052
233.976
226.385
219.064
211.149
202.485
194.093
185
176.102
167.431
157.918
148.492
138.101
127.883
117.631
108.24
11.3137
22.6274
33.2415
43.9318
54.6717
66.2193
76.6094
87.9204
97.9439
108.407
119
128.81
138.798
148.93
158.483
168.238
176.921
186.51
195.351
204.025
211.993
220.204
227.563
235.136
243
249.163
255.635
262.393
268.561
274.06
279.093
284.494
289.282
293.157
297.061
301.015
303.995
306.809
309.118
311.827
313.547
314.797
315.04
315.653
316.635
315.826
315.42
314.701
312.928
310.876
309.866
307.026
303.98
301.04
297.069
293.471
288.461
283.79
279.475
273.651
268.168
262.36
255.633
249.479
241.677
234.335
227.271
219.584
211.152
203
194.093
185.389
176.918
167.586
158.319
148.071
138.004
127.883
118.596
11.3137
21.9317
32.6497
43.4166
55
65.4599
76.8505
86.954
97.5295
108.227
118.186
128.316
138.578
148.314
158.24
167.108
176.912
185.952
194.879
203.089
211.533
219.146
227
235.136
241.599
248.365
255.409
261.895
267.711
273.095
278.842
283.979
288.175
292.474
296.786
300.102
303.295
305.997
309.095
311.191
312.834
313.461
314.46
315.826
315.42
315.42
315.083
313.694
312.058
311.437
308.974
306.34
303.765
300.177
296.966
292.318
288.016
284.074
278.605
273.485
268.002
261.633
255.812
248.338
241.299
234.546
227.141
219
211.152
202.485
194.034
185.828
176.74
167.693
157.648
147.801
137.877
128.752
10.6301
21.4009
32.2025
43.8292
54.3783
65.8635
76.0592
86.764
97.5756
107.703
117.987
128.39
138.322
148.432
157.496
167.529
176.777
185.973
194.435
203.121
211
219.146
227.563
234.337
241.406
248.745
255.556
261.696
267.442
273.542
279.034
283.558
288.259
292.933
296.589
300.167
303.266
306.757
309.231
311.27
312.285
313.67
315.42
315.42
315.826
315.869
314.865
313.643
313.409
311.321
309.095
306.883
303.674
300.847
296.557
292.617
289.043
283.924
279.159
273.995
267.978
262.48
255.327
248.582
242.132
235
227.141
219.584
211.149
202.941
194.987
186.132
177.294
167.443
157.801
148.061
139.086
10.8167
21.6333
33.2866
43.909
55.4707
65.7419
76.5572
87.4643
97.7394
108.157
118.68
128.787
139.058
148.297
158.534
167.967
177.406
186.097
195
203.121
211.533
220.204
227.264
234.61
242.217
249.327
255.766
261.843
268.269
274.089
278.916
283.989
289
292.971
296.906
300.375
304.232
307.059
309.467
310.846
312.592
314.701
315.083
315.869
316.269
315.628
314.797
314.925
313.193
311.353
309.483
306.635
304.171
300.222
296.628
293.402
288.617
284.192
279.331
273.651
268.464
261.62
255.159
249
242.132
234.546
227.271
219.064
211.092
203.384
194.756
186.124
176.465
167.027
157.471
148.647
10.8167
22.4722
33.121
44.7214
55.0364
65.9242
76.896
87.2812
97.8008
108.416
118.663
129.066
138.452
148.862
158.455
168.107
177
186.097
194.435
203.089
211.993
219.317
226.921
234.776
242.167
248.888
255.282
262.017
268.153
273.271
278.706
284.042
288.321
292.606
296.439
300.656
303.832
306.609
308.35
310.459
312.928
313.694
314.865
315.628
315.357
314.925
315.425
314.059
312.618
311.103
308.629
306.544
302.952
299.722
296.864
292.433
288.368
283.833
278.514
273.66
267.152
261
255.159
248.582
241.299
234.335
226.385
218.68
211.249
202.882
194.487
185.054
175.855
166.517
157.877
11.6619
22.3607
34.0147
44.3847
55.3624
66.4078
76.922
87.5557
98.27
108.674
119.218
128.763
139.359
149.121
159
168.107
177.406
185.973
194.879
204.025
211.625
219.495
227.607
235.287
242.297
249.018
256.07
262.528
267.944
273.748
279.415
284.007
288.647
292.85
297.431
300.96
304.109
306.217
308.691
311.52
312.674
314.231
315.357
315.457
315.425
316.294
315.294
314.25
313.088
310.987
309.277
306.041
303.17
300.674
296.594
292.884
288.669
283.706
279.179
273
267.152
261.62
255.327
248.338
241.677
233.976
226.53
219.365
211.249
203.081
193.866
184.895
175.764
167.296
10.7703
22.4722
32.8938
43.9659
55.0818
65.7343
76.4853
87.2983
97.8673
108.559
118.271
129.062
139
149.121
158.455
167.967
176.777
185.952
195.351
203.246
211.4
219.784
227.772
235.091
242.161
249.552
256.353
262.088
268.287
274.308
279.235
284.255
288.855
293.825
297.733
301.281
303.784
306.65
309.866
311.437
313.409
314.925
315.425
315.824
317.09
316.484
315.869
315.087
313.39
312.083
309.233
306.751
304.646
300.945
297.619
293.752
289.173
285
279.179
273.66
268.464
262.48
255.812
249.479
242.052
234.887
228.011
220.168
212.25
203.273
194.551
185.648
177.37
11.7047
22.1359
33.2415
44.3847
55.109
65.9242
76.7919
87.4643
98.2497
108.074
119
129.062
139.359
148.862
158.534
167.529
176.912
186.51
194.641
203.022
211.625
219.864
227.438
234.798
242.471
249.562
255.566
262.103
268.427
273.642
278.993
283.938
289.249
293.491
297.392
300.248
303.463
307.026
308.974
311.321
313.193
314.059
314.854
316.484
316.244
316.027
315.601
314.282
313.356
310.871
308.759
307.026
303.691
300.734
297.204
293
289.173
283.706
278.514
273.651
267.978
261.633
255.633
248.485
241.611
235.034
227.477
219.823
211.102
202.647
193.992
185.925
10.4403
21.587
32.7567
43.566
54.4518
65.3758
76.1643
87.0517
97
108.074
118.271
128.763
138.452
148.297
157.496
167.108
176.921
185.311
193.941
202.781
211.294
219.146
226.824
234.804
242.211
248.51
255.415
262.069
267.599
273.309
278.632
284.313
288.919
293.205
296.446
300.042
303.98
306.34
309.095
311.353
312.618
313.844
315.869
316.027
316.244
316.204
315.297
314.784
312.698
310.987
309.658
306.72
304.164
301
297.204
293.752
288.669
283.833
279.331
273.995
268.002
262.36
255.519
248.96
242.706
235.459
228.09
219.647
211.483
203.096
195.256
11.1803
22.3607
33.2415
44.1814
55.1453
66.0303
77
87.0517
98.2497
108.559
119.218
129.066
139.058
148.432
158.24
168.238
176.853
185.699
194.743
203.494
211.589
219.545
227.794
235.476
242.033
249.263
256.205
262.011
268.039
273.695
279.702
284.628
289.254
292.836
296.769
301.04
303.765
306.883
309.483
311.103
312.712
315.087
315.601
316.204
316.509
315.97
315.826
314.097
312.746
311.777
309.196
307
304.164
300.734
297.619
292.884
288.368
284.192
279.159
273.485
268.168
261.605
255.331
249.369
242.405
235.296
227.108
219.208
211.066
203.435
11.1803
22.0907
33.0606
44.0454
55
66.0303
76.1643
87.4643
97.8673
108.674
118.663
128.787
138.322
148.314
158.483
167.314
176.366
185.607
194.589
202.921
211.152
219.666
227.622
234.438
241.994
249.227
255.314
261.664
267.66
274
279.256
284.234
288.17
292.453
297.069
300.177
303.674
306.635
308.629
310.644
313.39
314.282
315.297
315.97
315.826
316.078
314.735
313.772
313.193
311
309.196
306.72
303.691
300.945
296.594
292.433
288.617
283.924
278.605
273.651
267.402
261.452
255.82
249.177
242.365
234.472
226.877
219.021
211.634
11
22
33
44.0454
55.1453
65.3758
76.7919
87.2983
98.27
108.416
118.68
128.39
138.578
148.93
157.991
167.26
176.706
185.93
194.51
203.027
211.816
220.057
227.139
235.032
242.563
248.938
255.619
261.964
268.643
274.235
279.571
283.868
288.506
293.471
296.966
300.847
304.171
306.544
308.968
312.083
313.356
314.784
315.826
316.078
316.724
315.767
315.192
315
313.193
311.777
309.658
307.026
304.646
300.674
296.864
293.402
289.043
284.074
279.475
273.534
267.899
262.589
256.258
249.736
242.128
234.828
227.247
220.095
11
22
33.0606
44.1814
54.4518
65.9242
76.4853
87.5557
97.8008
108.157
117.987
128.316
138.798
148.034
157.471
167.075
176.491
185.27
194.023
203.039
211.518
218.826
227.009
234.798
241.423
248.395
255.049
262.031
267.925
273.585
278.212
283.177
288.461
292.318
296.557
300.222
302.952
305.765
309.233
310.871
312.698
314.097
314.735
315.767
315.192
315
315.192
313.772
312.746
310.987
308.759
306.751
303.17
299.722
296.628
292.617
288.016
283.79
278.18
272.883
267.918
261.926
255.721
248.429
241.456
234.184
227.299
11
22.0907
33.2415
43.566
55.109
65.7343
76.922
87.2812
97.7394
107.703
118.186
128.81
138.235
147.851
157.623
167.242
176.233
185.235
194.489
203.217
210.761
219.244
227.299
234.184
241.456
248.429
255.721
261.926
267.918
272.883
278.18
283.79
288.016
292.617
296.628
299.722
302.927
306.751
308.759
310.987
312.746
313.772
315.192
315
315.192
315.767
314.735
314.097
312.698
310.871
309.233
306.041
302.952
300.222
296.557
292.318
288.461
283.177
278.212
273.585
267.925
262.031
255.049
248.395
241.423
234.798
11.1803
22.3607
32.7567
44.3847
55.0818
66.4078
76.896
87.4643
97.5756
108.227
119
128.631
138.438
148.385
158.218
167.431
176.695
186.196
195.182
202.97
211.766
220.095
227.247
234.828
242.128
249.736
256.258
262.589
267.899
273.534
279.475
284.074
289.043
293.402
296.864
300.466
304.646
307.026
309.658
311.777
313.193
315
315.192
315.767
316.724
316.078
315.826
314.784
313.356
312.083
309.277
306.544
304.171
300.847
296.966
293.471
288.506
283.868
279.571
274.235
268.643
261.964
255.619
248.938
242.563
11.1803
21.587
33.2415
43.9659
55.3624
65.9242
76.5572
86.764
97.5295
108.407
118.191
128.141
138.221
148.223
157.613
167.093
176.799
186.003
194
203.066
211.634
219.021
226.877
234.472
242.365
249.177
255.82
261.452
267.402
273.651
278.605
283.924
288.617
292.433
296.42
300.945
303.691
306.72
309.196
311
313.193
313.772
314.735
316.078
315.826
315.97
315.297
314.282
313.39
310.987
308.629
306.635
303.674
300.177
297.069
292.453
288.17
284.234
279.256
274
267.66
261.664
255.314
249.227
10.4403
22.1359
32.8938
44.3847
55.0364
65.7419
76.0592
86.954
97.9439
107.898
118.004
128.226
138.409
147.99
157.699
167.622
177.054
185.27
194.62
203.435
211.066
219.208
227.108
235.296
242.405
249.369
255.331
261.605
268.168
273.485
279.159
284.192
288.368
292.746
297.619
300.734
304.164
307
309.196
311.777
312.746
314.097
315.826
315.97
316.509
316.204
315.601
315.087
313.088
311.103
309.483
306.883
303.765
301.04
296.769
292.836
289.254
284.628
279.702
273.695
268.039
262.011
256.205
11.7047
22.4722
34.0147
44.7214
55.4707
65.8635
76.8505
87.9204
98.0051
108.231
118.562
128.888
138.622
148.519
158.619
168.241
176.641
186.231
195.256
203.096
211.483
219.647
228.09
235.459
242.706
248.96
255.519
262.36
268.002
273.995
279.331
283.833
288.564
293.752
297.204
301
304.164
306.72
309.658
310.987
312.698
314.784
315.297
316.204
316.244
316.027
315.869
314.25
312.618
311.353
309.095
306.34
303.98
300.042
296.446
293.205
288.919
284.313
278.632
273.309
267.599
262.069
10.7703
22.3607
33.121
43.909
54.3783
65.4599
76.6094
86.8332
97.1854
107.629
118.106
128.004
138.105
148.395
158.221
166.82
176.672
185.925
193.992
202.647
211.102
219.823
227.477
235.034
241.611
248.485
255.633
261.633
267.978
273.651
278.514
283.637
289.173
293
297.204
300.734
303.691
307.026
308.759
310.871
313.356
314.282
315.601
316.027
316.244
316.484
315.294
314.059
313.193
311.321
308.974
307.026
303.463
300.248
297.392
293.491
289.249
283.938
278.993
273.642
268.427
11.6619
22.4722
33.2866
43.8292
55
66.2193
76.5768
87.046
97.591
108.208
118.258
128.55
139.014
149.03
157.813
167.908
177.37
185.648
194.551
203.273
212.25
220.168
228.011
234.887
242.052
249.479
255.812
262.48
268.464
273.66
279.145
285
289.173
293.752
297.619
300.945
304.646
306.751
309.233
312.083
313.39
315.087
315.869
316.484
317.09
316.294
315.425
314.925
313.409
311.437
309.866
306.65
303.784
301.281
297.733
293.825
288.855
284.255
279.235
274.308
10.8167
21.6333
32.2025
43.4166
54.6717
65.1153
75.6637
86.2786
97
107.168
117.614
128.222
138.398
147.34
157.648
167.296
175.764
184.895
193.866
203.081
211.249
219.365
226.53
233.976
241.677
248.338
255.327
261.62
267.152
273.002
279.179
283.706
288.669
292.884
296.594
300.674
303.17
306.041
309.277
310.987
313.088
314.25
315.294
316.294
315.927
315.457
315.357
314.231
312.674
311.52
308.691
306.217
304.109
300.96
297.431
292.85
288.647
284.007
279.415
10.8167
21.4009
32.6497
43.9318
54.4518
65.0692
75.743
86.5563
96.8297
107.415
118.152
128.472
137.557
148.061
157.877
166.517
175.855
185.054
194.487
202.882
211.249
218.68
226.385
234.335
241.299
248.582
255.159
261
267.187
273.66
278.514
283.833
288.368
292.433
296.864
299.722
302.952
306.544
308.629
311.103
312.618
314.059
315.425
315.457
315.357
315.628
314.865
313.694
312.928
310.459
308.35
306.609
303.832
300.656
296.439
292.606
288.321
284.042
10.6301
21.9317
33.2415
43.8634
54.5619
65.2993
76.2168
86.6083
97.3499
108.227
118.701
127.941
138.654
148.647
157.471
167.027
176.465
186.124
194.756
203.384
211.092
219.064
227.271
234.546
242.132
249
255.159
261.691
268.464
273.651
279.331
284.192
288.617
293.402
296.628
300.222
304.171
306.635
309.483
311.353
313.193
314.925
315.357
315.628
316.269
315.869
315.083
314.701
312.592
310.846
309.467
307.059
304.232
300.375
296.906
292.971
289
11.3137
22.6274
33.3017
44.0454
54.8179
65.8027
76.2758
87.1321
98.1122
108.706
118.068
128.95
139.086
148.061
157.801
167.443
177.294
186.132
194.987
202.941
211.149
219.584
227.141
235
242.132
248.582
255.431
262.48
267.978
273.995
279.159
283.924
289.043
292.617
296.557
300.847
303.674
306.883
309.095
311.321
313.409
314.231
314.865
315.869
315.826
315.42
315.42
313.67
312.285
311.27
309.231
306.757
303.266
300.167
296.589
292.933
11.3137
22.0227
32.8024
43.6005
54.6443
65.192
76.1577
87.2353
97.9439
107.424
118.474
128.752
137.877
147.801
157.648
167.693
176.74
185.828
194.034
202.485
211.152
219
227.141
234.546
241.299
248.477
255.812
261.633
268.002
273.485
278.605
284.074
288.016
292.318
296.966
300.177
303.765
306.34
308.974
311.437
312.674
313.694
315.083
315.42
315.42
315.826
314.46
313.461
312.834
311.191
309.095
305.997
303.295
300.102
296.786
10.8167
21.6333
32.45
43.566
54.2033
65.2993
76.4853
87.3212
96.933
108.167
118.596
127.883
138.004
148.071
158.319
167.586
176.918
185.389
194.093
203
211.152
219.584
227.271
234.335
241.853
249.479
255.633
262.36
268.168
273.651
279.475
283.79
288.461
293.471
297.069
301.04
303.98
307.026
309.866
311.52
312.928
314.701
315.42
315.826
316.635
315.653
315.04
314.797
313.547
311.827
309.118
306.809
303.995
301.015
10.8167
21.6333
32.7567
43.4166
54.5619
65.7951
76.6942
86.3771
97.719
108.24
117.631
127.883
138.101
148.492
157.918
167.431
176.102
185
194.093
202.485
211.149
219.064
226.385
234.184
242.052
248.485
255.519
261.605
267.402
273.534
278.18
283.177
288.506
292.453
296.769
300.042
303.463
306.65
308.691
310.459
312.592
313.67
314.46
315.653
315.04
314.797
314.925
314.059
312.706
310.382
308.462
306.026
303.383
10.8167
21.9545
32.6497
43.8634
55.1543
66.1287
75.8947
87.3613
97.9847
107.49
117.886
128.269
138.813
148.408
158.114
167
176.102
185.389
194.034
202.941
211.092
218.68
226.771
234.887
241.611
248.96
255.331
261.452
267.899
272.883
278.212
283.868
288.17
292.836
296.446
300.248
303.784
306.217
308.35
310.846
312.285
313.461
315.04
314.797
314.925
315.425
314.941
313.955
312.016
310.483
308.423
306.114
11.1803
21.9317
33.2415
44.5982
55.6597
65.521
77.1298
87.8635
97.4936
108.046
118.609
129.314
139.09
149
158.114
167.431
176.918
185.828
194.987
203.384
211.249
219.641
228.011
235.034
242.706
249.369
255.82
262.589
267.918
273.585
279.571
284.234
289.254
293.205
297.392
301.281
304.109
306.609
309.467
311.27
312.834
314.797
314.925
315.425
316.294
316.191
315.571
314.014
312.866
311.178
309.201
10.7703
22.1359
33.5261
44.643
54.5711
66.2873
77.1038
86.8332
97.5141
108.227
119.067
129
139.09
148.408
157.918
167.586
176.74
186.132
194.756
202.882
211.559
220.168
227.477
235.459
242.405
249.177
256.258
261.926
267.925
274.235
279.256
284.628
288.919
293.491
297.733
300.96
303.832
307.059
309.231
311.191
313.547
314.059
314.941
316.191
316.484
316.244
315.087
314.341
313.045
311.416
11.4018
22.8035
33.9559
43.9318
55.7315
66.6108
76.4199
87.2067
98.0459
109
119.067
129.314
138.813
148.492
158.319
167.693
177.294
186.124
194.487
203.423
212.25
219.823
228.09
235.296
242.365
249.736
255.721
262.031
268.643
274
279.702
284.313
289.249
293.825
297.431
300.656
304.232
306.757
309.095
311.827
312.706
313.955
315.571
316.244
316.37
315.601
315.243
314.326
313.037
11.4018
22.561
32.5576
44.4072
55.3263
65.192
76.0592
87
98.0459
108.227
118.609
128.269
138.101
148.071
157.648
167.443
176.465
185.054
194.24
203.273
211.102
219.647
227.108
234.472
242.128
248.429
255.049
261.964
267.66
273.695
278.632
283.938
288.855
292.85
296.439
300.375
303.266
305.997
309.118
310.382
312.016
314.014
315.087
315.601
315.243
315.297
314.784
313.857
11.1803
21.2132
33.1361
44.1022
54.037
65
76.0592
87.2067
97.5141
108.046
117.886
127.883
138.004
147.801
157.801
167.027
175.855
185.302
194.551
202.647
211.483
219.208
226.877
234.828
241.456
248.395
255.619
261.664
268.039
273.309
278.993
284.255
288.647
292.606
296.906
300.167
303.295
306.809
308.462
310.483
312.866
314.341
315.243
315.297
315.763
315.653
315.087
10.0499
22.0227
33.0151
43
54.037
65.192
76.4199
86.8332
97.4936
107.49
117.631
127.883
137.877
148.061
157.471
166.517
176.204
185.648
193.992
203.096
211.066
219.021
227.247
234.184
241.423
248.938
255.314
262.011
267.599
273.642
279.235
284.007
288.321
292.971
296.589
300.102
303.995
306.026
308.423
311.178
313.045
314.326
314.784
315.653
315.94
315.729
12
23
33.0151
44.1022
55.3263
66.6108
77.1038
87.8635
97.9847
108.24
118.596
128.752
139.086
148.647
157.877
167.765
177.37
185.925
195.256
203.435
211.634
220.095
227.299
234.798
242.563
249.227
256.205
262.069
268.427
274.308
279.415
284.042
289
292.933
296.786
301.015
303.383
306.114
309.201
311.416
313.037
313.857
315.087
315.729
315.839
11
21.0238
32.1403
43.4166
54.7449
65.307
76.1577
86.4002
96.7678
107.224
117.546
128.035
137.753
147.177
157.28
167.057
175.841
185.421
193.83
202.299
211.021
218.525
226.314
234.361
241.35
248.646
254.825
261.543
267.755
273.249
278.237
283.551
287.851
292.099
296.719
299.481
302.605
306.08
308.707
310.728
311.978
313.637
314.701
315.192
10.0499
21.2132
32.5576
43.9318
54.5711
65.521
75.8947
86.3771
96.933
107.424
118.068
127.941
137.557
147.872
157.813
166.82
176.641
185.27
194
202.97
210.761
218.826
227.139
234.438
242.033
248.51
255.566
262.088
267.944
273.271
278.916
283.558
288.175
293.157
296.287
299.775
303.608
306.615
309.006
310.653
312.706
314.159
315
11.1803
22.561
33.9559
44.643
55.6597
66.1287
76.6942
87.3212
97.9439
108.706
118.701
128.472
138.957
149.03
158.221
168.241
177.054
186.003
195.182
203.217
211.518
220.057
227.622
235.476
242.211
249.562
256.353
262.528
268.153
274.089
279.034
283.979
289.282
292.74
296.554
300.707
304.056
306.78
308.785
311.194
313
314.159
11.4018
22.8035
33.5261
44.5982
55.1543
65.7951
76.4853
87.2353
98.1122
108.227
118.152
128.81
139.014
148.395
158.619
167.622
176.799
186.196
194.489
203.039
211.816
219.666
227.794
234.804
242.471
249.552
256.07
262.017
268.269
273.542
278.842
284.494
288.312
292.481
296.985
300.707
303.798
306.198
309
311.194
312.706
11.4018
22.1359
33.2415
43.8634
54.5619
65.2993
76.1577
87.1321
97.3499
107.415
118.229
128.55
138.105
148.519
157.699
167.093
176.695
185.235
194.023
203.027
211.152
219.545
226.824
234.798
242.161
249.018
255.282
261.843
267.442
273.095
279.093
283.27
287.793
292.647
296.744
300.202
303
306.198
308.785
310.653
10.7703
21.9317
32.6497
43.4166
54.2033
65.192
76.2758
86.6083
96.8297
107.815
118.258
128.004
138.622
147.99
157.613
167.431
176.233
185.27
194.51
202.921
211.589
219.146
227.438
235.091
242.297
248.888
255.766
261.696
267.711
274.06
278.604
283.487
288.694
293.171
297
300.202
303.798
306.78
309.006
11.1803
21.9545
32.7567
43.566
54.6443
65.8027
76.2168
86.5563
97.6729
108.208
118.106
128.888
138.409
148.223
158.218
167.242
176.491
185.93
194.589
203.494
211.294
219.864
227.772
235.287
242.167
249.327
255.556
261.895
268.561
273.437
278.649
284.176
289
293.171
296.744
300.707
304.056
306.615
10.8167
21.6333
32.45
43.6005
54.8179
65.2993
75.743
86.977
97.591
107.629
118.562
128.226
138.221
148.385
157.623
167.075
176.706
185.607
194.743
202.781
211.625
219.784
227.607
234.776
242.217
248.745
255.409
262.393
267.606
273.148
279
284.176
288.694
292.647
296.985
300.707
303.608
10.8167
21.6333
32.8024
44.0454
54.5619
65.0692
76.3806
87.046
97.1854
108.231
118.004
128.141
138.438
147.851
157.471
167.26
176.366
185.699
193.941
203.022
211.4
219.495
226.921
234.61
241.406
248.365
255.635
261.155
267
273.148
278.649
283.487
287.793
292.481
296.554
299.775
10.8167
22.0227
33.3017
43.8634
54.4518
65.8559
76.5768
86.8332
98.0051
107.898
118.191
128.631
138.235
148.034
157.991
167.314
176.853
185.311
194.641
203.246
211.625
219.317
227.264
234.337
241.599
249.163
255
261.155
267.606
273.437
278.604
283.27
288.312
292.74
296.287
11.3137
22.6274
33.2415
43.9318
55.4437
66.2193
76.6094
87.9204
97.9439
108.407
119
128.81
138.798
148.93
158.483
168.238
176.921
186.51
195.351
204.025
211.993
220.204
227.563
235.136
243
249.163
255.635
262.393
268.561
274.06
279.093
284.494
289.282
293.157
11.3137
21.9317
32.6497
44.2041
55
65.4599
76.8505
86.954
97.5295
108.227
118.186
128.316
138.578
148.314
158.24
167.108
176.912
185.952
194.879
203.089
211.533
219.146
227
235.136
241.599
248.365
255.409
261.895
267.711
273.095
278.842
283.979
288.175
10.6301
21.4009
33.0151
43.8292
54.3783
65.8635
76.0592
86.764
97.5756
107.703
117.987
128.39
138.322
148.432
157.496
167.529
176.777
185.973
194.435
203.121
211
219.146
227.563
234.337
241.406
248.745
255.556
261.696
267.442
273.542
279.034
283.558
10.8167
22.4722
33.2866
43.909
55.4707
65.7419
76.5572
87.4643
97.7394
108.157
118.68
128.787
139.058
148.297
158.534
167.967
177.406
186.097
195
203.121
211.533
220.204
227.264
234.61
242.217
249.327
255.766
261.843
268.269
274.089
278.916
11.6619
22.4722
33.121
44.7214
55.0364
65.9242
76.896
87.2812
97.8008
108.416
118.663
129.066
138.452
148.862
158.455
168.107
177
186.097
194.435
203.089
211.993
219.317
226.921
234.776
242.167
248.888
255.282
262.017
268.153
273.271
10.8167
21.4709
33.1059
43.4626
54.4243
65.4599
75.9605
86.5852
97.2934
107.689
118.229
127.769
138.362
148.122
158
167.108
176.409
184.978
193.889
203.039
210.647
218.525
226.645
234.335
241.357
248.091
255.157
261.63
267.06
10.7703
22.4722
32.8938
43.9659
55.0818
65.7343
76.4853
87.2983
97.8673
108.559
118.271
129.062
139
149.121
158.455
167.967
176.777
185.952
195.351
203.246
211.4
219.784
227.772
235.091
242.161
249.552
256.353
262.088
11.7047
22.1359
33.2415
44.3847
55.109
65.9242
76.7919
87.4643
98.2497
108.074
119
129.062
139.359
148.862
158.534
167.529
176.912
186.51
194.641
203.022
211.625
219.864
227.438
234.798
242.471
249.562
255.566
10.4403
21.587
32.7567
43.566
54.4518
65.3758
76.1643
87.0517
97
108.074
118.271
128.763
138.452
148.297
157.496
167.108
176.921
185.311
193.941
202.781
211.294
219.146
226.824
234.804
242.211
248.51
11.1803
22.3607
33.2415
44.1814
55.1453
66.0303
77
87.0517
98.2497
108.559
119.218
129.066
139.058
148.432
158.24
168.238
176.853
185.699
194.743
203.494
211.589
219.545
227.794
235.476
242.033
11.1803
22.0907
33.0606
44.0454
55
66.0303
76.1643
87.4643
97.8673
108.674
118.663
128.787
138.322
148.314
158.483
167.314
176.366
185.607
194.589
202.921
211.152
219.666
227.622
234.438
11
22
33
44.0454
55.1453
65.3758
76.7919
87.2983
98.27
108.416
118.68
128.39
138.578
148.93
157.991
167.26
176.706
185.93
194.51
203.027
211.816
220.057
227.139
11
22
33.0606
44.1814
54.4518
65.9242
76.4853
87.5557
97.8008
108.157
117.987
128.316
138.798
148.034
157.471
167.075
176.491
185.27
194.023
203.039
211.518
218.826
11
22.0907
33.2415
43.566
55.109
65.7343
76.922
87.2812
97.7394
107.703
118.186
128.81
138.235
147.851
157.623
167.242
176.233
185.235
194.489
203.217
210.761
11.1803
22.3607
32.7567
44.3847
55.0818
66.4078
76.896
87.4643
97.5756
108.227
119
128.631
138.438
148.385
158.218
167.431
176.695
186.196
195.182
202.97
11.1803
21.587
33.2415
43.9659
55.3624
65.9242
76.5572
86.764
97.5295
108.407
118.191
128.141
138.221
148.223
157.613
167.093
176.799
186.003
194
10.4403
22.1359
32.8938
44.3847
55.0364
65.7419
76.0592
86.954
97.9439
107.898
118.004
128.226
138.409
147.99
157.699
167.622
177.054
185.27
11.7047
22.4722
34.0147
44.7214
55.4707
65.8635
76.8505
87.9204
98.0051
108.231
118.562
128.888
138.622
148.519
158.619
168.241
176.641
10.7703
22.3607
33.121
43.909
54.3783
65.4599
76.6094
86.8332
97.1854
107.629
118.106
128.004
138.105
148.395
158.221
166.82
11.6619
22.4722
33.2866
43.8292
55
66.2193
76.5768
87.046
97.591
108.208
118.258
128.55
139.014
149.03
157.813
10.8167
21.6333
32.2025
43.4166
54.6717
65.1153
75.6637
86.2786
97
107.168
117.614
128.222
138.398
147.34
10.8167
21.4009
32.6497
43.9318
54.4518
65.0692
75.743
86.5563
96.8297
107.415
118.152
128.472
137.557
10.6301
21.9317
33.2415
43.8634
54.5619
65.2993
76.2168
86.6083
97.3499
108.227
118.701
127.941
11.3137
22.6274
33.3017
44.0454
54.8179
65.8027
76.2758
87.1321
98.1122
108.706
118.068
11.3137
22.0227
32.8024
43.6005
54.6443
65.192
76.1577
87.2353
97.9439
107.424
10.8167
21.6333
32.45
43.566
54.2033
65.2993
76.4853
87.3212
96.933
10.8167
21.6333
32.7567
43.4166
54.5619
65.7951
76.6942
86.3771
10.8167
21.9545
32.6497
43.8634
55.1543
66.1287
75.8947
11.1803
21.9317
33.2415
44.5982
55.6597
65.521
10.7703
22.1359
33.5261
44.643
54.5711
11.4018
22.8035
33.9559
43.9318
11.4018
22.561
32.5576
11.1803
21.2132
10.0499
