90
18.0278
37.1214
56.3205
74.8131
93.5575
112.588
130.969
149.04
167.287
185.397
203.158
220.229
237.474
254.118
270.651
287.155
303.152
318.423
333.287
347.753
362.505
376.223
389.693
402.94
415.352
426.864
438.262
449.589
459.51
469.473
478.649
487.045
495.591
502.494
509.624
516.103
521.009
526.545
530.529
533.985
537.122
539.912
541.266
542.299
542.001
542.333
541.335
539.912
537.122
533.985
530.529
526.545
521.009
516.103
509.624
502.494
495.591
487.045
478.649
469.473
459.51
449.589
438.262
426.864
415.352
402.94
389.693
376.223
362.505
347.753
333.287
318.423
303.152
287.155
270.651
254.118
237.474
220.229
203.158
185.397
167.287
149.04
130.969
112.588
93.5575
74.8131
56.3205
38.1182
19.0263
19.105
38.3275
56.8859
75.71
94.8314
113.323
131.552
149.94
168.241
186.215
203.494
221
237.901
254.717
271.531
287.837
303.463
318.686
333.516
348.662
362.802
376.701
390.387
403.272
415.249
427.126
438.945
449.384
459.883
469.596
478.533
487.64
495.101
502.812
509.883
515.388
521.518
526.106
530.19
533.945
537.345
539.335
541
541.334
542.264
541.901
541.084
538.911
536.4
533.58
530.212
525.282
520.988
515.119
508.587
502.26
494.297
486.465
477.849
468.446
459.07
448.264
437.374
426.357
414.451
401.676
388.671
375.41
361.089
347.023
332.557
317.682
302.035
285.883
269.676
253.332
236.394
219.572
202.072
184.201
166.138
148.277
130.05
111.158
92.5419
74.1687
56.0357
37
19.2354
37.855
56.7539
75.9605
94.5569
112.947
131.472
149.967
168.158
185.648
203.421
220.586
237.693
254.825
271.45
287.446
303.041
318.248
333.802
348.382
362.73
376.873
390.252
402.717
415.095
427.43
438.412
449.472
459.749
469.256
478.953
487.001
495.323
503.019
509.156
515.911
521.138
525.884
530.292
534.338
537
539.335
540.338
541.901
542.212
542.038
540.52
538.674
536.531
533.816
529.532
525.89
520.67
514.776
509.062
501.722
494.491
486.474
477.67
468.875
458.628
448.282
437.796
426.433
414.165
401.659
388.891
375.033
361.4
347.363
332.916
317.648
301.877
286.024
270.007
253.403
236.856
219.641
202.032
184.177
166.544
148.492
129.757
111.288
93.0484
75
56.0357
18.6815
37.6431
56.921
75.6108
94.1541
112.805
131.484
149.883
167.574
185.607
203.027
220.418
237.861
254.796
271.155
287.117
302.695
318.65
333.665
348.455
363.05
376.92
389.868
402.743
415.589
427.112
438.731
449.57
459.644
469.93
478.565
487.497
495.816
502.587
509.967
515.834
521.245
526.308
531
534.338
537.345
539.022
541.222
542.21
542.683
541.827
540.651
539.189
537.135
533.504
530.519
525.955
520.707
515.614
508.906
502.284
494.875
486.68
478.475
468.796
459.004
449.058
438.248
426.499
414.502
402.236
388.855
375.665
362.068
348.059
333.182
317.805
302.318
286.639
270.379
254.12
237.2
219.866
202.23
184.838
166.973
148.408
130.096
112
94.0479
75.1665
18.9737
38.2753
57.0088
75.6439
94.3716
113.177
131.727
149.566
167.8
185.421
203.039
220.737
237.929
254.594
270.867
286.763
303.066
318.46
333.641
348.634
362.944
376.324
389.647
402.955
414.972
427.102
438.456
449.055
459.884
469.064
478.565
487.468
494.834
502.801
509.274
515.314
521
526.308
530.292
533.945
536.27
539.083
540.726
541.827
541.613
541.092
540.296
538.889
535.9
533.563
529.649
525.042
520.566
514.488
508.476
501.677
494.095
486.486
477.386
468.158
458.764
448.52
437.305
425.837
414.093
401.209
388.486
375.353
361.809
347.351
332.399
317.309
302.002
286.122
270.185
253.6
236.58
219.203
202.094
184.459
166.108
148
130.096
112.285
93.5361
19.3132
38.0789
56.7979
75.591
94.5145
113.208
131.187
149.616
167.431
185.27
203.217
220.658
237.626
254.207
270.416
287.063
302.835
318.402
333.793
348.54
362.353
376.124
389.894
402.405
415.047
426.919
438.043
449.419
459.148
469.221
478.712
486.68
495.238
502.323
509
515.314
521.245
525.884
530.19
533.174
536.606
538.915
540.651
541.092
541.237
541.117
540.367
538.034
536.355
533.104
529.151
525.305
519.871
514.482
508.307
501.352
494.353
485.845
477.196
468.367
458.705
448.04
437.114
425.907
413.537
401.294
388.641
375.577
361.554
347.04
332.363
317.441
301.957
286.356
270.12
253.428
236.326
219.513
202.121
184
166.108
148.408
130.752
112.147
18.7883
37.5899
56.4358
75.4718
94.3027
112.414
131.034
149.037
167.093
185.284
202.97
220.239
237.124
253.645
270.633
286.782
302.736
318.523
333.708
347.955
362.174
376.407
389.416
402.573
414.966
426.62
438.545
448.83
459.479
469.564
478.14
487.297
495
502.323
509.274
515.834
521.138
526.106
529.759
533.821
536.805
539.189
540.296
541.117
541.687
541.607
539.943
538.934
536.359
533.074
529.87
525.095
520.343
514.806
508.493
502.118
494.217
486.161
477.913
468.846
458.747
448.379
437.724
425.883
414.135
401.976
389.406
375.832
361.773
347.523
333.002
317.926
302.676
286.803
270.453
253.64
237.135
220
202.121
184.459
166.973
149.482
131.034
18.868
37.7359
56.8595
75.8024
94.0213
112.805
130.969
149.215
167.622
185.526
203.066
220.229
237.034
254.332
270.83
287.141
303.295
318.889
333.542
348.18
362.846
376.324
389.967
402.852
415.008
427.454
438.266
449.464
460.114
469.273
479
487.297
495.238
502.801
509.967
515.911
521.518
525.817
530.487
534.125
537.135
538.889
540.367
541.607
542.178
541.166
540.811
538.897
536.266
533.69
529.562
525.435
520.525
514.844
509.083
501.782
494.314
486.639
478.163
468.626
458.813
448.706
437.393
426.142
414.478
402.403
389.283
375.682
361.863
347.748
333.089
318.198
302.696
286.698
270.185
254
237.135
219.513
202.094
184.838
167.529
149.255
18.868
38.0132
57.0088
75.2861
94.1754
112.45
130.832
149.402
167.475
185.235
202.625
219.666
237.228
254.026
270.647
287.124
303.081
318.097
333.114
348.174
362.083
376.173
389.515
402.139
415.072
426.381
438.098
449.285
459
469.273
478.14
486.68
494.834
502.587
509.156
515.388
520.323
525.589
529.873
533.504
535.9
538.034
539.943
541.166
540.811
541.115
539.869
537.901
535.964
532.496
529.009
524.742
519.711
514.584
507.906
501.049
493.974
486.115
477.169
467.941
458.416
447.666
436.945
425.812
414.27
401.643
388.542
375.197
361.531
347.333
332.845
317.762
302.166
286
270.185
253.64
236.326
219.203
202.23
185.154
167.108
19.2094
38.2884
56.6392
75.6637
94.0691
112.61
131.366
149.626
167.631
185.27
202.566
220.411
237.531
254.484
271.301
287.642
303.041
318.454
333.924
348.281
362.836
376.651
389.759
403.194
415.014
427.263
439
449.285
460.114
469.564
478.712
487.468
495.816
503.019
509.883
515.461
521.329
526.263
530.519
533.563
536.355
538.934
540.811
541.115
542.075
541.496
540.19
538.889
536.078
533.226
529.598
525.212
520.712
514.65
508.396
501.91
494.659
486.294
477.641
468.684
458.486
448.282
437.667
426.643
414.494
401.877
388.99
375.757
362
347.899
333.216
318
302.166
286.698
270.453
253.428
236.58
219.866
203.002
185.162
19.105
37.4833
56.5862
75.0733
93.723
112.614
131.015
149.215
167.057
184.564
202.647
220.045
237.287
254.403
271.089
286.833
302.605
318.449
333.222
348.208
362.465
376.028
389.936
402.244
415
427.263
438.098
449.464
459.479
469.221
478.565
487.497
495.323
502.812
509.028
515.493
521.076
525.955
529.649
533.104
536.359
538.897
539.869
541.496
541.599
540.97
540.32
538.187
535.99
533.023
529.306
525.458
520.04
514.417
508.552
501.941
494.191
486.148
477.797
468.188
458.541
448.483
438.019
426.392
414.304
401.92
389.166
375.9
362.233
348
333.216
317.762
302.696
286.803
270.12
253.6
237.2
220.601
203.022
18.3848
37.5366
56.0803
74.8131
93.8136
112.33
130.698
148.718
166.412
184.708
202.359
219.864
237.255
254.26
270.326
286.435
302.63
317.796
333.191
347.868
361.865
376.225
389
402.244
415.014
426.381
438.266
448.83
459.148
469.064
478.565
487.001
495.101
501.942
508.993
515.214
520.707
525.042
529.151
533.074
536.266
537.901
540.19
540.97
541.015
541.015
539.557
538.015
535.709
532.663
529.469
524.699
519.711
514.471
508.506
501.378
493.952
486.215
477.205
468.125
458.635
448.743
437.649
426.104
414.238
401.976
389.217
376
362.233
347.899
332.845
318.198
302.676
286.356
270.185
254.12
237.807
220.511
19.2094
37.8021
56.6127
75.7166
94.3398
112.872
131.061
148.933
167.431
185.324
203.081
220.735
238.046
254.421
270.852
287.383
302.926
318.713
333.793
348.207
363
376.225
389.936
403.194
415.072
427.454
438.545
449.419
459.884
469.93
478.953
487.64
495.084
502.697
509.53
515.614
520.566
525.305
529.87
533.69
535.964
538.889
540.32
541.015
541.639
540.833
539.92
538.251
535.851
533.285
529.14
524.765
520.125
514.782
508.254
501.423
494.276
485.845
477.31
468.367
459.025
448.447
437.425
426.058
414.272
402
389.217
375.9
362
347.333
333.089
317.926
301.957
286.122
270.379
254.342
237.32
18.6011
37.4433
56.6039
75.2928
93.9415
112.259
130.269
148.93
167.027
185
202.882
220.465
237.118
253.842
270.681
286.575
302.729
318.19
333
348.207
361.865
376.028
389.759
402.139
415.008
426.62
438.043
449.055
459.644
469.256
478.533
486.585
494.766
502.221
508.906
514.488
519.871
525.095
529.562
532.496
536.078
538.187
539.557
540.833
540.708
540.456
539.456
537.737
535.836
532.353
528.629
524.63
519.951
514.067
507.876
501.366
493.561
485.619
477.272
468.531
458.519
448.074
437.257
426
414.272
401.976
389.166
375.757
361.531
347.748
333.002
317.441
302.002
286.639
270.934
254.244
18.868
38.0789
56.8243
75.5844
94.0213
112.161
130.973
149.265
167.443
185.54
203.384
220.302
237.306
254.437
270.668
287.174
303
318.19
333.793
347.868
362.465
376.651
389.515
402.852
414.966
426.919
438.456
449.57
459.749
469.596
478.235
486.963
495.019
502.284
508.476
514.482
520.343
525.435
529.009
533.226
535.99
538.015
539.92
540.456
540.845
540.493
539.434
538.177
535.337
532.245
528.868
524.832
519.574
514.004
508.112
500.915
493.55
485.783
477.624
468.165
458.279
448
437.257
426.058
414.238
401.92
388.99
375.197
361.863
347.523
332.363
317.309
302.318
286.937
270.573
19.2354
38.0132
56.8595
75.3923
93.6376
112.579
131.042
149.402
167.693
185.777
202.941
220.204
237.609
254.159
271
287.174
302.729
318.713
333.191
348.208
362.836
376.173
389.967
402.573
415.047
427.102
438.731
449.472
459.883
469.107
478.377
487.032
494.875
501.677
508.307
514.806
520.525
524.742
529.598
533.023
535.709
538.251
539.456
540.493
540.8
540.412
539.809
537.626
535.179
532.437
529.06
524.444
519.511
514.255
507.685
500.915
493.746
486.19
477.303
468
458.279
448.074
437.425
426.104
414.304
401.877
388.542
375.682
361.773
347.04
332.399
317.805
302.775
286.765
18.7883
37.6962
56.3028
74.6324
93.6803
112.294
130.817
149.282
167.586
184.978
202.485
220.145
237
254.159
270.668
286.575
302.926
317.796
333.222
348.281
362.083
376.324
389.416
402.405
414.972
427.112
438.412
449.384
459.192
469.004
478.257
486.68
494.095
501.352
508.493
514.844
519.711
525.212
529.306
532.663
535.851
537.737
539.434
540.412
540.708
540.774
539.262
537.477
535.385
532.685
528.728
524.452
519.85
513.928
507.774
501.224
494.292
486
477.303
468.165
458.519
448.447
437.649
426.392
414.494
401.643
389.283
375.832
361.554
347.351
333.182
318.529
302.899
18.9737
37.6431
56.0446
75.1864
93.9415
112.614
131.24
149.753
167.362
185.097
203
220.145
237.609
254.437
270.681
287.383
302.63
318.449
333.924
348.174
362.846
376.407
389.894
402.955
415.589
427.43
438.945
449.319
459.656
469.49
478.475
486.486
494.353
502.118
509.083
514.584
520.712
525.458
529.469
533.285
535.836
538.177
539.809
540.774
541.491
540.638
539.498
538.043
536.004
532.693
529.06
525.099
519.812
514.262
508.319
502
494.292
486.19
477.624
468.531
459.025
448.743
438.019
426.643
414.27
402.403
389.406
375.577
361.809
348.059
333.781
318.529
18.6815
37.108
56.2939
75.1332
93.9042
112.641
131.309
149.084
167
185.097
202.485
220.204
237.306
253.842
270.852
286.435
302.605
318.454
333.114
348.18
362.174
376.124
389.647
402.743
415.095
427.126
438.041
448.879
459.27
468.796
477.386
485.845
494.217
501.782
507.906
514.65
520.04
524.699
529.14
532.353
535.337
537.626
539.262
540.638
540.449
539.965
539.157
537.792
535.143
532.17
528.868
524.238
519.312
514
508.319
501.224
493.746
485.783
477.272
468.367
458.635
448.483
437.667
425.812
414.478
401.976
388.641
375.353
362.068
348.21
333.384
18.4391
37.6563
56.5685
75.4255
94.2603
113.071
131
149.084
167.362
184.978
202.941
220.302
237.118
254.421
270.326
286.833
303.041
318.097
333.542
347.955
362.353
376.324
389.868
402.717
415.249
426.691
438.015
448.95
459.004
468.158
477.196
486.161
494.314
501.049
508.396
514.417
519.711
524.765
528.629
532.245
535.179
537.477
539.498
539.965
540.127
539.956
539.256
537.261
534.939
532.288
528.307
524
519.312
514.262
507.774
500.915
493.55
485.619
477.31
468.125
458.541
448.282
436.945
426.142
414.135
401.294
388.486
375.665
362.228
347.83
19.2354
38.2099
57.1402
76.0592
95
113.071
131.309
149.753
167.586
185.777
203.384
220.465
238.046
254.26
271.089
287.642
303.081
318.889
333.708
348.54
362.944
376.92
390.252
403.272
415.226
427.023
438.488
449.058
458.764
468.367
477.913
486.639
493.974
501.91
508.552
514.471
520.125
524.63
528.868
532.437
535.385
538.043
539.157
539.956
540.416
540.371
539.022
537.345
535.337
532
528.307
524.238
519.812
513.928
507.685
500.915
493.561
485.845
477.205
468.188
458.486
447.666
437.393
425.883
413.537
401.209
388.855
375.842
361.876
19.0263
38.0132
57
76.0592
94.2603
112.641
131.24
149.282
167.693
185.54
202.882
220.735
237.255
254.403
271.301
287.124
303.295
318.523
333.793
348.634
363.05
376.873
390.387
402.866
415.145
427.151
438.248
448.52
458.705
468.846
478.163
486.115
494.659
501.941
508.506
514.782
519.951
524.832
529.06
532.685
536.004
537.792
539.256
540.371
541.011
540.338
539.335
538
535.337
532.288
528.868
525.099
519.85
514.255
508.112
501.366
494.276
486.215
477.797
468.684
458.416
448.706
437.724
425.907
414.093
402.236
389.678
376.175
19
38.0132
57.1402
75.4255
93.9042
112.614
130.817
149.402
167.443
185
203.081
219.864
237.287
254.484
270.647
287.141
302.736
318.402
333.641
348.455
362.73
376.701
389.668
402.394
414.907
426.499
437.305
448.04
458.747
468.626
477.169
486.294
494.191
501.378
508.254
514.067
519.574
524.444
528.728
532.693
535.143
537.261
539.022
540.338
540.334
540
539.335
537.345
534.939
532.17
529.06
524.452
519.511
514.004
507.876
501.423
493.952
486.148
477.641
467.941
458.813
448.379
437.114
425.837
414.502
402.424
389.412
19.0263
38.2099
56.5685
75.1332
93.9415
112.294
131.042
149.265
167.027
185.324
202.359
220.045
237.531
254.026
270.83
286.782
302.835
318.46
333.665
348.382
362.802
376.247
389.412
402.424
414.502
425.837
437.114
448.379
458.813
467.941
477.641
486.148
493.952
501.423
507.876
514.004
519.511
524.452
529.06
532.17
534.939
537.345
539.335
540
540.334
540.338
539.022
537.261
535.143
532.693
528.728
524.444
519.574
514.067
508.254
501.378
494.191
486.294
477.169
468.626
458.747
448.04
437.305
426.499
414.907
402.394
19.2354
37.6563
56.2939
75.1864
93.6803
112.579
130.973
148.93
167.431
184.708
202.647
220.411
237.228
254.332
270.633
287.063
303.066
318.65
333.802
348.662
362.58
376.175
389.678
402.236
414.093
425.907
437.724
448.706
458.416
468.684
477.797
486.215
494.276
501.366
508.112
514.255
519.85
525.099
528.868
532.288
535.337
538
539.335
540.338
541.011
540.371
539.256
537.792
536.004
532.685
529.06
524.832
519.951
514.782
508.506
501.941
494.659
486.115
478.163
468.846
458.705
448.52
438.248
427.151
415.145
18.4391
37.108
56.0446
74.6324
93.6376
112.161
130.269
148.933
166.412
184.564
202.566
219.666
237.034
253.645
270.416
286.763
302.695
318.248
333.516
347.876
361.876
375.842
388.855
401.209
413.537
425.883
437.393
447.666
458.486
468.188
477.205
485.845
493.561
500.915
507.685
513.928
519.812
524.238
528.307
532
535.337
537.345
539.022
540.371
540.416
539.956
539.157
538.043
535.385
532.437
528.868
524.63
520.125
514.471
508.552
501.91
493.974
486.639
477.913
468.367
458.764
449.058
438.488
427.023
18.6815
37.6431
56.3028
75.3923
94.0213
112.259
131.061
148.718
167.057
185.27
202.625
220.229
237.124
254.207
270.867
287.117
303.041
318.686
333.458
347.83
362.228
375.665
388.486
401.294
414.135
426.142
436.945
448.282
458.541
468.125
477.31
485.619
493.55
500.915
507.774
514.262
519.312
524
528.307
532.288
534.939
537.261
539.256
539.956
540.127
539.965
539.498
537.477
535.179
532.245
528.629
524.765
519.711
514.417
508.396
501.049
494.314
486.161
477.196
468.158
459.004
448.95
438.015
18.9737
37.6962
56.8595
75.5844
93.9415
112.872
130.698
149.215
167.631
185.235
203.066
220.239
237.626
254.594
271.155
287.446
303.463
318.642
333.384
348.21
362.068
375.353
388.641
401.976
414.478
425.812
437.667
448.483
458.635
468.367
477.272
485.783
493.746
501.224
508.319
514
519.312
524.238
528.868
532.17
535.143
537.792
539.157
539.965
540.449
540.638
539.262
537.626
535.337
532.353
529.14
524.699
520.04
514.65
507.906
501.782
494.217
485.845
477.386
468.796
459.27
448.879
18.7883
38.0132
56.8243
75.2928
94.3398
112.33
131.015
149.626
167.475
185.526
202.97
220.658
237.929
254.796
271.45
287.837
303.422
318.529
333.781
348.059
361.809
375.577
389.406
402.403
414.27
426.643
438.019
448.743
459.025
468.531
477.624
486.19
494.292
502
508.319
514.262
519.812
525.099
529.06
532.693
536.004
538.043
539.498
540.638
541.491
540.774
539.809
538.177
535.836
533.285
529.469
525.458
520.712
514.584
509.083
502.118
494.353
486.486
478.475
469.49
459.656
19.2354
38.0789
56.6039
75.7166
93.8136
112.614
131.366
149.402
167.622
185.284
203.217
220.737
237.861
254.825
271.531
287.472
302.899
318.529
333.182
347.351
361.554
375.832
389.283
401.643
414.494
426.392
437.649
448.447
458.519
468.165
477.303
486
494.292
501.224
507.774
513.928
519.85
524.452
528.728
532.685
535.385
537.477
539.262
540.774
540.708
540.412
539.434
537.737
535.851
532.663
529.306
525.212
519.711
514.844
508.493
501.352
494.095
486.68
478.257
469.004
18.868
37.4433
56.6127
74.8131
93.723
112.61
130.832
149.215
167.093
185.27
203.039
220.418
237.693
254.717
271.017
286.765
302.775
317.805
332.399
347.04
361.773
375.682
388.542
401.877
414.304
426.104
437.425
448.074
458.279
468
477.303
486.19
493.746
500.915
507.685
514.255
519.511
524.444
529.06
532.437
535.179
537.626
539.809
540.412
540.8
540.493
539.456
538.251
535.709
533.023
529.598
524.742
520.525
514.806
508.307
501.677
494.875
487.032
478.377
18.6011
37.8021
56.0803
75.0733
94.0691
112.45
130.969
149.037
167.431
185.421
203.027
220.586
237.901
254.531
270.573
286.937
302.318
317.309
332.363
347.523
361.863
375.197
388.99
401.92
414.238
426.058
437.257
448
458.279
468.165
477.624
485.783
493.55
500.915
508.112
514.004
519.574
524.832
528.868
532.245
535.337
538.177
539.434
540.493
540.845
540.456
539.92
538.015
535.99
533.226
529.009
525.435
520.343
514.482
508.476
502.284
495.019
486.963
19.2094
37.5366
56.5862
75.6637
94.1754
112.805
131.034
149.616
167.8
185.607
203.421
221
237.933
254.244
270.934
286.639
302.002
317.441
333.002
347.748
361.531
375.757
389.166
401.976
414.272
426
437.257
448.074
458.519
468.531
477.272
485.619
493.561
501.366
507.876
514.067
519.951
524.63
528.629
532.353
535.836
537.737
539.456
540.456
540.708
540.833
539.557
538.187
536.078
532.496
529.562
525.095
519.871
514.488
508.906
502.221
494.766
18.3848
37.4833
56.6392
75.2861
94.0213
112.414
131.187
149.566
167.574
185.648
203.494
220.737
237.32
254.342
270.379
286.122
301.957
317.926
333.089
347.333
362
375.9
389.217
402
414.272
426.058
437.425
448.447
459.025
468.367
477.31
485.845
494.276
501.423
508.254
514.782
520.125
524.765
529.14
533.285
535.851
538.251
539.92
540.833
541.639
541.015
540.32
538.889
535.964
533.69
529.87
525.305
520.566
515.614
509.53
502.697
19.105
38.2884
57.0088
75.8024
94.3027
113.208
131.727
149.883
168.158
186.215
203.708
220.511
237.807
254.12
270.185
286.356
302.676
318.198
332.845
347.899
362.233
376
389.217
401.976
414.238
426.104
437.649
448.743
458.635
468.125
477.205
486.215
493.952
501.378
508.506
514.471
519.711
524.699
529.469
532.663
535.709
538.015
539.557
541.015
541.015
540.97
540.19
537.901
536.266
533.074
529.151
525.042
520.707
515.214
508.993
19.2094
38.0132
56.8595
75.4718
94.5145
113.177
131.484
149.967
168.241
185.995
203.022
220.601
237.2
253.6
270.12
286.803
302.696
317.762
333.216
348
362.233
375.9
389.166
401.92
414.304
426.392
438.019
448.483
458.541
468.188
477.797
486.148
494.191
501.941
508.552
514.417
520.04
525.458
529.306
533.023
535.99
538.187
540.32
540.97
541.599
541.496
539.869
538.897
536.359
533.104
529.649
525.955
521.076
515.493
18.868
37.7359
56.4358
75.591
94.3716
112.805
131.472
149.94
167.932
185.162
203.002
219.866
236.58
253.428
270.453
286.698
302.166
318
333.216
347.899
362
375.757
388.99
401.877
414.494
426.643
437.667
448.282
458.486
468.684
477.641
486.294
494.659
501.91
508.396
514.65
520.712
525.212
529.598
533.226
536.078
538.889
540.19
541.496
542.075
541.115
540.811
538.934
536.355
533.563
530.519
526.263
521.329
18.868
37.5899
56.7979
75.6439
94.1541
112.947
131.552
149.723
167.108
185.154
202.23
219.203
236.326
253.64
270.185
286
302.166
317.762
332.845
347.333
361.531
375.197
388.542
401.643
414.27
425.812
436.945
447.666
458.416
467.941
477.169
486.115
493.974
501.049
507.906
514.584
519.711
524.742
529.009
532.496
535.964
537.901
539.869
541.115
540.811
541.166
539.943
538.034
535.9
533.504
529.873
525.589
18.7883
38.0789
57.0088
75.6108
94.5569
113.323
131.7
149.255
167.529
184.838
202.094
219.513
237.135
254
270.185
286.698
302.696
318.198
333.089
347.748
361.863
375.682
389.283
402.403
414.478
426.142
437.393
448.706
458.813
468.626
478.163
486.639
494.314
501.782
509.083
514.844
520.525
525.435
529.562
533.69
536.266
538.897
540.811
541.166
542.178
541.607
540.367
538.889
537.135
534.125
530.487
19.3132
38.2753
56.921
75.9605
94.8314
113.358
131.034
149.482
166.973
184.459
202.121
220
237.135
253.64
270.453
286.803
302.676
317.926
333.002
347.523
361.773
375.832
389.406
401.976
414.135
425.883
437.724
448.379
458.747
468.846
477.913
486.161
494.217
502.118
508.493
514.806
520.343
525.095
529.87
533.074
536.359
538.934
539.943
541.607
541.687
541.117
540.296
539.189
536.805
533.821
18.9737
37.6431
56.7539
75.71
94.3663
112.147
130.752
148.408
166.108
184
202.121
219.513
236.326
253.428
270.12
286.356
301.957
317.441
332.363
347.04
361.554
375.577
388.641
401.294
413.537
425.907
437.114
448.04
458.705
468.367
477.196
485.845
494.353
501.352
508.307
514.482
519.871
525.305
529.151
533.104
536.355
538.034
540.367
541.117
541.237
541.092
540.651
538.915
536.606
18.6815
37.855
56.8859
75.6637
93.5361
112.285
130.096
148
166.108
184.459
202.094
219.203
236.58
253.6
270.185
286.122
302.002
317.309
332.399
347.351
361.809
375.353
388.486
401.209
414.093
425.837
437.305
448.52
458.764
468.158
477.386
486.486
494.095
501.677
508.476
514.488
520.566
525.042
529.649
533.563
535.9
538.889
540.296
541.092
541.613
541.827
540.726
539.083
19.2354
38.3275
57.2189
75.1665
94.0479
112
130.096
148.408
166.973
184.838
202.23
219.866
237.2
254.12
270.379
286.639
302.318
317.805
333.182
348.059
362.068
375.665
388.855
402.236
414.502
426.499
438.248
449.058
459.004
468.796
478.475
486.68
494.875
502.284
508.906
515.614
520.707
525.955
530.519
533.504
537.135
539.189
540.651
541.827
542.683
542.21
541.222
19.105
38.0526
56.0357
75
93.0484
111.288
129.757
148.492
166.544
184.177
202.032
219.641
236.856
253.403
270.007
286.024
301.877
317.648
332.916
347.363
361.4
375.033
388.891
401.659
414.165
426.433
437.796
448.282
458.628
468.875
477.67
486.474
494.491
501.722
509.062
514.776
520.67
525.89
529.532
533.816
536.531
538.674
540.52
542.038
542.212
541.901
19
37
56.0357
74.1687
92.5419
111.158
130.05
148.277
166.138
184.201
202.072
219.572
236.394
253.332
269.676
285.883
302.035
317.682
332.557
347.023
361.089
375.41
388.671
401.676
414.451
426.357
437.374
448.264
459.07
468.446
477.849
486.465
494.297
502.26
508.587
515.119
520.988
525.282
530.212
533.58
536.4
538.911
541.084
541.901
542.264
18
37.054
55.2268
73.6817
92.3959
111.4
129.757
147.801
166.027
184.114
201.854
218.909
236.136
252.765
269.284
285.776
301.763
317.025
331.883
346.344
361.093
374.809
388.28
401.528
413.943
425.461
436.866
448.201
458.132
468.108
477.298
485.709
494.271
501.193
508.343
514.844
519.773
525.334
529.344
532.828
535.994
538.814
540.268
541.299
19.105
37.3363
55.9017
74.7329
93.8616
112.361
130.602
149
167.314
185.302
202.596
220.118
237.036
253.87
270.703
287.028
302.676
317.921
332.773
347.943
362.108
376.033
389.745
402.657
414.663
426.568
438.415
448.884
459.414
469.158
478.127
487.266
494.759
502.503
509.608
515.147
521.31
525.933
530.051
533.841
537.276
539.335
541
18.2483
36.8782
55.7853
75
93.6056
112.009
130.545
149.054
167.26
184.765
202.556
219.738
236.865
254.018
270.662
286.681
302.3
317.53
333.108
347.714
362.088
376.258
389.667
402.159
414.566
426.93
437.943
449.035
459.343
468.882
478.612
486.692
495.047
502.777
508.949
515.737
520.999
525.78
530.224
534.303
537
539.335
18.6815
37.6431
56.921
75.6108
94.1541
112.805
131.484
149.883
167.574
185.607
203.027
220.418
237.861
254.796
271.155
287.117
302.695
318.65
333.665
348.455
363.05
376.92
389.868
402.743
415.589
427.112
438.731
449.57
459.644
469.93
478.565
487.497
495.816
502.587
509.967
515.834
521.245
526.308
531
534.303
537.276
18.9737
38.2753
57.0088
75.6439
94.3716
113.177
131.727
149.566
167.8
185.421
203.039
220.737
237.929
254.594
270.867
286.763
303.066
318.46
333.641
348.634
362.944
376.324
389.647
402.955
414.972
427.102
438.456
449.055
459.884
469.064
478.565
487.468
494.834
502.801
509.274
515.314
521
526.308
530.224
533.841
19.3132
38.0789
56.7979
75.591
94.5145
113.208
131.187
149.616
167.431
185.27
203.217
220.658
237.626
254.207
270.416
287.063
302.835
318.402
333.793
348.54
362.353
376.124
389.894
402.405
415.047
426.919
438.043
449.419
459.148
469.221
478.712
486.68
495.238
502.323
509
515.314
521.245
525.78
530.051
18.7883
37.5899
56.4358
75.4718
94.3027
112.414
131.034
149.037
167.093
185.284
202.97
220.239
237.124
253.645
270.633
286.782
302.736
318.523
333.708
347.955
362.174
376.407
389.416
402.573
414.966
426.62
438.545
448.83
459.479
469.564
478.14
487.297
495
502.323
509.274
515.834
520.999
525.933
18.868
37.7359
56.8595
75.8024
94.0213
112.805
130.969
149.215
167.622
185.526
203.066
220.229
237.034
254.332
270.83
287.141
303.295
318.889
333.542
348.18
362.846
376.324
389.967
402.852
415.008
427.454
438.266
449.464
460.114
469.273
479
487.297
495.238
502.801
509.967
515.737
521.31
18.868
38.0132
57.0088
75.2861
94.1754
112.45
130.832
149.402
167.475
185.235
202.625
219.666
237.228
254.026
270.647
287.124
303.081
318.097
333.114
348.174
362.083
376.173
389.515
402.139
415.072
426.381
438.098
449.285
459
469.273
478.14
486.68
494.834
502.587
508.949
515.147
19.2094
38.2884
56.6392
75.6637
94.0691
112.61
131.366
149.626
167.631
185.27
202.566
220.411
237.531
254.484
271.301
287.642
303.041
318.454
333.924
348.281
362.836
376.651
389.759
403.194
415.014
427.263
439
449.285
460.114
469.564
478.712
487.468
495.816
502.777
509.608
19.105
37.4833
56.5862
75.0733
93.723
112.614
131.015
149.215
167.057
184.564
202.647
220.045
237.287
254.403
271.089
286.833
302.605
318.449
333.222
348.208
362.465
376.028
389.936
402.244
415
427.263
438.098
449.464
459.479
469.221
478.565
487.497
495.047
502.503
18.3848
37.5366
56.0803
74.8131
93.8136
112.33
130.698
148.718
166.412
184.708
202.359
219.864
237.255
254.26
270.326
286.435
302.63
317.796
333.191
347.868
361.865
376.225
389
402.244
415.014
426.381
438.266
448.83
459.148
469.064
478.565
486.692
494.759
19.2094
37.8021
56.6127
75.7166
94.3398
112.872
131.061
148.933
167.431
185.324
203.081
220.735
238.046
254.421
270.852
287.383
302.926
318.713
333.793
348.207
363
376.225
389.936
403.194
415.072
427.454
438.545
449.419
459.884
469.93
478.612
487.266
18.6011
37.4433
56.6039
75.2928
93.9415
112.259
130.269
148.93
167.027
185
202.882
220.465
237.118
253.842
270.681
286.575
302.729
318.19
333
348.207
361.865
376.028
389.759
402.139
415.008
426.62
438.043
449.055
459.644
468.882
478.127
18.868
38.0789
56.8243
75.5844
94.0213
112.161
130.973
149.265
167.443
185.54
203.384
220.302
237.306
254.437
270.668
287.174
303
318.19
333.793
347.868
362.465
376.651
389.515
402.852
414.966
426.919
438.456
449.57
459.343
469.158
19.2354
38.0132
56.8595
75.3923
93.6376
112.579
131.042
149.402
167.693
185.777
202.941
220.204
237.609
254.159
271
287.174
302.729
318.713
333.191
348.208
362.836
376.173
389.967
402.573
415.047
427.102
438.731
449.035
459.414
18.7883
37.6962
56.3028
74.6324
93.6803
112.294
130.817
149.282
167.586
184.978
202.485
220.145
237
254.159
270.668
286.575
302.926
317.796
333.222
348.281
362.083
376.324
389.416
402.405
414.972
427.112
437.943
448.884
18.9737
37.6431
56.0446
75.1864
93.9415
112.614
131.24
149.753
167.362
185.097
203
220.145
237.609
254.437
270.681
287.383
302.63
318.449
333.924
348.174
362.846
376.407
389.894
402.955
415.589
426.93
438.415
18.6815
37.108
56.2939
75.1332
93.9042
112.641
131.309
149.084
167
185.097
202.485
220.204
237.306
253.842
270.852
286.435
302.605
318.454
333.114
348.18
362.174
376.124
389.647
402.743
414.566
426.568
18.4391
37.6563
56.5685
75.4255
94.2603
113.071
131
149.084
167.362
184.978
202.941
220.302
237.118
254.421
270.326
286.833
303.041
318.097
333.542
347.955
362.353
376.324
389.868
402.159
414.663
19.2354
38.2099
57.1402
76.0592
95
113.071
131.309
149.753
167.586
185.777
203.384
220.465
238.046
254.26
271.089
287.642
303.081
318.889
333.708
348.54
362.944
376.92
389.667
402.657
19.0263
38.0132
57
76.0592
94.2603
112.641
131.24
149.282
167.693
185.54
202.882
220.735
237.255
254.403
271.301
287.124
303.295
318.523
333.793
348.634
363.05
376.258
389.745
19
38.0132
57.1402
75.4255
93.9042
112.614
130.817
149.402
167.443
185
203.081
219.864
237.287
254.484
270.647
287.141
302.736
318.402
333.641
348.455
362.088
376.033
19.0263
38.2099
56.5685
75.1332
93.9415
112.294
131.042
149.265
167.027
185.324
202.359
220.045
237.531
254.026
270.83
286.782
302.835
318.46
333.665
347.714
362.108
19.2354
37.6563
56.2939
75.1864
93.6803
112.579
130.973
148.93
167.431
184.708
202.647
220.411
237.228
254.332
270.633
287.063
303.066
318.65
333.108
347.943
18.4391
37.108
56.0446
74.6324
93.6376
112.161
130.269
148.933
166.412
184.564
202.566
219.666
237.034
253.645
270.416
286.763
302.695
317.53
332.773
18.6815
37.6431
56.3028
75.3923
94.0213
112.259
131.061
148.718
167.057
185.27
202.625
220.229
237.124
254.207
270.867
287.117
302.3
317.921
18.9737
37.6962
56.8595
75.5844
93.9415
112.872
130.698
149.215
167.631
185.235
203.066
220.239
237.626
254.594
271.155
286.681
302.676
18.7883
38.0132
56.8243
75.2928
94.3398
112.33
131.015
149.626
167.475
185.526
202.97
220.658
237.929
254.796
270.662
287.028
19.2354
38.0789
56.6039
75.7166
93.8136
112.614
131.366
149.402
167.622
185.284
203.217
220.737
237.861
254.018
270.703
18.868
37.4433
56.6127
74.8131
93.723
112.61
130.832
149.215
167.093
185.27
203.039
220.418
236.865
253.87
18.6011
37.8021
56.0803
75.0733
94.0691
112.45
130.969
149.037
167.431
185.421
203.027
219.738
237.036
19.2094
37.5366
56.5862
75.6637
94.1754
112.805
131.034
149.616
167.8
185.607
202.556
220.118
18.3848
37.4833
56.6392
75.2861
94.0213
112.414
131.187
149.566
167.574
184.765
202.596
19.105
38.2884
57.0088
75.8024
94.3027
113.208
131.727
149.883
167.26
185.302
19.2094
38.0132
56.8595
75.4718
94.5145
113.177
131.484
149.054
167.314
18.868
37.7359
56.4358
75.591
94.3716
112.805
130.545
149
18.868
37.5899
56.7979
75.6439
94.1541
112.009
130.602
18.7883
38.0789
57.0088
75.6108
93.6056
112.361
19.3132
38.2753
56.921
75
93.8616
18.9737
37.6431
55.7853
74.7329
18.6815
36.8782
55.9017
18.2483
37.3363
19.105
