90
19.0263
38.1182
57.4282
76.7919
95.5249
114.543
134.123
152.201
170.449
189.497
207.239
224.698
242.844
259.942
276.481
292.985
309.535
325.627
340.476
355.563
370.98
384.708
398.177
411.413
424.57
436.863
448.261
459.017
469.793
479.768
488.943
498.225
506.354
514.192
521.329
527.492
532.41
537.944
542.683
546.15
549.283
550.956
553.306
554.326
554.001
554.361
553.376
551.061
549.422
546.323
542.89
538.187
532.685
527.8
521.671
514.566
506.759
498.663
489.412
480.267
470.321
459.576
448.849
437.477
425.212
412.083
398.871
385.426
371.722
356.329
341.264
326.435
310.363
293.832
277.346
260.824
243.742
225.61
208.166
190.436
171.4
153.16
135.093
115.521
96.5091
77.7817
58.4209
39.1152
20.025
19.105
38.4708
57.8705
76.6877
95.8019
115.521
133.765
152.161
171.397
189.362
207.068
225.471
242.866
259.7
276.525
293.425
309.866
325.088
340.577
356.427
370.591
384.506
398.197
411.866
424.661
436.555
447.849
459.179
469.707
479.438
489.295
498.036
506.463
514.2
521.009
526.545
532.693
538.098
542.212
545.984
548.318
551.327
553
553.362
554.374
554.044
552.393
551.421
548.967
546.19
542.163
537.287
533.034
527.565
521.076
513.876
506.412
497.757
489.189
479.821
469.655
459.492
448.642
436.908
424.323
411.597
398.629
385.395
370.47
355.844
341.423
325.738
309.595
293.471
277.281
260.538
242.706
225.55
208.087
189.283
171.231
153.375
133.989
115.117
96.5194
77.2334
58.0345
39
19.4165
38.833
57.7235
76.922
96.7678
115.169
133.701
153.114
171.292
189.235
207.885
225.568
242.687
259.825
277.065
293.847
309.433
325.318
341.592
356.187
370.54
384.679
398.855
412.146
424.529
436.358
448.237
459.315
469.598
480.026
489.376
498.389
506.724
514.176
520.332
527.091
533.16
537.923
542.333
545.331
549
551.327
552.378
554.044
554.374
553.39
553.088
551.284
549.168
545.822
541.577
537.961
533.159
527.292
520.707
513.881
505.831
497.848
489.065
479.488
469.898
459.579
448.386
436.354
424.124
411.643
398.888
384.444
370.267
356.265
340.978
325.235
309.483
293.639
277.245
259.725
242.87
225.683
207.126
189.275
171.642
152.453
133.735
115.278
96.0833
77
58.0345
19.4165
38.3275
57.5674
77.4919
96.0052
114.634
134.183
152.532
170.672
189.528
207.461
224.829
242.244
259.788
276.877
292.797
309.045
325.712
340.708
355.473
370.034
384.689
398.453
411.305
423.647
436.056
447.666
458.486
469.47
479.416
489.004
497.926
506.014
512.783
520.148
526.879
532.288
537.336
541
545.331
548.318
550.066
552.393
553.39
553.088
553.466
552.327
550.887
548.242
544.648
541.687
537.573
532.353
526.408
520.247
512.829
505.46
497.293
488.336
479.351
469.596
458.978
447.538
435.839
423.883
411.647
397.724
384.038
370.494
355.647
340.348
325.012
309.556
293.557
276.395
259.887
243.023
224.758
207.152
189.789
170.848
152.329
134.06
115
96.0833
77.2334
18.9737
38.2753
58.3095
76.9675
95.7079
115.412
133.959
152.322
171.406
189.613
207.251
224.964
242.835
260.25
276.523
293.155
310.234
325.652
340.846
355.845
371
385.253
398.589
411.461
424.415
436.571
447.94
459.492
470.048
480.221
489.74
498.475
505.867
513.845
521.245
527.307
533
537.336
542.333
545.984
548.432
551.421
553.088
553.466
554.525
554.049
553.282
551.335
548.389
546.079
542.647
538.068
532.755
527.251
520.458
513.693
506.131
497.784
489.391
480.189
470.134
459.27
448.09
436.644
424.909
411.491
398.279
385.177
370.753
355.879
340.94
325.853
310.227
293.402
277.218
260.655
242.662
225.284
208.166
189.447
171.105
153
134.06
115.278
96.5194
19.3132
39.3954
58.1378
76.9415
96.7471
115.434
133.963
153.219
171.642
189.497
207.454
225.595
243.282
259.856
276.818
294.253
310.04
325.613
341.001
356.602
371.295
385.068
398.422
411.874
424.53
436.406
448.483
459.605
470.323
480.401
489.744
497.724
506.282
514.315
521
527.307
532.288
537.923
542.212
545.338
548.967
551.284
552.327
554.049
554.222
554.116
552.856
550.551
548.884
546.13
542.189
537.509
532.663
526.499
520.343
513.394
505.665
497.875
489.237
479.76
469.49
458.847
447.931
436.72
423.831
411.118
398.483
384.513
370.095
355.584
340.899
325.682
309.233
293.411
277.188
259.509
242.398
225.568
207.118
189
171.105
152.329
133.735
115.117
20.1246
38.9487
57.8014
77.6981
96.5194
115.209
134.629
153.264
171.33
189.526
207.933
225.887
242.759
260.048
277.838
293.993
309.944
325.719
341.766
356.899
371.109
384.948
398.9
412.059
424.444
437.049
448.743
460.01
470.651
480.608
489.183
498.325
507
514.315
521.245
526.879
533.16
538.098
541.912
546.19
549.168
550.887
553.282
554.116
554.684
554.124
552.472
551.461
549.397
546.108
542.075
537.901
532.38
526.847
520.525
513.43
506.258
498.199
489.315
479.654
469.564
459.192
448.519
436.177
423.978
411.825
398.323
384.376
370.309
356.041
341.248
325.189
309.743
293.874
276.525
259.696
243.167
225
207.118
189.447
170.848
152.453
133.989
18.868
37.7359
57.6888
76.6094
95.4254
114.978
133.795
152.043
170.449
189.095
207.292
224.439
242.033
260.156
276.66
292.971
309.118
325.596
341.157
355.793
370.108
384.552
398.208
411.099
424.228
436.492
448.308
459.514
470.09
479.267
489
498.325
506.282
513.845
520.148
527.091
532.693
537.217
542.163
545.822
548.242
551.335
552.856
554.124
554.294
553.326
553.001
551.661
549.058
545.707
542.242
537.402
532.531
526.875
520.455
513.942
506.503
498.255
489.249
479.755
469.972
459.883
448.135
436.497
424.873
411.886
398.46
384.884
371.08
356.759
341.141
326.12
310.653
293.682
277.18
261
243.167
225.568
208.166
189.789
171.642
153.375
18.868
38.833
57.8014
76.6942
96.3328
115.278
133.66
152.227
171.058
189.447
206.816
224.66
243.058
259.856
276.471
292.933
309.782
325.712
340.718
355.449
370.324
384.419
397.756
411.35
424.124
436.431
448.144
459.279
469
479.267
489.183
497.724
505.867
512.783
520.332
526.545
531.724
537.287
541.577
544.648
548.389
550.551
552.472
553.326
553.001
553.319
552.661
550.706
548
545.206
541.015
536.773
531.753
525.978
520.096
513.253
505.618
497.245
488.329
479.118
469.596
458.429
447.341
436.235
423.757
410.845
397.759
384.416
370.568
355.394
340.802
325.744
309.162
293
277.18
259.696
242.398
225.284
207.152
189.275
171.231
20
39.0512
58.0517
77.7946
96.8969
115.434
134.183
153.222
171.82
189.433
207.548
226.241
243.354
260.292
277.088
294.328
310.644
326.038
341.204
356.528
371.077
384.877
398.95
412.249
425.06
437.293
449
459.279
470.09
480.608
489.744
498.475
506.014
514.176
521.009
526.849
533.034
537.961
541.687
546.079
548.884
551.461
553.001
553.319
554.28
554.301
552.993
550.93
548.804
545.257
541.639
537.249
532.114
526.855
520.601
513.57
505.819
497.471
488.821
479.854
469.256
458.705
448.104
436.122
423.71
411.096
398.201
384.808
370.061
355.879
341.211
325
309.162
293.682
276.525
259.509
242.662
224.758
207.126
189.283
19.105
38.1838
58
77.2334
95.901
114.809
134.034
152.82
170.66
189.029
208.002
225.417
242.668
259.788
277.411
294.109
309.885
325.484
341.257
356.261
370.527
385.083
398.915
412.238
425
437.293
448.144
459.514
470.651
480.401
489.74
497.926
506.724
514.2
520.732
527.565
533.159
537.573
542.647
546.13
549.397
551.661
552.661
554.301
555.044
554.423
553.046
551.632
548.774
545.825
542.112
537.663
533.074
527.455
521.078
514.001
506.27
498.231
489.869
479.893
469.93
459.884
448.448
436.589
424.5
412.102
399.215
384.948
371.228
357
341.211
325.744
310.653
293.874
277.188
260.655
243.023
225.683
208.087
19.105
38.9487
58.258
77.0065
96.0208
115.378
134.302
152.315
170.883
190.079
207.74
225.249
242.638
260.584
277.606
293.711
309.685
325.848
341.252
355.928
370.912
385.219
399
412.238
425.06
436.431
448.308
460.01
470.323
480.221
489.004
498.389
506.463
513.639
521.076
527.292
532.353
538.068
542.189
546.108
549.058
550.706
552.993
554.423
554.46
553.741
553.011
550.818
548.514
545.456
541.673
537.737
532.738
527
520.584
513.461
506.025
498.262
488.903
479.526
470.034
459.148
447.845
436.285
424.393
412.022
398.246
385
371.228
355.879
340.802
326.12
309.743
293.411
277.218
259.887
242.87
225.55
19.8494
39.2046
58.0086
77.1038
96.566
115.603
133.765
152.506
171.898
189.781
207.523
225.158
243.403
260.726
277.137
293.466
309.997
325.779
340.846
356.237
371
385.219
398.915
412.249
424.124
436.492
448.743
459.605
470.048
479.416
489.376
498.036
505.846
513.876
520.707
526.408
532.755
537.509
542.075
545.707
548
550.93
553.046
553.741
553.68
553.635
552.11
550.455
548.056
544.945
541.666
537.294
532.203
526.457
519.951
513.128
505.974
497.245
488.467
479.542
469.221
458.489
447.475
436.103
424.265
411
398.246
384.948
370.061
355.394
341.141
325.189
309.233
293.402
276.395
259.725
242.706
19.4165
38.2753
57.4543
77.026
96.1769
114.495
133.417
153.013
171.129
189.114
207.002
225.559
243.195
259.925
276.622
293.537
309.713
325.186
341
356.237
370.912
385.083
398.95
411.35
424.228
437.049
448.483
459.492
469.47
480.026
489.295
497.765
506.412
513.881
520.247
527.251
532.663
537.901
542.242
545.206
548.804
551.632
553.011
553.635
554.301
553.47
552.49
550.775
548.362
545.766
542.045
537.626
532.576
526.711
520.525
514.004
505.93
497.773
489.437
479.702
469.564
459.117
448.286
437
424.265
412.022
399.215
384.808
370.568
356.759
341.248
325.682
310.227
293.557
277.245
260.538
18.868
38.0789
57.7062
76.922
95.3415
114.39
134.134
152.427
170.602
188.693
207.504
225.4
242.396
259.409
276.653
293.171
309
325.186
340.846
355.928
370.527
384.877
397.756
411.099
424.444
436.406
447.94
458.486
469.598
479.438
488.529
497.757
505.831
512.829
520.458
526.499
532.38
537.402
541.015
545.257
548.774
550.818
552.11
553.47
553.319
553.001
551.96
550.236
548.315
545.241
541.491
537.135
531.914
526.366
520.482
513.069
505.542
497.805
488.669
479.138
469.273
459
448.286
436.103
424.393
412.102
398.201
384.416
371.08
356.041
340.899
325.853
309.556
293.639
277.281
19.2354
38.9102
58.1808
76.6942
95.8593
115.741
134.201
152.555
170.836
189.889
208.031
225.282
242.596
260.156
277
293.171
309.713
325.779
341.252
356.261
371.077
384.419
398.208
412.059
424.53
436.571
447.666
459.315
469.707
479.401
489.189
497.848
505.46
513.693
520.343
526.847
532.531
536.773
541.639
545.825
548.514
550.455
552.49
553.001
553.326
552.941
551.888
550.622
548.179
545.081
541.4
536.805
531.881
526.617
519.85
512.938
505.785
497.233
488.296
479
469.273
459.117
447.475
436.285
424.5
411.096
397.759
384.884
370.309
355.584
340.94
325.012
309.483
293.471
19.6977
39
57.5847
76.844
96.8401
115.447
133.959
152.411
171.686
190.055
207.543
225.142
243
260.156
276.653
293.537
309.997
325.848
341.257
356.528
370.324
384.552
398.9
411.874
424.415
436.056
448.237
459.179
469.473
479.821
489.065
497.293
506.131
513.394
520.525
526.875
531.753
537.249
542.112
545.456
548.056
550.775
551.96
552.941
553.225
552.856
552.262
550.463
548.034
545.047
541.097
536.814
532.189
526.089
519.812
513.264
505.321
497
488.296
479.138
469.564
458.489
447.845
436.589
423.71
410.845
398.46
384.376
370.095
355.879
340.348
325.235
309.595
19.3132
37.9473
57.28
77.3692
96.1041
114.756
133.36
152.84
171.421
189.13
207
225.142
242.596
259.409
276.622
293.466
309.685
325.484
341.204
355.449
370.108
384.948
398.422
411.461
423.647
436.358
447.849
458.747
469.655
479.488
488.336
497.784
505.665
513.43
520.455
525.978
532.114
537.663
541.673
544.945
548.362
550.236
551.888
552.856
553.189
553.282
552.147
550.404
548.131
544.847
541.225
537.261
531.851
526.233
520.311
513
505.321
497.233
488.669
479.702
469.221
459.148
448.448
436.122
423.757
411.886
398.323
384.513
370.753
355.647
340.978
325.738
18.6815
38.0789
58.2495
77.1038
95.8853
114.63
134.302
153.082
171
189.13
207.543
225.282
242.396
259.925
277.137
293.711
309.885
326.038
340.718
355.793
371.109
385.068
398.589
411.305
424.529
436.555
448.04
459.492
469.898
479.351
489.391
497.875
506.258
513.942
520.096
526.855
533.074
537.737
541.666
545.766
548.315
550.622
552.262
553.282
554.049
553.564
552.496
550.924
548.293
545.322
542.006
537.276
532.304
527
520.311
513.264
505.785
497.805
489.437
479.542
470.034
459.884
448.104
436.235
424.873
411.825
398.483
385.177
370.494
356.265
341.423
19.4165
39.6232
58.5491
77.4145
96.2549
116.069
135
153.082
171.421
190.055
208.031
225.4
243.195
260.726
277.606
294.109
310.644
325.712
341.157
356.899
371.295
385.253
398.453
412.146
424.661
436.689
448.642
459.579
469.596
480.189
489.237
498.199
506.503
513.253
520.601
527.455
532.738
537.294
542.045
545.241
548.179
550.463
552.147
553.564
553.709
553.296
552.406
550.413
548.078
545.396
541.334
537
532.304
526.233
519.812
512.938
505.542
497.773
488.467
479.526
469.93
458.705
447.341
436.497
423.978
411.118
398.279
384.038
370.267
355.844
20.2237
39.2046
58.1378
77.0584
97
116.069
134.302
152.84
171.686
189.889
207.504
225.559
243.403
260.584
277.411
294.328
309.782
325.596
341.766
356.602
371
384.689
398.855
411.866
424.446
436.908
448.386
458.978
470.134
479.76
489.315
498.255
505.618
513.57
521.078
527
532.203
537.626
541.491
545.081
548.034
550.404
552.496
553.296
553.565
553.383
552.055
550.384
548.365
545
541.334
537.276
531.851
526.089
519.85
513.069
505.93
497.245
488.903
479.893
469.256
458.429
448.135
436.177
423.831
411.491
397.724
384.444
370.47
19.0263
38.0132
57
77.0584
96.2549
114.63
133.36
152.411
170.836
188.693
207.002
225.158
242.638
259.788
277.088
292.933
309.118
325.719
341.001
355.845
370.034
384.679
398.197
411.34
424.323
436.354
447.538
459.27
469.49
479.654
489.249
497.245
505.819
514.001
520.584
526.457
532.576
537.135
541.4
545.047
548.131
550.924
552.406
553.383
553.94
553.306
552.327
551
548.365
545.396
542.006
537.261
532.189
526.617
520.482
514.004
505.974
498.262
489.869
479.854
469.596
459.883
448.519
436.72
424.909
411.647
398.888
385.395
19
38.0132
58.1378
77.4145
95.8853
114.756
133.959
152.555
170.602
189.114
207.523
225.249
242.668
260.292
276.471
292.971
309.944
325.613
340.846
355.473
370.54
384.506
398.152
411.597
424.124
435.839
448.09
458.847
469.564
479.755
488.329
497.471
506.27
513.461
519.951
526.711
531.914
536.805
541.097
544.847
548.293
550.413
552.055
553.306
553.326
553
552.327
550.384
548.078
545.322
541.225
536.814
531.881
526.366
520.525
513.128
506.025
498.231
488.821
479.118
469.972
459.192
447.931
436.644
423.883
411.643
398.629
19.0263
39.2046
58.5491
77.1038
96.1041
115.447
134.201
152.427
171.129
189.781
207.74
225.417
243.354
259.856
276.66
293.993
310.04
325.652
340.708
356.187
370.591
384.731
398.629
411.643
423.883
436.644
447.931
459.192
469.972
479.118
488.821
498.231
506.025
513.128
520.525
526.366
531.881
536.814
541.225
545.322
548.078
550.384
552.327
553
553.326
553.306
552.055
550.413
548.293
544.847
541.097
536.805
531.914
526.711
519.951
513.461
506.27
497.471
488.329
479.755
469.564
458.847
448.09
435.839
424.124
411.597
20.2237
39.6232
58.2495
77.3692
96.8401
115.741
134.134
153.013
171.898
190.079
208.002
226.241
243.058
260.156
277.838
294.253
310.234
325.712
341.592
356.427
371.053
385.395
398.888
411.647
424.909
436.72
448.519
459.883
469.596
479.854
489.869
498.262
505.974
514.004
520.482
526.617
532.189
537.261
542.006
545.396
548.365
551
552.327
553.306
553.94
553.383
552.406
550.924
548.131
545.047
541.4
537.135
532.576
526.457
520.584
514.001
505.819
497.245
489.249
479.654
469.49
459.27
447.538
436.354
424.323
19.4165
38.0789
57.28
76.844
95.8593
114.39
133.417
152.506
170.883
189.029
207.548
224.66
242.033
260.048
276.818
293.155
309.045
325.318
340.577
355.687
370.47
384.444
397.724
411.491
423.831
436.177
448.135
458.429
469.256
479.893
488.903
497.245
505.93
513.069
519.85
526.089
531.851
537.276
541.334
545
548.365
550.384
552.055
553.383
553.565
553.296
552.496
550.404
548.034
545.081
541.491
537.626
532.203
527
521.078
513.57
505.618
498.255
489.315
479.76
470.134
458.978
448.386
436.908
18.6815
37.9473
57.5847
76.6942
95.3415
114.495
133.765
152.315
170.66
189.433
206.816
224.439
242.759
259.856
276.523
292.797
309.433
325.088
340.649
355.844
370.267
384.038
398.279
411.118
423.978
436.497
447.341
458.705
469.93
479.526
488.467
497.773
505.542
512.938
519.812
526.233
532.304
537
541.334
545.396
548.078
550.413
552.406
553.296
553.709
553.564
552.147
550.463
548.179
545.241
542.045
537.294
532.738
527.455
520.601
513.253
506.503
498.199
489.237
480.189
469.596
459.579
448.642
19.3132
39
58.1808
76.922
96.1769
115.603
134.302
152.82
171.82
189.447
207.292
225.887
243.282
260.25
276.877
293.847
309.866
325.848
341.423
356.265
370.494
385.177
398.483
411.825
424.873
436.235
448.104
459.884
470.034
479.542
489.437
497.805
505.785
513.264
520.311
527
532.304
537.276
542.006
545.322
548.293
550.924
552.496
553.564
554.049
553.282
552.262
550.622
548.315
545.766
541.666
537.737
533.074
526.855
520.096
513.942
506.258
497.875
489.391
479.351
469.898
459.492
19.6977
38.9102
57.7062
77.026
96.566
115.378
134.034
153.222
171.058
189.095
207.933
225.595
242.835
259.788
277.065
293.425
309.803
325.738
340.978
355.647
370.753
384.513
398.323
411.886
423.757
436.122
448.448
459.148
469.221
479.702
488.669
497.233
505.321
513
520.311
526.233
531.851
537.261
541.225
544.847
548.131
550.404
552.147
553.282
553.189
552.856
551.888
550.236
548.362
544.945
541.673
537.663
532.114
525.978
520.455
513.43
505.665
497.784
488.336
479.488
469.655
19.2354
38.0789
57.4543
77.1038
96.0208
114.809
134.183
152.227
170.449
189.526
207.454
224.964
242.244
259.825
276.525
293.302
309.595
325.235
340.348
355.879
370.095
384.376
398.46
410.845
423.71
436.589
447.845
458.489
469.564
479.138
488.296
497
505.321
513.264
519.812
526.089
532.189
536.814
541.097
545.047
548.034
550.463
552.262
552.856
553.225
552.941
551.96
550.775
548.056
545.456
542.112
537.249
531.753
526.875
520.525
513.394
506.131
497.293
489.065
479.821
18.868
38.2753
58.0086
77.0065
95.901
115.434
133.66
152.043
171.33
189.497
207.251
224.829
242.687
259.7
276.847
293.471
309.483
325.012
340.94
355.584
370.309
384.884
397.759
411.096
424.5
436.285
447.475
459.117
469.273
479
488.296
497.233
505.785
512.938
519.85
526.617
531.881
536.805
541.4
545.081
548.179
550.622
551.888
552.941
553.326
553.001
552.49
550.455
548.514
545.825
541.639
536.773
532.531
526.847
520.343
513.693
505.46
497.848
489.189
19.4165
39.2046
58.258
77.2334
96.8969
115.278
133.795
153.264
171.642
189.613
207.461
225.568
242.866
260.354
277.281
293.639
309.556
325.853
340.899
356.041
371.08
384.416
398.201
412.102
424.393
436.103
448.286
459
469.273
479.138
488.669
497.805
505.542
513.069
520.482
526.366
531.914
537.135
541.491
545.241
548.315
550.236
551.96
553.001
553.319
553.47
552.11
550.818
548.774
545.257
541.015
537.402
532.38
526.499
520.458
512.829
505.831
497.757
19.8494
38.9487
58
77.7946
96.3328
114.978
134.629
153.219
171.406
189.528
207.885
225.471
243.304
260.538
277.245
293.557
310.227
325.682
341.248
356.759
370.568
384.808
399.215
412.022
424.265
437
448.286
459.117
469.564
479.702
489.437
497.773
505.93
514.004
520.525
526.711
532.576
537.626
542.045
545.766
548.362
550.775
552.49
553.47
554.301
553.635
553.011
551.632
548.804
545.206
542.242
537.901
532.663
527.251
520.247
513.881
506.412
19.105
38.1838
58.0517
76.6942
95.4254
115.209
133.963
152.322
170.672
189.235
207.068
225.204
242.706
259.725
276.395
293.402
309.233
325.189
341.141
355.394
370.061
384.948
398.246
411
424.265
436.103
447.475
458.489
469.221
479.542
488.467
497.245
505.974
513.128
519.951
526.457
532.203
537.294
541.666
544.945
548.056
550.455
552.11
553.635
553.68
553.741
553.046
550.93
548
545.707
542.075
537.509
532.755
526.408
520.707
513.876
19.105
39.0512
57.8014
76.6094
96.5194
115.434
133.959
152.532
171.292
189.362
207.793
225.55
242.87
259.887
277.218
293.411
309.743
326.12
340.802
355.879
371.228
385
398.246
412.022
424.393
436.285
447.845
459.148
470.034
479.526
488.903
498.262
506.025
513.461
520.584
527
532.738
537.737
541.673
545.456
548.514
550.818
553.011
553.741
554.46
554.423
552.993
550.706
549.058
546.108
542.189
538.068
532.353
527.292
521.076
20
38.833
57.6888
77.6981
96.7471
115.412
134.183
153.114
171.397
190.097
208.087
225.683
243.023
260.655
277.188
293.874
310.653
325.744
341.211
357
371.228
384.948
399.215
412.102
424.5
436.589
448.448
459.884
469.93
479.893
489.869
498.231
506.27
514.001
521.078
527.455
533.074
537.663
542.112
545.825
548.774
551.632
553.046
554.423
555.044
554.301
552.661
551.661
549.397
546.13
542.647
537.573
533.159
527.565
18.868
37.7359
57.8014
76.9415
95.7079
114.634
133.701
152.161
171.094
189.283
207.126
224.758
242.662
259.509
276.525
293.682
309.162
325
341.211
355.879
370.061
384.808
398.201
411.096
423.71
436.122
448.104
458.705
469.256
479.854
488.821
497.471
505.819
513.57
520.601
526.855
532.114
537.249
541.639
545.257
548.804
550.93
552.993
554.301
554.28
553.319
553.001
551.461
548.884
546.079
541.687
537.961
533.034
18.868
38.9487
58.1378
76.9675
96.0052
115.169
133.765
152.882
171.231
189.275
207.152
225.284
242.398
259.696
277.18
293
309.162
325.744
340.802
355.394
370.568
384.416
397.759
410.845
423.757
436.235
447.341
458.429
469.596
479.118
488.329
497.245
505.618
513.253
520.096
525.978
531.753
536.773
541.015
545.206
548
550.706
552.661
553.319
553.001
553.326
552.472
550.551
548.389
544.648
541.577
537.287
20.1246
39.3954
58.3095
77.4919
96.7678
115.521
134.852
153.375
171.642
189.789
208.166
225.568
243.167
261
277.18
293.682
310.653
326.12
341.141
356.759
371.08
384.884
398.46
411.886
424.873
436.497
448.135
459.883
469.972
479.755
489.249
498.255
506.503
513.942
520.455
526.875
532.531
537.402
542.242
545.707
549.058
551.661
553.001
553.326
554.294
554.124
552.856
551.335
548.242
545.822
542.163
19.3132
38.2753
57.5674
76.922
95.8019
115.317
133.989
152.453
170.848
189.447
207.118
225
243.167
259.696
276.525
293.874
309.743
325.189
341.248
356.041
370.309
384.376
398.323
411.825
423.978
436.177
448.519
459.192
469.564
479.654
489.315
498.199
506.258
513.43
520.525
526.847
532.38
537.901
542.075
546.108
549.397
551.461
552.472
554.124
554.684
554.116
553.282
550.887
549.168
546.19
18.9737
38.3275
57.7235
76.6877
96.3379
115.117
133.735
152.329
171.105
189
207.118
225.568
242.398
259.509
277.188
293.411
309.233
325.682
340.899
355.584
370.095
384.513
398.483
411.118
423.831
436.72
447.931
458.847
469.49
479.76
489.237
497.875
505.665
513.394
520.343
526.499
532.663
537.509
542.189
546.13
548.884
550.551
552.856
554.116
554.222
554.049
552.327
551.284
548.967
19.4165
38.833
57.8705
77.6466
96.5194
115.278
134.06
153
171.105
189.447
208.166
225.284
242.662
260.655
277.218
293.402
310.227
325.853
340.94
355.879
370.753
385.177
398.279
411.491
424.909
436.644
448.09
459.27
470.134
480.189
489.391
497.784
506.131
513.693
520.458
527.251
532.755
538.068
542.647
546.079
548.389
551.335
553.282
554.049
554.525
553.466
553.088
551.421
19.4165
38.4708
58.3095
77.2334
96.0833
115
134.06
152.329
170.848
189.789
207.152
224.758
243.023
259.887
276.395
293.557
309.556
325.012
340.348
355.647
370.494
384.038
397.724
411.647
423.883
435.839
447.538
458.978
469.596
479.351
488.336
497.293
505.46
512.829
520.247
526.408
532.353
537.573
541.687
544.648
548.242
550.887
552.327
553.466
553.088
553.39
552.393
19.105
39.0512
58.0345
77
96.0833
115.278
133.735
152.453
171.642
189.275
207.126
225.683
242.87
259.725
277.245
293.639
309.483
325.235
340.978
356.265
370.267
384.444
398.888
411.643
424.124
436.354
448.386
459.579
469.898
479.488
489.065
497.848
505.831
513.881
520.707
527.292
533.159
537.961
541.577
545.822
549.168
551.284
553.088
553.39
554.374
554.044
20
39
58.0345
77.2334
96.5194
115.117
133.989
153.375
171.231
189.283
208.087
225.55
242.706
260.538
277.281
293.471
309.595
325.738
341.423
355.844
370.47
385.395
398.629
411.597
424.323
436.908
448.642
459.492
469.655
479.821
489.189
497.757
506.412
513.876
521.076
527.565
533.034
537.287
542.163
546.19
548.967
551.421
552.393
554.044
554.374
19
38.0526
57.3149
76.6551
95.352
114.337
133.881
151.921
170.141
189.156
206.865
224.29
242.405
259.471
275.98
292.453
308.974
325.038
339.86
354.92
370.309
384.012
397.457
410.67
423.803
436.073
447.452
458.188
468.943
478.901
488.059
497.326
505.439
513.264
520.389
526.541
531.448
536.974
541.705
545.165
548.293
549.962
552.309
553.326
19.105
38.4708
57.8705
76.6877
95.8019
115.521
133.765
152.161
171.397
189.362
207.068
225.471
242.866
259.7
276.525
293.425
309.866
325.088
340.577
356.427
370.591
384.506
398.197
411.866
424.661
436.555
447.849
459.179
469.707
479.438
489.295
498.036
506.463
514.2
521.009
526.545
532.693
538.098
542.212
545.984
548.318
551.327
553
19.4165
38.833
57.7235
76.922
96.7678
115.169
133.701
153.114
171.292
189.235
207.885
225.568
242.687
259.825
277.065
293.847
309.433
325.318
341.592
356.187
370.54
384.679
398.855
412.146
424.529
436.358
448.237
459.315
469.598
480.026
489.376
498.389
506.724
514.176
520.332
527.091
533.16
537.923
542.333
545.331
549
551.327
19.4165
38.3275
57.5674
77.4919
96.0052
114.634
134.183
152.532
170.672
189.528
207.461
224.829
242.244
259.788
276.877
292.797
309.045
325.712
340.708
355.473
370.034
384.689
398.453
411.305
423.647
436.056
447.666
458.486
469.47
479.416
489.004
497.926
506.014
512.783
520.148
526.879
532.288
537.336
541
545.331
548.318
18.9737
38.2753
58.3095
76.9675
95.7079
115.412
133.959
152.322
171.406
189.613
207.251
224.964
242.835
260.25
276.523
293.155
310.234
325.652
340.846
355.845
371
385.253
398.589
411.461
424.415
436.571
447.94
459.492
470.048
480.221
489.74
498.475
505.867
513.845
521.245
527.307
533
537.336
542.333
545.984
19.3132
39.3954
58.1378
76.9415
96.7471
115.434
133.963
153.219
171.642
189.497
207.454
225.595
243.282
259.856
276.818
294.253
310.04
325.613
341.001
356.602
371.295
385.068
398.422
411.874
424.53
436.406
448.483
459.605
470.323
480.401
489.744
497.724
506.282
514.315
521
527.307
532.288
537.923
542.212
20.1246
38.9487
57.8014
77.6981
96.5194
115.209
134.629
153.264
171.33
189.526
207.933
225.887
242.759
260.048
277.838
293.993
309.944
325.719
341.766
356.899
371.109
384.948
398.9
412.059
424.444
437.049
448.743
460.01
470.651
480.608
489.183
498.325
507
514.315
521.245
526.879
533.16
538.098
18.868
37.7359
57.6888
76.6094
95.4254
114.978
133.795
152.043
170.449
189.095
207.292
224.439
242.033
260.156
276.66
292.971
309.118
325.596
341.157
355.793
370.108
384.552
398.208
411.099
424.228
436.492
448.308
459.514
470.09
479.267
489
498.325
506.282
513.845
520.148
527.091
532.693
18.868
38.833
57.8014
76.6942
96.3328
115.278
133.66
152.227
171.058
189.447
206.816
224.66
243.058
259.856
276.471
292.933
309.782
325.712
340.718
355.449
370.324
384.419
397.756
411.35
424.124
436.431
448.144
459.279
469
479.267
489.183
497.724
505.867
512.783
520.332
526.545
20
39.0512
58.0517
77.7946
96.8969
115.434
134.183
153.222
171.82
189.433
207.548
226.241
243.354
260.292
277.088
294.328
310.644
326.038
341.204
356.528
371.077
384.877
398.95
412.249
425.06
437.293
449
459.279
470.09
480.608
489.744
498.475
506.014
514.176
521.009
19.105
38.1838
58
77.2334
95.901
114.809
134.034
152.82
170.66
189.029
208.002
225.417
242.668
259.788
277.411
294.109
309.885
325.484
341.257
356.261
370.527
385.083
398.915
412.238
425
437.293
448.144
459.514
470.651
480.401
489.74
497.926
506.724
514.2
19.105
38.9487
58.258
77.0065
96.0208
115.378
134.302
152.315
170.883
190.079
207.74
225.249
242.638
260.584
277.606
293.711
309.685
325.848
341.252
355.928
370.912
385.219
399
412.238
425.06
436.431
448.308
460.01
470.323
480.221
489.004
498.389
506.463
19.8494
39.2046
58.0086
77.1038
96.566
115.603
133.765
152.506
171.898
189.781
207.523
225.158
243.403
260.726
277.137
293.466
309.997
325.779
340.846
356.237
371
385.219
398.915
412.249
424.124
436.492
448.743
459.605
470.048
479.416
489.376
498.036
19.4165
38.2753
57.4543
77.026
96.1769
114.495
133.417
153.013
171.129
189.114
207.002
225.559
243.195
259.925
276.622
293.537
309.713
325.186
341
356.237
370.912
385.083
398.95
411.35
424.228
437.049
448.483
459.492
469.47
480.026
489.295
18.868
38.0789
57.7062
76.922
95.3415
114.39
134.134
152.427
170.602
188.693
207.504
225.4
242.396
259.409
276.653
293.171
309
325.186
340.846
355.928
370.527
384.877
397.756
411.099
424.444
436.406
447.94
458.486
469.598
479.438
19.2354
38.9102
58.1808
76.6942
95.8593
115.741
134.201
152.555
170.836
189.889
208.031
225.282
242.596
260.156
277
293.171
309.713
325.779
341.252
356.261
371.077
384.419
398.208
412.059
424.53
436.571
447.666
459.315
469.707
19.6977
39
57.5847
76.844
96.8401
115.447
133.959
152.411
171.686
190.055
207.543
225.142
243
260.156
276.653
293.537
309.997
325.848
341.257
356.528
370.324
384.552
398.9
411.874
424.415
436.056
448.237
459.179
19.3132
37.9473
57.28
77.3692
96.1041
114.756
133.36
152.84
171.421
189.13
207
225.142
242.596
259.409
276.622
293.466
309.685
325.484
341.204
355.449
370.108
384.948
398.422
411.461
423.647
436.358
447.849
18.6815
38.0789
58.2495
77.1038
95.8853
114.63
134.302
153.082
171
189.13
207.543
225.282
242.396
259.925
277.137
293.711
309.885
326.038
340.718
355.793
371.109
385.068
398.589
411.305
424.529
436.555
19.4165
39.6232
58.5491
77.4145
96.2549
116.069
135
153.082
171.421
190.055
208.031
225.4
243.195
260.726
277.606
294.109
310.644
325.712
341.157
356.899
371.295
385.253
398.453
412.146
424.661
20.2237
39.2046
58.1378
77.0584
97
116.069
134.302
152.84
171.686
189.889
207.504
225.559
243.403
260.584
277.411
294.328
309.782
325.596
341.766
356.602
371
384.689
398.855
411.866
19.0263
38.0132
57
77.0584
96.2549
114.63
133.36
152.411
170.836
188.693
207.002
225.158
242.638
259.788
277.088
292.933
309.118
325.719
341.001
355.845
370.034
384.679
398.197
19
38.0132
58.1378
77.4145
95.8853
114.756
133.959
152.555
170.602
189.114
207.523
225.249
242.668
260.292
276.471
292.971
309.944
325.613
340.846
355.473
370.54
384.506
19.0263
39.2046
58.5491
77.1038
96.1041
115.447
134.201
152.427
171.129
189.781
207.74
225.417
243.354
259.856
276.66
293.993
310.04
325.652
340.708
356.187
370.591
20.2237
39.6232
58.2495
77.3692
96.8401
115.741
134.134
153.013
171.898
190.079
208.002
226.241
243.058
260.156
277.838
294.253
310.234
325.712
341.592
356.427
19.4165
38.0789
57.28
76.844
95.8593
114.39
133.417
152.506
170.883
189.029
207.548
224.66
242.033
260.048
276.818
293.155
309.045
325.318
340.577
18.6815
37.9473
57.5847
76.6942
95.3415
114.495
133.765
152.315
170.66
189.433
206.816
224.439
242.759
259.856
276.523
292.797
309.433
325.088
19.3132
39
58.1808
76.922
96.1769
115.603
134.302
152.82
171.82
189.447
207.292
225.887
243.282
260.25
276.877
293.847
309.866
19.6977
38.9102
57.7062
77.026
96.566
115.378
134.034
153.222
171.058
189.095
207.933
225.595
242.835
259.788
277.065
293.425
19.2354
38.0789
57.4543
77.1038
96.0208
114.809
134.183
152.227
170.449
189.526
207.454
224.964
242.244
259.825
276.525
18.868
38.2753
58.0086
77.0065
95.901
115.434
133.66
152.043
171.33
189.497
207.251
224.829
242.687
259.7
19.4165
39.2046
58.258
77.2334
96.8969
115.278
133.795
153.264
171.642
189.613
207.461
225.568
242.866
19.8494
38.9487
58
77.7946
96.3328
114.978
134.629
153.219
171.406
189.528
207.885
225.471
19.105
38.1838
58.0517
76.6942
95.4254
115.209
133.963
152.322
170.672
189.235
207.068
19.105
39.0512
57.8014
76.6094
96.5194
115.434
133.959
152.532
171.292
189.362
20
38.833
57.6888
77.6981
96.7471
115.412
134.183
153.114
171.397
18.868
37.7359
57.8014
76.9415
95.7079
114.634
133.701
152.161
18.868
38.9487
58.1378
76.9675
96.0052
115.169
133.765
20.1246
39.3954
58.3095
77.4919
96.7678
115.521
19.3132
38.2753
57.5674
76.922
95.8019
18.9737
38.3275
57.7235
76.6877
19.4165
38.833
57.8705
19.4165
38.4708
19.105
