90
147.472
169.293
196.977
110.209
126.574
176.706
177.341
258.6
100.225
54.1295
245.589
218.552
169.994
226.53
38.6005
222.991
58.4123
46.3249
99.0202
228.178
87.0919
176.071
155.052
162.788
184.694
59.8164
111.14
229.02
104.019
450.388
382.294
426.42
418.208
344.362
461.239
422.811
476.592
360.035
356.531
502.824
397.725
376.033
345.314
439.09
342.71
449.197
420.773
441.073
477.462
476.592
474.233
411.418
463.923
418.285
380.728
428.292
427.612
385.292
477.821
586.806
558.158
531.173
644.895
548.14
584.144
630.248
649.865
554.91
548.851
604.742
627.034
565.417
563.796
554.084
546.619
640.558
503.37
595.296
586.441
506.423
648.957
592.866
632.665
570.898
678.646
635.94
525.042
600.907
585.615
256.78
55.6058
227.372
62.0081
31.8277
156.339
271.974
48.0521
93.6056
247.536
167.156
79.0569
187.83
119.038
265.204
184.694
112.33
143.892
287.606
70.0357
181.838
258.289
230.078
202.83
185.607
42.19
181.466
204.216
304.416
238.212
281.016
270.751
198.093
319.081
275.443
333.635
214.227
211.078
357.06
255.979
228.633
203.887
294.598
198.6
301.771
273.309
303.416
333.182
329.12
335.876
271.03
316.59
271.4
237.002
280.845
280.941
244.806
330.492
440.696
413.27
387.46
498.567
403.547
441.203
484.232
507.737
409.386
414.773
457.625
480.375
428.565
429.439
407.02
412.82
498.993
358.922
448.612
441.567
366.612
502.272
449.437
490.552
430.289
533.922
497.875
380.249
459.527
445.539
280.321
69.1231
199.472
272.039
150.685
138.196
216.585
189.489
143.84
193.693
219.057
182.603
202.233
83.9345
113.208
207.966
112.929
69.029
231.588
119.403
29.4109
36.7696
103.942
111.83
215.824
193.644
65.2993
511.528
440.247
486.212
499.121
415.482
505.93
506.025
522.915
427.276
422.452
559.746
446.557
461.069
399.091
493.903
404.883
524.17
501.169
474.802
528.782
553.173
506.925
455.044
536.064
507.167
437.559
509.166
494.74
431.854
559.358
642.007
607.796
577.038
699.543
596.88
624.349
683.24
684.255
607.951
565.669
667.974
684.882
588.003
580.326
618.496
562.939
673.339
553.831
654.441
634.757
540.759
706.329
634.566
667.695
603.792
722.79
658.149
575.865
634.802
616.105
262.835
83.2166
24.1868
153.681
267.406
97.3499
143.031
240.67
147.99
66.6483
171.172
172.261
272.039
226.106
166.066
170.026
299.04
125.256
185.173
287.111
249.07
207.576
226.808
85.8836
161.722
236.415
253.584
185.4
229.473
225.942
148.003
265.204
231.657
280.179
163.294
159.656
305.915
201.814
185.13
149.459
242.157
145.774
255.08
228.32
248.195
280.589
283.302
280.829
216.391
269.119
230.152
183.918
236.14
231.387
190.142
286.526
389.971
361.204
334.498
448.135
351.229
387.825
433.365
454.01
357.946
359.262
408.902
430.521
373.352
373.955
358.208
357.29
445.028
306.472
398.83
389.493
311.949
452.452
396.336
436.808
375.932
481.74
442.922
328.093
405.464
391.031
179.747
249.201
167.475
195.489
181.463
144.25
193.866
214.767
211.301
210.889
147.146
145.674
51.8652
154.052
97.1442
137.321
186.271
145.454
46.8722
82.7647
139.607
50.4777
185.219
219.208
30.2324
509.2
438.115
484.087
488.27
407.398
510.291
494.272
526.842
421.048
416.677
559.759
448.282
447.903
397.819
493.949
400.29
516.178
490.567
483.12
530.739
544.825
516.14
459.039
529.419
492.967
435.839
498.462
489.679
434.226
548.938
643.525
611.308
581.788
701.73
600.656
631.862
685.998
694.606
610.063
581.898
666.337
685.631
602.204
596.825
615.959
579.332
684.251
556.443
654.417
639.056
549.758
707.427
641.564
677.661
614.056
729.464
673.137
578.572
644.95
627.446
72.5672
96.8969
211.303
48.0416
78.032
187.779
117.098
44.1022
134.629
113.6
203.214
145.399
110.168
87.4643
226.119
86.0233
120.216
204.48
170.461
140.929
145.962
34.7131
130.863
153.209
332.28
262.088
307.514
308.585
228.569
338.396
314.531
354.295
242.87
238.757
383.85
275.118
268.164
223.161
318.718
223.215
336.917
310.904
315.978
356.501
365.422
349.242
287.785
350.488
313.345
260.133
318.78
311.52
261.964
369.242
468
437.457
409.255
526.308
427.112
461.286
511.048
526.194
435.178
422.583
488.895
509.393
439.669
437.549
438.292
420.315
516.551
382.426
477.881
465.586
381.918
531.295
470.397
509.03
446.556
557.254
510.405
404.401
476.9
460.964
155.708
271.31
76.4853
122.577
245.416
157.258
70.0928
179.613
150.083
271.017
209.659
143.6
159.812
296.142
101.833
185.003
276.525
242.621
207.019
210.459
66.7608
171.421
224.109
273.905
206.94
250.218
242.72
167.72
287.517
247.879
302.2
183.576
180.247
326.461
224.321
201.062
172.154
263.486
167.287
272.971
245.204
271.588
302.035
300.741
304.059
239.27
287.472
244.984
205.643
252.881
250.912
213.038
302.949
410.3
382.341
356.202
468.31
372.522
409.816
453.793
476.246
378.695
382.991
428.075
450.352
396.738
397.644
377.404
381.047
467.428
327.835
418.607
410.643
334.857
472.271
418.145
459.053
398.61
502.977
466.074
349.276
427.93
413.824
115.966
140.943
150.333
91.214
47.3814
87.1321
49.3356
184.011
119.854
161.227
184.098
82.7345
149.643
175.684
34.1321
168.751
114.237
56.0892
160.91
130.146
53.8516
137.441
362.598
291.686
337.337
355.269
270.815
355.355
362.791
372.368
281.114
276.065
409.871
296.589
319.776
250.511
344.224
258.008
378.048
357.099
324.168
378.529
407.031
356.406
304.587
389.046
366.005
288.839
365.075
347.174
281.78
414.532
491.664
457.22
426.386
549.051
446.287
473.736
532.692
534.091
457.551
417.312
518.31
534.627
438.837
432.12
469.234
414.654
523.29
403.422
504.386
484.108
390.244
555.99
483.921
517.441
453.538
572.151
509.386
425.414
484.554
466.1
251.645
249.576
27.8568
125.925
201.792
103.121
277.77
55.2178
219.021
280.179
162.361
84.5044
282.668
92.4392
167.287
112.792
75.9605
218.037
242.739
115.741
174.27
445.593
378.118
421.222
450.156
366.76
428.001
458.446
445.001
373.991
368.657
487.37
376.724
419.005
338.497
424.446
350.223
468.342
451.602
391.327
454.159
496.679
420.377
380.475
477.092
464.362
374.833
459.365
434.836
361.796
506.582
564.199
527.502
495.581
619.107
516.469
536.71
602.2
590.526
530.114
465.43
595.054
607.297
490.373
479.266
548.665
462.517
578.937
477
579.014
552.309
453.239
627.625
547.522
574.941
512.13
634.275
557.647
498.049
542.517
522.346
46.0977
229.941
164.985
87.8009
181.805
75.6637
236.178
137.131
70.1783
105.688
254.719
38.2099
159.223
215.128
193.352
177.8
138.091
14.8661
178.62
160.078
350.294
282.705
326.461
318.442
244.18
362.464
323.274
377.514
259.942
256.517
402.796
299.015
276.442
246.603
339.419
243.058
349.143
320.975
344.224
377.89
376.697
377.139
313.292
363.783
319.42
281.256
328.562
327.397
287.063
378.344
486.707
458.416
431.845
544.753
448.496
485.157
530.179
551.264
454.964
453.982
504.526
526.833
469.2
468.817
453.863
451.886
542.2
403.755
495.09
486.713
408.721
548.753
493.685
534.06
472.914
578.999
539.223
425.319
502.603
487.889
231.603
184.567
122.115
197.063
36.0555
224.377
95.8853
34.2345
89.3588
237.346
42.4853
159.201
182.913
172.54
173.626
97.0155
57.4282
196.825
127.475
396.304
328.422
372.392
364.33
290.243
407.746
369.049
422.963
305.949
302.476
448.769
344.246
322.237
291.815
385.188
288.804
395.171
366.879
388.465
423.608
422.651
421.527
358.208
409.85
364.856
326.907
374.433
373.484
332.024
424.096
532.722
504.232
477.436
590.794
494.259
530.571
576.178
596.484
500.892
497.241
550.622
572.91
513.165
512.141
499.961
495.074
587.292
449.499
541.17
532.523
453.442
594.832
539.203
579.28
517.8
624.77
583.467
471.123
547.661
532.643
98.0867
175.568
75.2728
261.633
67.7422
211.002
263.401
147.231
101.079
262.482
72.4224
171.712
113.252
61.0082
210.152
220.204
87.9318
169.641
418.728
350.875
394.244
422.497
339.006
402.101
430.759
419.144
346.365
341.04
461.088
349.967
391.184
311.082
397.786
322.602
440.954
423.962
365.925
428.005
469.359
395.455
354.114
449.868
436.578
347.615
431.741
407.59
335.01
479.113
538.581
502.086
470.231
593.863
491.044
512.228
577
567.06
504.437
442.851
569.004
581.723
467.369
456.885
522.277
439.966
555.561
451.111
553.177
527.19
428.544
602.2
522.98
551.29
488.181
610.086
535.33
472.306
518.73
498.751
88.5494
23.6008
219.966
148.054
207.511
218.799
128.413
181.069
202.485
74.3236
213.888
156.924
91.6788
207.27
151.753
14.3178
184.784
327.002
257.329
302.015
326.143
242.099
315.671
334.201
332.778
250.38
245.122
372.211
259.326
293.68
216.668
307.319
226.718
346.204
327.727
282.577
340.019
374.931
314.162
265.699
356.025
339.342
254.238
335.591
313.772
244.346
383.818
452.548
417.259
385.966
509.313
406.252
431.779
492.741
490.812
418.325
372.151
480.751
495.686
394.316
386.866
432.56
369.444
479.818
364.31
466.024
443.615
347.938
516.769
442.159
474.342
410.468
530.272
464.535
386.083
441.454
422.573
110.136
157.544
205.507
183.199
153.844
114.477
233.06
125.718
118.596
229.157
185.973
141.032
183.576
73.0068
102.859
182.631
297.941
226.815
272.8
280.457
197.588
300.188
287.174
316.484
210.459
205.922
348.485
237.539
242.019
186.601
282.733
189.188
306.62
282.574
275.61
319.781
335.515
308.89
249.112
319.263
288.111
224.544
290.558
278.887
223.786
340.918
432.334
400.552
371.517
490.58
390
422.623
474.954
486.721
398.995
380.443
455.105
474.352
398.269
395.434
404.802
378.114
476.806
345.579
443.117
428.464
341.985
496.162
432.023
469.618
406.631
519.493
469.18
367.681
437.224
420.72
231.625
129.387
209.418
231.175
131.7
163.11
218.506
65.8559
204.98
146.123
78.7147
209.022
169.293
13.0384
181.571
346.244
277.318
321.45
347.635
263.911
332.742
355.816
349.857
271.627
266.327
390.328
278.002
315.938
237.036
326
247.891
366.849
349.15
298.391
357.74
395.434
329.31
283.452
376.241
361.4
274.142
356.968
333.946
263.002
404.753
469.669
433.894
402.349
525.952
422.859
446.878
509.259
504.584
435.437
383.85
498.731
512.851
406.846
398.389
451.071
381.077
493.407
381.608
483.575
459.831
362.927
533.731
457.404
488.321
424.59
545.286
476.496
403.194
455.488
436.203
247.76
95.3834
8
115.434
256.844
52.2015
189.718
190.602
191.128
202.074
96.7471
89.2749
231.948
137.295
423.43
357.022
400.05
387.881
317.101
437.412
392.011
452.232
333.264
330.103
476.086
374.066
345.469
321.72
413.534
317.37
419.624
390.512
419.815
452.097
446.455
452.682
388.599
434.719
386.518
355.719
397.859
399.782
362.353
446.794
559.658
532.288
506.285
617.457
522.532
559.866
603.206
626.202
528.421
529.635
576.011
599.128
544.832
544.474
525.495
527.532
617.275
477.876
567.363
560.586
484.109
621.003
568.225
609.003
548.18
652.939
614.786
499.252
577.721
563.238
176.4
251.478
135.093
34.2053
262.069
86.9253
113.296
64.0703
64.4748
175.251
230.124
142.285
128.472
475.009
405.357
450.054
472.772
388.356
462.1
480.577
479.213
397.555
392.363
519.651
407.099
438.516
364.605
455.11
374.039
493.875
474.473
427.376
487.119
522.69
457.867
412.82
503.954
484.62
402.28
482.399
461.733
392.103
531.176
599.013
563.121
531.498
655.152
552.081
575.23
638.418
631.569
564.783
508.519
628.091
642.197
532.561
522.725
580.279
505.665
620.201
510.985
612.962
588.879
491.314
663.031
585.854
615.565
552.105
673.466
601.153
532.545
582.85
563.17
102.421
79.2023
176.264
136.795
149
96.8762
113.031
151.01
1.41421
143.402
215.077
49.3964
477.658
407.462
452.913
451.852
373.472
482.996
457.293
499.103
388.068
384.034
529.245
419.968
410.542
368.285
464.039
368.611
481.176
454.271
458.76
501.695
509.4
492.029
432.075
495.101
454.641
405.475
462.041
456.649
406.519
512.306
613.388
582.635
554.124
671.697
572.225
605.657
656.403
669.917
580.508
562.072
634.133
654.785
580.775
577.07
583.494
559.646
660.002
527.599
623.26
610.709
525.178
676.69
614.955
652.81
589.818
702.157
651.773
549.615
620.423
603.848
118.106
261.444
44.5982
191.23
197.041
195.801
204.318
103.769
84.2021
231.05
143.283
416.592
350.487
393.314
380.552
310.266
431.074
384.615
445.8
326.498
323.394
469.265
367.789
338.12
315.493
406.923
310.85
412.393
383.192
413.924
445.502
439.138
446.723
382.457
427.538
378.993
349.228
390.512
392.818
356.208
439.355
552.754
525.587
499.749
610.499
515.876
553.413
596.309
619.833
521.625
524.047
568.87
592.103
539.001
538.862
518.383
521.967
610.97
471.25
560.34
553.882
478.006
613.968
561.712
602.638
541.986
646.239
608.837
492.574
571.441
557.097
150.013
127.475
77.0584
117.107
87.6641
86.885
79.0253
103.368
136.473
68.1542
412.393
341.204
387.227
393.468
311.541
413.176
399.81
429.708
324.777
320.301
462.745
351.141
353.884
300.781
396.894
303.659
420.534
395.683
386.394
433.609
449.33
419.495
361.931
433.447
399.501
338.882
403.63
393.295
337.083
454.104
546.445
514.164
484.665
604.63
503.513
534.888
588.874
597.925
512.946
486.763
569.565
588.616
506.436
501.734
519.278
484.257
587.667
459.304
557.455
541.915
453.031
610.393
544.541
580.939
517.442
632.388
577.44
481.433
548.285
531.001
277.189
115.732
97.2522
65.7343
93.5575
174.977
250.282
175.923
126.874
508.035
438.073
483.004
504.346
419.869
495.841
512.016
512.957
429.511
424.364
553.108
440.368
469.359
397.181
488.37
406.11
526.1
506.108
461.342
520.697
554.982
491.935
446.374
536.451
515.563
435.041
514.059
494.292
425.381
563.136
632.773
596.987
565.406
689.036
585.95
609.338
672.324
665.77
598.54
542.691
661.601
675.953
566.76
556.881
613.594
539.834
654.404
544.683
646.607
622.832
525.411
696.841
619.949
649.758
586.285
707.6
635.315
566.295
617.038
597.369
190.547
225.397
213.178
207.386
138.004
52.7731
215.928
169.956
373.066
307.847
350.064
336.091
266.811
388.978
340.085
403.397
283.214
280.273
425.762
325.96
293.639
273.914
364.012
268.308
368.061
338.74
373.376
402.613
394.686
405.889
341.063
383.283
334.396
306.726
346.03
349
314.841
394.791
509.03
482.374
457.001
566.646
472.784
510.886
552.596
577.533
478.167
484.487
524.666
548.114
498.535
499.196
474.236
482.499
568.87
428.264
516.358
510.649
436.643
569.956
519.004
560.357
500.276
602.996
567.906
449.431
529.439
515.55
139.943
82.6378
22.4722
148.408
150.602
75.452
116.606
396.215
325.444
370.984
389.401
304.946
387.923
396.921
404.98
315.192
310.131
443.081
329.815
353.842
284.297
377.573
292.043
412.098
391.23
355.913
411.491
441.073
387.827
337.378
423.011
400.081
322.56
399.205
381.084
314.949
448.642
524.492
489.74
458.713
581.684
478.774
505.36
565.242
564.911
490.331
446.448
551.589
567.525
468.633
461.147
502.697
443.735
553.968
436.213
537.448
516.428
421.646
588.804
515.652
548.383
484.487
603.841
538.855
458.144
515.49
496.729
60.1082
127.283
95.462
216.391
215.288
55.5428
525.199
453.813
499.901
509.495
426.708
522.015
516.056
538.881
439.256
434.591
574.374
461.556
470.425
412.845
508.41
417.412
535.717
511.645
492.197
544.056
564.639
524.696
470.88
548.155
516.218
451.27
519.62
507.347
447.045
570.025
657.307
623.76
593.392
715.153
612.922
641.733
699.035
702.672
623.416
585.85
682.157
699.958
607.566
600.614
632.278
583.168
691.931
569.387
669.198
651.038
558.52
721.555
651.786
685.965
622.08
740
678.054
591.493
653.093
634.769
67.6757
111.83
190.589
157.003
64.4981
475.925
404.738
450.62
465.01
381.047
469.588
472.086
486.596
392.46
387.569
523.79
410.542
427.566
363.552
458.017
369.846
489.451
467.001
438.207
492.644
518.467
470.269
418.785
501.088
473.77
401.998
475.001
459.574
395.79
525.034
605.826
571.454
540.615
663.268
560.523
587.731
646.923
647.519
571.735
528.924
632.121
648.753
551.235
543.59
582.798
526.198
636.592
517.607
618.412
598.339
504.099
670.153
597.972
630.971
567.071
686.187
621.392
539.616
598.078
579.356
150.233
170.082
90.0777
112.73
416.635
346.117
391.461
411.05
326.572
407.064
418.647
424.156
336.537
331.436
462.93
349.756
375.82
305.041
397.633
313.27
433.334
412.846
374.253
431.057
462.277
405.819
356.809
444.028
422.036
343.176
420.811
402
334.834
470.09
543.843
508.759
477.545
600.787
497.765
523.442
584.258
582.18
509.64
462.33
571.483
586.941
485.057
476.917
522.855
459.574
571.113
455.567
557.072
535.217
439.582
608.113
533.833
565.778
501.937
621.933
554.923
477.415
532.902
513.873
144.257
214.756
48.1041
478.235
408.001
453.475
452.588
374.114
483.439
458.049
499.562
388.681
384.635
529.794
420.434
411.306
368.782
464.562
369.177
481.867
455.003
459.109
502.195
510.108
492.375
432.501
495.771
455.443
406.005
462.779
457.272
406.964
513.055
613.932
583.131
554.585
672.242
572.713
606.078
656.933
670.296
581.031
562.296
634.745
655.355
581.049
577.294
584.11
559.866
660.367
528.096
623.837
611.196
525.542
677.257
615.389
653.193
590.177
702.619
652.051
550.117
620.794
604.19
165.56
162.099
339.436
271.155
315.357
309.48
233.634
350.321
314.606
365.563
249.112
245.524
391.796
286.819
267.778
234.389
327.951
231.573
339.65
311.965
331.254
366.325
367.483
364.265
300.801
354.052
311.439
269.596
319.64
316.992
274.609
369.682
475.837
447.021
420.077
533.982
437.001
473.16
519.243
539.056
443.825
440.533
494.385
516.283
456.088
455.397
443.695
438.406
529.87
392.231
484.571
475.303
396.081
538.213
481.815
521.852
460.405
567.508
526.274
413.905
490.242
475.278
189.552
333.216
264.282
308.415
334.742
251.104
319.92
342.948
337.037
258.699
253.393
377.383
265
303.264
224.018
313.002
234.955
353.842
336.244
285.771
344.836
382.416
316.83
270.535
363.209
348.649
261.105
344.052
320.914
250
391.772
456.856
421.153
389.647
513.218
410.122
434.431
496.545
492.452
422.622
372.254
485.808
500.034
395.022
386.849
438.092
369.5
481.319
368.761
470.703
447.166
350.488
520.946
444.927
476.135
412.36
532.869
464.846
390.375
443.284
424.096
480.542
409.337
455.37
461.053
379.512
480.817
467.248
497.425
392.868
388.415
530.83
419.029
421.1
368.86
464.952
371.809
488.453
463.303
453.282
501.544
517.2
486.26
429.554
501.471
466.47
407.001
471.23
461.415
404.883
521.717
614.466
581.997
552.327
672.622
571.309
602.173
656.814
664.723
580.91
551.711
637.715
656.695
572.087
566.634
587.433
549.141
654.329
527.194
625.563
609.676
519.912
678.458
611.923
647.8
584.152
699.889
643.005
549.328
615.065
597.479
71.3863
25.318
64.3817
106.33
49.3356
70
49.0408
90.3549
93.9415
52.6972
69.0507
94.414
112.45
23.8537
109.11
43.4626
62.2013
82.4621
37.6431
60.3075
85.44
69.3542
39.598
88.0057
73.9797
62.0725
26.9258
83.863
76.3806
136.418
109.986
88.8144
194.551
101.139
142.902
179.889
209.881
105.119
159.255
157.175
177.158
157.178
169.307
107.079
159.113
203.039
58.8218
145.602
138.058
93.3435
199.078
149.335
193.21
141.767
230.204
213.769
77.7817
165.855
157.867
46.0977
80.4301
46.0652
82.134
89.6437
95.6713
29.7321
30.0167
121.84
26.0768
73.3894
41.1947
56.8243
39.6611
90.802
80.8022
80.05
95.1893
118.663
106.452
43.566
98.9949
102.552
3.60555
87.367
56.7186
29.0689
129.653
205.937
175.901
149.265
264.246
165.846
203.039
248.966
269.774
173.142
190.184
228.473
247.623
197.8
203.482
178.466
188.958
261.345
121.078
216.315
204.167
132.412
269.474
211.227
252.622
193.83
296.355
263.782
142.78
222.144
209.538
62.6418
83.4086
51.9711
70.5762
59.4811
66.8506
69.9714
76.4853
45.8803
81.4923
87.1321
17.72
84.309
55.3173
61.3514
73.1642
53.8145
79.1581
86.0058
50.3289
58.1808
87.9318
48.6621
64.405
21.9545
60.1664
93.1933
160.639
132.31
108.19
218.909
122.801
162.635
203.934
229.811
128.503
166.508
182.387
201.896
168.434
178.045
132.382
165.922
222.252
78.6448
170.461
160.59
102.46
223.788
169.918
212.869
157.813
252.945
229.491
99.4032
183.992
173.899
84.4808
111.288
9.21954
113.358
76.243
81.6088
106.066
97.4526
42.4853
113.719
78.0897
100
33.9411
2.82843
135.68
101.607
58.6003
146.986
108.559
50.2096
25.2982
84.0238
10.198
41.5933
107.48
60.6712
180.314
162.807
148.246
235.213
156.064
200.085
222.991
265.452
154.806
223.573
189.992
215.411
221.219
233.684
140.602
223.379
260
119.269
184.133
189.011
157.715
236.814
204.793
249.538
203.423
277.966
275.016
134.183
224.956
219.338
127.201
92.228
139.517
17.0294
16.1555
159
70.8378
53.8516
42.0595
98.3107
22.4722
109.037
86.2844
125.228
136.693
137.931
152.506
88.5438
122.025
97.7394
46.6154
94.2603
83.3847
67.4759
144
242.627
215.641
191.254
300.593
206.206
245.595
286.15
312.698
211.376
236.212
260.91
282.682
243.707
249.546
210.219
234.957
304.764
161.969
250.954
243.889
178.059
304.608
253.158
295.655
238.411
336.214
309.006
182.8
265.966
254.283
117.958
17.1172
110.209
111.665
61.6847
63.5138
133.417
115.935
34.3657
120.967
92.6984
109.458
40.7185
28.2312
105.437
36.1386
51.264
86.4523
135.945
82.7345
110.476
70.0071
76.4788
122.589
136.938
101.868
71.5122
193.763
90.956
122.967
177.341
188.807
102.703
114.543
167.147
180.114
117.631
126.242
122.784
113.952
179.914
49.0102
151.083
129.035
51.4296
201.102
132.004
171.604
111.732
219.317
181.816
70.4557
140.464
127.405
119.017
84.7585
90.1388
108.337
106.527
46.8402
122.577
85.3756
108.467
34.4819
9.43398
143.736
106.569
55.4707
153.883
117.346
50.4777
18.0278
93.2363
8.544
49.0408
116.675
55.0818
179.805
164.125
151.222
233.773
157.889
202.141
222.036
266.852
155.596
229.177
187.627
213.694
225.887
238.925
138.946
229.079
261.773
122.801
182.702
189.737
163.196
234.887
206.4
251.177
206.828
277.622
278.095
136.565
227.438
222.625
122.495
124.459
46.5188
79.177
140.118
131.37
42.19
135.093
90.2552
111.221
56.0446
15.8114
98.387
42.0119
68.0074
81.2712
137.004
96.6747
111.005
73.7564
92.7038
115.832
119.821
84.8999
55.0364
176.706
74.0405
107.648
160.328
174.141
85.5862
110.223
150.27
162.997
109.417
120.507
106.738
110.073
165.68
32.0156
134.034
112.272
44.4072
183.992
116.284
156.975
99.0202
203.059
170.294
53.3385
126.574
115
5.38516
142.888
55.3173
53.9073
39.2046
81.3941
23.7697
97.0206
77.6209
109.636
119.854
126.036
136.059
73.0068
108.904
93.1504
30.8058
85.3756
68.6804
54.0833
133.634
226.773
199.161
174.413
284.875
189.613
228.712
270.237
295.787
195.167
219.823
246.065
267.24
226.894
233.026
195.433
218.625
287.8
145.245
235.567
227.438
161.149
289.171
236.358
278.729
221.382
319.791
292.002
166.235
248.966
237.255
146.294
54.7083
58.7282
34.0588
83.8689
18.4391
102
82.9699
109.11
122.442
131.004
136.4
72.4224
113.635
98.4886
30.4631
90.7083
73.0068
52.0384
138.813
230.315
202.193
176.955
288.487
192.52
231.141
273.724
298.136
198.457
220.084
250.138
271.017
227.794
233.452
199.552
218.82
290
148.003
239.385
230.489
162.29
292.945
238.948
281.043
223.143
322.845
293.466
169.189
251.024
238.95
113.283
143.056
161.969
65.9697
160.73
74.0945
103.354
102.181
33.7343
68.0294
86.2148
107
59.203
124.652
123.976
99.8098
77.8974
128.133
84.4808
84.1724
58
43.7379
142.468
50.2195
94.0213
127.456
159.841
52.4309
134.629
108.559
125.873
124.258
140.89
61.5224
135.44
154.019
21.4709
94.8314
85.703
73.4302
147.679
99.0454
143.67
99.8248
177.609
170.141
28.2312
119.101
115.209
97.7446
52.4309
48.0104
59.4054
99.6444
97.1854
54.4059
82.5651
124.888
82.6801
17.72
104
121.495
24.5153
102.552
64.3506
15
138.311
195.76
163.049
134.164
253.728
152.463
186.454
237.807
252.258
161.969
165.946
221.775
238.43
175.206
179.602
173.234
164.575
243.214
108.167
207.885
190.924
111.072
260
195.359
235.053
174.316
282.195
242.769
130.3
203.657
189.636
92.6337
99.2018
74.6525
75.452
45.1774
147.167
131.518
101.079
166.331
113.437
91.4002
46.2709
76.3217
52.3927
67.5352
102.318
101.922
221.07
200.891
182.85
276.81
193.217
236.349
264.14
302.8
193.876
247.952
232.246
257.257
249.514
259.532
182.527
247.316
296.562
152.977
225.801
227.969
183.807
278.787
242.002
286.44
236.144
318.277
308.151
170.423
260.019
252.254
96.1353
19.6977
129.877
114.769
101.02
133.417
158.398
132.548
67.1789
139.359
132.076
38.4708
122.197
97.1288
41.0366
168.122
245.734
214.35
186.196
303.982
203.961
238.835
288.404
304.685
212.445
213.843
269.32
287.837
225.499
228.079
219.493
212.174
295.601
159.314
256.727
242.44
162.733
309.614
247.645
287.48
226.497
334.127
294.16
181.342
256.018
241.671
96.3846
64.6375
76.4853
60.208
38.6005
84.0238
69.1158
45.8803
63.1269
103.16
58.6003
78.4474
36.4966
63.0079
99.7647
149.603
119.08
93.086
207.868
109.078
147.323
192.388
214.394
116.469
148.852
174.106
191.76
150.785
160.331
125.256
148.297
206.48
64.3506
160.801
147.353
84.7585
213.506
155.081
197.345
141.014
239.585
212.462
85.9593
167.836
157.051
120.067
101.39
112.254
134.833
149.03
142.004
76.3217
131.244
116.276
38.4187
109.142
89.9444
52
157.153
244.902
215.448
188.915
303.191
205.456
242.607
288.106
309.233
212.426
224.876
266.085
286.178
234.61
238.73
215.669
223.397
300.666
160.702
254.686
243.731
170.182
308.08
250.863
292.063
232.648
335.966
301.877
182.332
261.345
248.204
31.1127
124.808
76.2365
29.0172
128.705
105.646
16.2788
50.5964
94.255
26.0768
35.3553
112.712
39
146.373
129.653
117.341
201.467
123.434
167.72
189.095
232.381
121.248
199.161
156.924
181.819
193.933
208.038
107.075
199.304
227.297
89.627
150.416
155.425
133.304
203.335
171.919
216.696
173.22
244.035
244.135
102.318
193.155
188.884
134.48
99.2975
55.9464
145.248
107.912
47.3814
26.6833
84.4038
8
40.025
107.517
58.4209
177.485
160.031
145.619
232.398
153.323
197.368
220.166
262.688
152.003
221.443
187.224
212.608
218.874
231.465
137.801
221.274
257.263
116.709
181.32
186.207
155.544
234.019
202.04
246.789
200.861
275.138
272.415
131.488
222.281
216.76
68.942
142.172
33.2866
36.6879
121.918
160.975
78.848
137.481
94.9368
60.5392
158.701
173.003
136.18
104.307
227.969
125.144
149.576
211.149
211.533
139.09
112.898
205.407
216.021
125.16
127.063
162.782
111.306
201.358
87.4757
188.383
161.505
66.6408
236.305
159.765
194.551
131.126
247.988
195.021
107.378
161.901
145.114
82.7647
57.8014
74.3303
66.2193
124.403
96.7471
98.326
64.0781
97.0155
100.225
113.265
80.9568
54.5619
171.164
70.7107
108.931
155.271
176.082
79.404
123.016
141.057
156.109
119.641
132.378
95.1893
123.102
168.44
25.9422
126.02
109.128
57.0789
177.564
116.516
159.101
104.809
201.189
176.777
47.927
130.25
120.934
139.789
128.472
21.095
66.5282
122.025
48.7647
62.0967
138.716
17.4642
126.606
116.379
111.162
178.933
112.294
156.32
167.836
217.911
106.231
201.427
132.201
158.619
192.26
208.504
84.1487
202
214.107
87.8237
127.988
139.531
137.361
179.636
158.827
203.158
166.868
224.27
235.372
94.4299
182.88
181.728
65.8027
121.672
171.828
106.005
146.509
105.475
91.5478
157.156
146.24
108.559
76.6551
199.023
97.7394
117.631
182.044
178.466
113.358
83.7735
180.942
188.597
92.957
97.0618
142.695
82.6378
168.181
67.2309
162.788
132.061
33.8378
208.087
128.098
161.549
97.949
216.116
162.114
83.4865
128.81
111.83
107.378
133.36
42.2019
112.414
71.4493
26.2488
143.22
187.115
152.882
122.776
244.499
142.046
173.589
228.232
238.537
152.971
148.607
215.281
230.159
158.673
162.41
168.19
147.177
229.14
98.8433
200.325
180.25
95.5877
251.432
182.913
221.35
159.625
270.496
226.991
120.83
189.489
174.642
65.7951
102.259
42.2019
42.2966
117.987
36.7967
130.115
113.741
102.84
185.413
107.838
152.201
172.905
216.449
105.119
187.963
141.421
165.895
181.177
196.125
91.2688
188.29
211.549
76.2365
134.402
139.27
122.642
187.489
156.119
200.883
158.902
227.759
229.314
87.2812
177.91
174.385
106.075
26.0768
66.7083
130.599
61.5873
192.876
179.36
167.932
245.367
173.632
217.995
234.361
281.966
170.309
247.13
197.952
224.931
243.528
256.78
150.655
247.051
277.272
139.946
194.487
204.267
181.135
245.734
221.82
266.558
223.761
290.656
294.73
152.856
243.633
239.46
90.9725
60.0167
26
133.135
207.993
177.589
150.602
266.295
167.451
204.201
250.928
270.815
175.046
189.644
230.931
249.82
197.752
203.066
181.033
188.367
262.275
122.674
218.58
205.828
132.612
271.649
212.509
253.647
194.466
297.935
264.14
144.475
222.991
210.107
42.5441
113.455
50.4876
171.898
155.724
142.678
226.259
149.412
193.644
214.311
258.451
147.299
221.081
180.569
206.306
217.518
230.703
131.503
221.02
253.314
114.285
175.171
181.463
155.081
227.607
197.96
242.736
198.295
269.676
269.551
128.035
218.909
214.086
77.3692
74.2496
160.066
135.794
115.676
217.681
127.35
169.623
203.63
236.485
130.096
183.448
177.553
199.459
182.964
194.18
126.874
183.096
229.804
85.703
167.705
163.6
118.068
221.371
175.824
219.893
168.609
255.345
240.616
104.139
192.762
184.719
151.608
210.278
177.116
147.733
268.129
166.433
199.324
252.105
264.592
176.377
173.416
236.662
253.049
184.505
187.489
188.215
171.843
255.28
122.413
222.623
204.834
121.828
274.563
208.471
247.396
185.852
295.718
253.144
144.544
215.641
200.891
136.191
129.757
127.004
185.699
126.59
170.074
175.801
229.896
118.962
218.477
137.208
164.939
208.694
225.284
92.0869
219.1
226.736
104.738
135.418
151.347
154.69
185.262
171.84
215.676
182.275
232.998
249.73
110.018
196.901
196.825
37.855
69.5845
58.3095
48.5077
57.1402
43.566
97.3242
34.2345
147.513
38.6005
43.1856
123.794
145
44.9444
149.803
97.0824
88.2836
18.6011
26.4197
116.914
64.3273
51.0784
86.0233
86.3713
97.8366
130.419
66.4831
80.4114
92.6499
32.0156
92.0706
11.0454
40.4475
75.505
102.728
12.3693
115.624
74.7329
80.0999
95.0158
115.663
54.231
117.593
97.9898
55.0364
55.3624
28.3019
79.1202
100.125
42.5441
87.2067
59.808
120.652
120.599
33.121
67.4759
71.1969
123.685
21.095
54.4518
106.921
121.631
37.3363
97.0464
104.995
112.112
82.5651
100.881
73.5527
98.4124
114.337
30
86.3481
57.7235
48.7545
132.061
62.0081
104.738
56.0892
148.034
126.874
17.2627
77.1751
71.5681
103.097
88.8876
17.0294
83.1865
91.7606
181.747
50.5371
21.095
154.742
174.943
94.8472
184.491
90.1388
145.774
51.0882
67.0075
167.192
12.7279
78.1089
82.4621
119.616
52.9528
132.201
123.693
98.4784
118.119
44.3847
86.4928
109.622
17.8045
109.622
84.5044
91.0494
90.8735
110.941
58.5235
111.4
103.942
44.7772
65.521
38.4838
68.9493
111.162
48.8262
93.4933
57.8705
130.511
123.167
23.4307
70.6045
71.0282
72.45
67.1789
52.0865
94.1541
94.2603
86.093
68.4105
89.4986
91.2414
96.7471
60.2163
84.2912
74.8131
30.8058
83.9524
100.305
11.0454
50.3289
31.3847
98.4937
80.2247
66.0379
27.074
35.5106
75.9605
75.9605
165.922
46.3897
19.9249
139.187
159.665
83.8689
168.621
81.0247
129.692
40.4969
50
150.163
27.8568
61.8466
72.0694
103.47
57.7062
121.939
107.564
84.0238
102.927
111.803
128
119.942
95.8801
101.178
116.349
141.662
131
12.0416
151.427
107.005
78.5493
144.903
95.3834
60.803
17.2047
80.6226
52.8015
52.0096
132.439
49.6588
68.4105
126.823
67.72
77.4145
106.944
127.424
42.0476
128.69
107.912
54.1295
49.4975
34.2053
86.0058
98.4784
52.8867
96.933
72.111
125.252
132.306
32.249
79.1581
83.5464
186.038
180.247
27.6586
15
168.107
3
116.004
113.78
166.066
123.004
66.0076
193.685
104.235
114.438
62.7694
177.37
92.6984
113.719
85.6154
64.56
29.5466
161.941
183.153
50.6952
188.353
123
118.271
20
63.6553
153.444
48.1664
86.6083
112.792
124.459
102.46
161.05
98.1529
114.909
129.468
154.208
175.071
74.8131
182.833
100.846
131.381
31.7648
59.1354
158.152
21.9317
76.2758
91.6788
117.478
73.0821
141.421
109.659
101.119
118.849
21.2132
148.946
30.5941
89.2749
105.019
142.13
98.3514
66.2118
166.832
77.9359
87.0919
37.4833
149.857
71.0211
99.8248
57.9741
37
169.307
17.4929
104.307
120.702
163.343
119.553
76.1183
187.171
98.813
103.755
58.6941
166.904
78.4474
118.004
77.0779
56.8243
169.838
140.431
75.9605
43.8406
65.0692
120.801
96.2601
89.0898
129.259
114.018
140.911
170.238
60.4649
117.72
124.724
119.004
114.477
168.372
125.431
66.0303
196.4
106.892
117.427
65.3682
180.347
95.5196
114.965
88.5268
67.4463
144.309
108.559
75.9276
134.826
102.65
55.4617
11.1803
70.2353
64.2573
42.45
126.194
39.6611
57.2451
102.078
83.1865
51.9711
152.591
91.2853
134.618
84.1546
175.277
155.862
22.1359
107.07
100.09
44.0454
134.406
53.6656
67.7422
97.8673
104.661
98.1122
144.641
81.0555
96.6023
110.209
100.245
76.6551
25
64.7611
60.8769
92.358
105.683
61.4003
54.4059
66.2873
176.819
94.541
127.91
64.6607
182.387
131.712
60.4401
95.2943
79.2023
89.6939
95.1315
131.309
61.0082
144.807
130.698
110.941
130.361
44.7772
41.6293
88.2326
81.1542
71.7008
29.4109
43.1393
63.9062
63.1506
49.93
116.017
32.8938
52.6118
122.409
72.0069
72.4431
31.0161
16.1245
104.101
153.701
93.0054
114.07
142.046
53.1507
55.9017
90.8735
87.4757
21.2132
