90
53.1507
143.405
184.092
226.318
99.0404
269.429
249.722
229.271
292.961
149.218
231.521
176.105
160.112
142.773
158.373
209.876
158.676
133.686
58.6941
94.6414
101.833
267.47
226.53
177.341
237.059
156.016
75.505
108.227
12.083
702.481
650.627
792.584
840.031
588.233
792.376
747.799
721.183
598.793
797.777
633.399
723.561
629.23
789.208
619.642
539.356
667.372
802.793
597.409
624.071
672.787
776.856
485.643
754.827
594.121
655.589
670.323
625.732
575.284
654.313
508.252
342.987
404.085
343.654
436.24
401.838
328.293
439.739
452.69
436.079
390.8
396.003
277.8
436.177
430.108
292.775
437.796
459.26
387.021
385.603
359.562
460.34
317.166
319.226
443.357
493.527
324.852
483.988
442.612
436.331
178.045
235.255
273.651
151.42
309.362
290.875
281.187
336.204
195.359
281.604
215.23
201.636
146.154
202.684
262.954
170.836
176.207
101.39
98.7623
103.368
308.585
279.093
230.054
276.004
160.462
128.413
156.32
58.4209
651.605
607.329
743.295
792.67
551.613
744.476
695.768
683.34
552.263
754.168
590.895
672.601
585.977
738.73
575.198
488.381
626.537
762.42
553.514
580.904
626.323
728.179
440
710.862
548.11
613.849
620.21
579.728
530.024
614.003
468.386
308.099
375.832
311.623
390.664
370.8
297.955
397.247
418.905
387.559
341.585
363.127
240.42
392.307
384.294
251.754
404.25
423.657
353.163
356.406
330.893
427.93
287.613
282.931
410.76
455.748
288.586
447.599
403.854
403.068
116.211
118.089
142.225
330.22
115.879
226.685
338.161
57.3149
141.354
40.7922
234.77
278.821
50.6063
186.561
77.1038
34.4819
85.44
234.081
241.754
324.23
214.273
175.514
98.8838
290.462
129.653
66.7533
131.655
756.604
663.709
833.779
868.945
576.99
825.121
811.784
710.291
628.676
808.77
643.55
777.979
642.751
838.762
638.806
598.11
669.573
799.89
614.799
637.377
700.258
814.472
515.539
768.313
621.55
661.853
719.389
652.154
599.721
654.782
646.409
484.381
547.403
486.157
567.008
544.695
471.208
575.087
594.728
560.359
513.439
538.313
417.663
569.689
560.466
429.791
579.912
600.454
528.946
528.796
502.802
602.88
460.218
459.837
585.819
633.392
465.491
624.76
581.703
578.553
60.4152
109.986
247.018
114.127
120.487
244.663
59.3633
49.3964
94.578
178.6
276.293
66.4831
76.6942
193.215
85.4751
138.004
244.91
252.389
239.019
105.309
82.2192
118.106
283.593
119.954
82.1523
176.918
861.265
777.844
942.675
980.866
693.077
936.104
912.952
826.458
739.625
923.499
758.024
882.617
756.762
945.212
751.911
700.341
784.972
915.817
728.113
751.402
812.01
924.253
625.844
882.647
733.001
776.835
825.577
763.944
711.687
770.302
682.825
513.157
562.392
509.784
617.82
564.811
492.441
618.159
618.93
619.717
574.739
562
452.66
616.117
611.916
471.161
603.938
628.212
554.701
546.059
520.024
624.216
480.57
491.798
607.876
665.277
497.257
653.778
616.329
602.057
166.604
303.295
58.6941
169.579
297.204
78.4474
33.6155
80.6536
239.015
332.367
73.5527
126.063
190.373
100.975
172.351
297.693
305.369
294.822
152.84
140.464
69.7782
340.507
172.247
118.106
217.187
874.613
776.809
950.84
984.26
684.329
941.148
929.834
816.304
744.919
920.576
756.128
895.987
756.081
956.507
753.286
716.182
779.962
907.833
729.088
750.696
815.874
931.168
632.282
880.918
737.482
773.365
837.22
767.802
715.31
764.817
732.462
564.287
617.029
562.219
662.541
618.322
545.37
665.53
671.658
661.172
615.228
614.649
501.698
662.367
656.385
518.375
656.659
680.074
606.806
600.142
574.008
677.647
533.646
541.946
661.085
716.152
547.49
705.391
666.274
654.899
193.745
209.418
130.3
208.904
108.467
159.013
153.375
92.6553
166.352
122.413
113
198.517
112.361
88.4081
136.418
143.656
189.19
127.675
78.7718
204.846
174
24.6982
76.0263
98.0867
801.302
743.404
890.505
936.417
673.918
889.25
846.832
807.694
694.719
890.578
725.405
822.411
722.015
887.839
713.625
638.238
757.493
892.02
690.914
716.783
768.547
874.348
581.047
848.069
689.604
746.728
768.794
721.153
670.132
743.898
575.167
404.738
452.436
400.586
514.884
455.11
383.021
512.544
509.495
520.54
477.1
452.642
346.136
511.595
509.284
366.35
494.516
519.189
445.623
436.203
410.202
514.513
371.097
384.159
498.257
556.793
389.536
544.868
508.553
492.585
360.501
139.474
39.3192
282.931
276.684
329.662
109.343
213.804
296.435
178.885
392.084
296.864
280.608
231.458
233.019
10
156.32
165.027
365.005
207.126
214.767
264.093
274.711
947.658
916.657
1044.99
1098.59
857.658
1049.54
983.693
990.516
859.824
1063.41
900.25
968.06
895.313
1036.08
884.238
785.514
935.535
1071.27
862.745
890.25
933.806
1031.59
748.562
1020.01
856.189
923.106
919.785
887.759
838.689
922.777
598.505
434.557
446.996
420.811
572.385
459.698
401.617
555.325
515.442
593.792
558.961
464.769
399.716
561.001
568.641
427.931
501.862
531.12
462.905
437.733
415.766
514.176
390.233
424.011
501.22
572.972
428.001
556.579
535.262
499.12
228.162
355.563
104.484
90.802
76.0263
289.995
370.601
92.6553
184.459
172.003
116.039
191.604
331.436
339.242
352.24
211.483
196.237
21.587
380.132
209.48
145.836
239.008
857.735
747.348
928.814
957.842
648.917
916.335
916.156
779.175
721.2
888.946
726.034
879.04
727.028
937.363
726.034
702.558
747.136
872.112
701.617
721.649
790.509
908.073
610.364
850.429
713.073
741.853
818.889
742.669
690.262
731.667
757.644
592.565
650.614
592.491
681.324
650.001
576.521
687.835
701.821
675.818
629.012
644.96
527.464
683.17
674.876
541.513
686.878
708.834
636.305
632.861
606.698
708.929
565.106
568.945
692.072
743.243
574.569
733.655
692.215
685.32
128.035
170.988
140.032
213.378
122.25
255.494
182.124
44.1475
300.015
192.408
209.995
244.818
250.354
130.081
17.1172
55.2178
236.136
256.784
154.506
169.712
228.239
931.593
869.258
1020.32
1065.07
793.865
1018.31
976.92
927.815
823.177
1016.21
850.647
952.707
847.918
1018.06
840.531
768.538
881.028
1014.41
817.472
842.636
896.81
1003.87
709.26
974.148
817.729
871.176
898.952
849.196
797.793
867.001
671.414
500.601
533.082
492.042
624.131
540.678
473.207
616.046
596.822
635.437
594.281
541.698
450.351
617.709
619.141
474.318
582.22
609.473
536.889
519.847
495.084
598.941
461.147
483.793
583.961
649.609
488.729
635.472
605.26
579.871
287.179
268.067
332.844
134.618
250.06
300
171.143
404.475
303.99
297.249
264.093
266.308
33.1361
145.086
165.421
362.327
244.182
231.812
273.739
296.985
979.874
942.992
1075.91
1127.98
880.095
1079.29
1017.36
1013.46
888.248
1090.01
926.078
1000.42
921.609
1068.1
911.29
817.296
960.332
1095.73
889.427
916.489
962.299
1061.96
776.202
1046.84
884.25
948.462
951.181
915.861
866.225
947.26
637.817
473.77
486.079
460.109
611.209
498.935
440.91
594.485
554.633
632.048
596.675
504.071
438.17
600.03
607.399
466.177
541.089
570.377
502.224
476.957
455.057
553.249
429.511
463.004
540.379
612.246
467.039
595.814
574.575
538.339
92.1954
47.0425
196.352
266.222
14.1421
129.808
134.015
26.5707
93.984
227.115
234.913
276.134
157.867
122.197
97.0618
275.966
105.475
41.8688
139.542
805.363
718.722
885.226
922.394
633.782
877.931
858.446
767.219
681.42
864.256
698.825
826.734
697.668
888.662
693.053
645.273
725.623
856.47
669.194
692.304
753.565
866.487
567.807
823.486
674.633
717.541
769.081
705.477
653.154
710.944
657.049
490.275
546.594
489.396
584.969
546.48
473.111
588.955
598.847
582.918
536.881
541.893
426.339
585.317
578.744
441.956
583.874
606.427
533.54
529.037
502.865
605.568
461.589
467.231
588.8
641.63
472.822
631.482
591.159
582.241
107.912
221.237
325.088
92.1954
97.8673
216.675
117.958
182.014
294.294
301.761
267.854
123.004
118.186
103.31
332.032
169.307
125.766
223.652
896.644
804.106
975
1010.19
713.821
966.467
950.353
846.242
770.029
948.541
783.684
918.02
783.25
979.431
779.776
737.027
808.476
937.245
755.694
777.87
841.546
955.793
656.869
908.494
762.88
801.417
859.938
793.444
740.995
793.459
732.182
562.553
611.425
559.142
666.478
614.052
541.762
667.281
668.253
667.578
622.3
611.336
501.941
665.065
660.519
520.22
653.263
677.591
604.074
595.211
569.2
673.457
529.879
541.166
657.149
714.673
546.631
703.166
665.697
651.372
242.909
304.416
33.2415
170.473
109.731
44.4185
117.456
262.256
270.046
322.721
199.06
167.443
61.0737
315.087
146.895
79.8499
164.939
794.733
696.63
870.267
903.669
606.001
860.498
850.77
738.584
664.267
840.788
676.081
816.1
675.841
876.248
672.804
637.024
700.588
829.39
648.637
670.458
735.245
850.537
551.67
800.89
656.833
693.63
757.057
687.169
634.679
685.557
682.821
518.969
579.408
519.736
605.437
577.779
504.227
612.422
628.793
599.802
553.017
572.102
453.125
607.514
598.967
466.425
613.901
635.22
563.113
561.221
535.113
636.396
493
494.928
619.432
668.995
500.57
659.822
617.668
612.434
135.484
210.49
137.361
289.168
204.01
174.554
135.148
138.917
107.48
131.727
105.119
289.111
135.34
109.768
168.241
165.415
847.143
808.722
942.064
993.487
748.344
944.902
886.544
881.27
753.635
955.667
792.006
867.828
787.351
935.13
776.809
684.24
826.797
962.416
755.04
782.251
827.687
927.811
641.611
912.425
749.635
814.617
817.712
781.245
731.653
813.917
549.607
379.12
411.068
370.041
505.938
418.438
351.141
495.816
474.573
520.278
481.104
419.488
331.35
498.303
501.251
356.624
459.971
487.266
414.798
397.646
372.839
476.765
339.096
363.149
461.733
527.505
367.952
513.264
483.625
457.621
278.787
261.228
301.347
260
194.641
49.0408
43.1045
217.338
262.488
224.949
362.498
14.3178
161.335
225.763
154.564
738.848
726.815
839.222
897.091
684.668
847.096
771.899
813.536
662.759
871.449
712.535
758.881
705.823
827.551
691.968
578.288
751.554
887.381
672.09
701.029
735.99
827.402
555.511
827.519
660.451
737.019
713.109
691.621
645.036
740.209
416.711
245.552
286.603
238.399
370.504
290.548
220.036
360.68
345.809
386.012
348.294
289.472
195.87
362.869
365.876
221.443
330.927
356.887
283.551
270.972
245.204
349.813
207.966
228.3
333.918
396.011
233.24
382.816
350.304
328.818
140.064
127.624
27.4591
101.533
238.849
246.658
289.527
168.434
134.715
83.863
288.765
118.596
53.2635
148.189
804.469
714.217
883.02
919.018
627.407
874.95
858.47
760.608
678.458
859.354
694.104
825.846
693.239
887.246
689.123
645.034
720.176
850.393
665.156
687.867
750.267
863.968
565.099
818.854
671.466
712.453
767.745
702.164
649.765
705.377
666.611
500.546
557.961
500.1
593.054
557.459
484.01
597.866
609.493
590.001
543.725
552.587
436.056
593.879
586.758
451.053
594.536
616.774
544.063
540.237
514.071
616.445
472.559
477.222
599.621
651.611
482.83
641.718
600.894
592.946
261.63
152.84
181.077
242.332
248.761
170
28.6356
36.6879
192.034
264.887
134.629
134.525
206.712
908.313
837.943
994.399
1036.7
758.858
990.654
956.077
892.691
794.784
984.528
818.849
929.545
816.677
993.946
810.247
745.767
847.939
980.431
786.878
811.36
868.043
977.185
680.724
942.9
788.885
838.74
874.486
820.198
768.401
833.65
677.549
506.32
545.202
499.626
623.571
550.921
481.215
618.542
606.59
631.478
588.738
550.529
451.908
618.852
618.224
474.052
591.778
618.055
544.772
530.745
505.36
609.886
469.138
487.714
594.337
657.225
492.878
644.003
611
589.591
109.041
116.4
252.794
259.677
387.156
288.669
246.812
151.053
314.682
179.402
131.746
147.105
686.791
587.45
760.834
793.958
499.896
750.777
744.361
633.243
554.582
732.138
567.101
708.133
566.579
767.508
563.214
530.687
592.639
722.79
539.089
561.2
625.514
740.945
442.159
691.903
547.111
585.12
648.556
577.437
524.948
577.8
627.951
475.026
545.88
480.371
539.593
539.726
467.566
553.176
585.8
526.693
479.263
531.029
406.203
545.443
532.711
413.165
571.42
588.933
520.458
526.194
500.948
595.769
457.559
449.004
578.565
618.357
454.609
611.891
565.722
570.453
75.7166
218.002
225.801
290.661
180.278
141.032
104.062
270.712
103.446
36.6742
123.004
779.03
692.384
858.676
895.85
608.245
851.364
832.406
741.804
654.853
838.026
672.549
800.403
671.311
862.216
666.588
619.129
699.606
830.738
642.751
665.95
727.017
839.92
541.237
797.178
648.077
691.385
742.647
678.932
626.616
684.98
641.698
476.596
535.788
476.8
566.824
534.575
461.042
572.309
586.038
563.174
516.795
529.235
411.433
568.016
560.479
425.738
571.112
592.871
520.455
517.759
491.623
593.357
449.722
452.912
576.449
627.204
458.538
617.65
576.202
569.59
148.923
156.541
276.632
203.118
154.871
178.466
206.814
65.8635
56.3205
47.5079
728.16
659.276
813.349
855.968
586.502
809.707
777.638
720.39
614.024
806.264
640.744
749.442
637.932
813.35
630.601
566.099
671.658
805.623
607.495
632.653
687.451
796.111
499.992
764.158
608.313
661.473
693.804
639.707
588.116
657.815
566.043
401.528
462.612
402.344
491.522
460.523
386.974
496.614
511.348
488.944
442.9
454.683
335.932
492.428
485.232
350.023
496.461
517.789
445.659
444.213
418.151
519.034
375.826
377.584
502.048
551.77
383.221
542.436
500.634
495.007
7.81025
233
248.767
205.682
321.72
63.0079
125.603
185.607
106.607
716.235
692.301
813.763
868.616
644.575
819.198
753.316
774.808
631.497
838.029
677.154
736.675
671.128
804.632
658.426
554.063
714.894
850.911
637.812
666.216
705.23
800.713
522.036
794.278
628.497
701.076
688.397
659.919
612.04
703.052
438.749
268.419
319.725
264.94
381.266
320.632
247.8
376.873
374.226
390.717
349.517
317.246
210.219
376.666
375.968
231.728
359.227
383.303
309.803
302.538
276.384
379.971
236.019
247.758
363.453
420.523
253.124
408.873
372.134
357.405
234.883
254.657
212.085
329.528
57.3149
133.225
193.414
113.842
714.687
693.139
812.759
868.204
646.789
818.664
751.081
776.681
631.605
838.648
678.189
735.06
672.003
803.159
659.037
552.754
716.241
852.233
638.584
667.117
705.252
799.94
522.591
794.85
628.753
702.249
687.224
660.129
612.518
704.518
431.567
261.094
311.97
257.41
374.995
312.973
240.204
370.108
366.652
385.083
344.246
309.684
203.423
370.108
369.758
225.329
351.655
375.832
302.313
294.822
268.673
372.324
228.403
240.635
355.827
413.174
245.978
401.43
364.94
349.819
146.997
157.258
357.09
211.218
210.772
258.382
272.356
949.191
915.895
1045.97
1098.96
855.618
1050.05
985.905
988.65
859.808
1062.75
899.312
969.658
894.536
1037.53
883.724
786.842
934.255
1069.89
862.098
889.452
933.823
1032.34
748.241
1019.43
856.037
922.011
920.959
887.626
838.344
921.393
605.657
441.022
454.78
427.591
578.146
467.181
408.377
561.649
523.026
598.913
563.6
472.002
405.04
567.071
574.314
433.042
509.365
538.535
469.946
445.253
423.066
521.966
396.921
430.029
508.87
580.328
434.093
564.057
542.156
506.645
49.3356
219.866
264.622
151.119
159.79
224.611
927.838
861.78
1015.4
1059.03
784.511
1012.59
974.236
918.417
817.083
1008.57
842.929
949.008
840.472
1013.96
833.547
764.966
872.672
1005.62
810.334
835.172
890.556
998.6
703.071
966.718
811.423
863.146
894.665
842.824
791.224
858.511
679.073
508.004
542.709
500.09
629.362
549.678
481.386
622.384
605.696
639.41
597.629
550.216
456.216
623.559
624.238
479.542
591.014
617.948
545.077
529.054
504.061
608.215
469.308
490.544
593.034
657.773
495.565
643.944
612.745
588.718
200.002
228.974
101.868
115.521
175.283
878.514
814.087
966.284
1010.36
738.867
963.769
924.949
872.824
768.438
961.021
795.447
899.68
792.752
964.666
785.464
715.632
825.819
959.252
762.365
787.467
842.002
949.596
654.472
918.987
762.896
815.959
845.4
794.336
742.855
811.804
641.038
469.819
509.652
463.327
586.939
514.995
444.983
581.859
570.552
595.124
552.58
514.373
415.222
582.168
581.609
437.389
555.713
581.833
508.489
494.955
469.473
574.053
432.911
451.093
558.409
620.868
456.269
607.765
574.471
553.553
372.594
202.425
136.741
225.967
836.331
725.882
907.239
936.285
627.889
894.752
894.94
758.382
699.614
867.62
704.597
857.63
705.542
915.856
704.486
681.388
725.883
851.16
680.074
700.163
768.93
886.488
588.804
829.027
691.486
720.503
797.422
721.086
668.677
710.438
743.847
579.994
639.85
580.607
665.76
638.527
564.982
673.25
689.734
659.203
612.243
633.003
514.198
668.159
659.242
527.403
674.83
696.254
624.079
621.798
595.668
697.23
553.701
555.993
680.29
730.068
561.633
720.878
678.731
673.345
170.652
235.983
167.705
748.792
739.317
849.774
908.296
698.178
858.189
780.872
826.797
674.633
883.7
725.207
768.721
718.366
837.526
704.29
588.7
764.455
900.222
684.563
713.595
747.733
838.234
567.877
839.743
672.468
749.791
723.547
703.574
657.268
753.204
414.638
243.871
280.959
235.468
372.132
286.044
216.788
360.662
341.721
389.371
352.755
285.82
197.428
363.595
367.72
224
326.928
353.476
280.471
265.994
240.504
345.08
204.707
227.899
329.46
393.154
232.659
379.459
348.485
324.721
67.0671
73.736
777.139
718.761
866.008
911.748
649.835
864.614
823.119
783.556
670.036
865.941
700.8
798.269
697.37
863.56
688.939
614.135
733.017
867.632
666.24
692.142
743.858
849.779
556.354
823.411
664.91
722.177
744.453
696.457
645.434
719.462
562.876
393.376
444.792
390.478
499.123
446.189
373.402
498.471
499.813
503.019
458.94
442.824
332.746
496.771
493.356
351.639
484.813
508.693
435.259
427.908
401.781
505.547
361.62
371.86
489.05
545.476
377.327
534.177
496.391
483.001
99.1615
780.531
703.694
863.586
903.839
624.725
858.35
831.387
758.626
662.107
850.154
684.474
801.86
682.458
865.014
676.412
619.122
713.414
846.002
652.915
677.131
735.035
845.691
548.091
808.646
655.897
704.251
745.38
687.079
635.079
699.134
615.442
448.443
504.882
447.528
544.435
504.643
431.26
547.738
556.978
543.457
497.743
500.025
384.689
544.365
538.281
400.649
542.006
564.579
491.675
487.259
461.088
563.716
419.749
425.472
546.941
599.862
431.057
589.652
549.482
540.374
703.416
647.823
792.44
838.848
583.342
791.476
749.737
716.554
597.332
795.016
630.317
724.553
626.422
789.826
617.292
540.438
663.699
798.902
594.862
621.235
671.253
776.371
483.889
752.219
592.434
652.228
670.735
624.021
573.294
650.478
518.7
354.031
415.756
354.993
445.463
413.299
339.768
449.68
463.916
444.37
398.799
407.294
288.467
445.821
439.264
302.888
449.04
470.287
398.207
397.2
371.183
471.704
328.694
330.08
454.697
504.287
335.716
494.928
453.207
447.604
216.49
111.647
191.719
335.037
144.069
76.0263
331.851
165.955
247.823
233.499
21.3776
219.659
88.7525
198.404
163.233
265.189
317.479
215.288
222.146
143.84
113.886
253.955
219.791
178
247.227
44.0114
164.839
200.639
274.053
589.922
618.695
685.747
641.363
502.678
661.219
651.577
545.712
648.278
454.12
454.78
643.548
600.554
527.191
499.685
572.085
646.811
630.593
633.028
672.602
670.177
664.606
655.276
606.555
657.742
613.597
606.825
627.939
591.849
649.25
214.17
215.128
129.035
182.888
291.383
128.891
87.023
147.201
23.0217
228.642
21.4009
247.316
39.2938
220.02
51.6236
165.955
54.8179
26.6271
74.2024
187.515
171.817
104.957
80.895
31.3847
177.8
63.561
85.9069
57.8014
702.319
678.531
758.109
699.927
597.967
735.55
704.65
640.539
738.769
549.452
531.433
717.837
639.519
621.696
592.862
616.024
733.134
724.798
705.516
740.995
731.098
755.508
704.649
659.294
744.535
719.42
661.396
729.559
684.547
734.897
84.4808
343.198
49.6488
140.089
295.381
208.504
173.404
236.544
98.7927
227.343
49.98
216.335
261.205
249.552
250.799
239.754
231.815
146.986
27.2947
318.71
163.343
217.745
238.248
126.507
191
241.531
263.181
700.969
729.022
797.031
751.671
614.318
772.544
761.449
657.359
759.924
565.723
565.601
754.841
708.611
638.834
611.302
680.567
758.437
742.224
744.218
783.666
780.76
776.25
764.809
716.197
769.376
724.94
716.644
739.419
703.496
760.868
337.429
51.225
224.036
258.304
241.944
116.499
237.929
181.662
233.636
131.244
231.897
325.043
234.446
191.919
256.377
238.883
168.861
78.2943
355.985
128.062
247.952
230.054
195.819
216.924
269.258
250.154
781.273
801.411
871.966
823.967
691.712
847.68
832.8
735.001
837.532
642.704
639.607
829.873
776.951
716.297
688.355
749.683
835.407
820.285
818.89
857.864
853.64
854.001
835.489
787.213
846.476
804.523
788.001
818.511
781.118
837.748
310.281
411.06
133.959
174.691
245.931
106.977
350.019
118.068
375.405
136.741
285.449
104.389
223.511
121.017
114.529
200.449
316.481
175.923
213.528
162.733
107.671
292.679
170.206
145.801
88.278
735.572
681.324
764.956
700.951
626.065
744.473
702.181
666.048
757.302
580.628
553.13
727.472
631.922
648.003
620.02
612.742
749.371
746.127
714.608
746.131
732.165
773.652
699.971
658.83
760.608
748.001
661.913
755.191
706.68
750.656
186.118
250.282
196.512
123.822
205.879
136.62
199.063
99.4032
193.039
273.914
211.559
201.358
217.442
204.022
125.929
31.0161
310.311
116.825
203.666
203.049
144.917
173.666
226.106
226.241
732.025
750.267
821.076
772.814
641.387
796.825
781.601
684.726
787.21
592.295
588.647
779.006
725.747
665.98
637.941
698.462
784.918
770.104
767.972
806.877
802.524
803.715
784.272
736.006
796.016
754.915
736.805
768.692
730.819
787.236
402.573
241.183
304.243
309.028
63.1269
295.381
93.771
274.401
213.759
339.029
378.451
291.234
297.982
217.83
155.724
321.84
282.73
253.314
321.741
119.202
240.865
275.485
348.61
580.045
629.784
690.372
652.345
503.191
665.62
664.364
544.891
646.421
456.68
465.155
648.39
619.81
527.138
501.224
590.404
646.716
627.608
638.847
679.071
679.574
662.2
669.341
620.639
657.195
606.031
620.22
621.849
590.526
649.373
214.933
145.331
126.004
339.768
140.089
339.458
165.436
347.52
79.0569
95.8019
170.423
142
190.118
268.673
275.786
133.69
207.241
100.18
298.332
192.398
205.477
82.0366
826.143
791.169
872.848
811.85
719.903
851.085
814.946
761.838
858.05
672.086
650.884
833.6
746.967
743.172
714.479
725.497
851.552
845.017
821.005
854.932
843.168
874.703
813.868
770.34
862.931
841.96
772.911
851.219
804.898
853.141
212.191
90.471
183.657
75.505
225.078
49.6488
133.004
136.066
247.988
54.4059
74.7262
74.0608
186.904
114.061
168.36
12.2066
114.856
122.09
29.6816
35.171
137.033
615.91
597.787
675.932
619.536
512.39
652.985
625.224
555.195
654.248
463.629
447.234
635.186
562.185
536.296
507.437
537.515
649.049
639.848
623.046
659.309
650.52
671.007
625.883
579.59
660.444
633.47
581.395
643.96
599.587
650.896
165.68
247.316
168.6
222.767
179.611
330.915
142.72
77.801
200.661
173.807
145.499
150.791
316.078
44.0454
212.424
147.231
230.263
182.527
226.433
158.66
812.158
807.728
884.143
829.729
713.757
860.717
836.086
757.117
858.147
664.407
653.003
842.844
774.026
738.145
709.406
748.971
854.031
842.591
831
868.167
860.5
874.886
837.111
790.347
865.368
832.351
791.95
844.381
802.502
856.061
246.757
15.2315
268.561
41.1096
221.903
47.1699
176.173
45.3542
16.0312
94.0213
210.038
159.665
124.812
81.7435
26.9258
193.259
73.0616
80.0625
46.5725
700.607
671.269
751.729
692.416
595
729.485
696.559
637.219
734.418
546.894
527.038
711.857
630.404
618.469
589.702
607.557
728.358
720.923
699.412
734.283
723.666
751.122
696.187
651.427
739.755
716.869
653.701
726.483
680.724
730.039
233.403
69.527
213.3
184.228
275.949
319.406
231.366
236.224
154.858
105.683
274.591
222.497
195.543
258.817
63.1506
180.247
218.634
285.685
602.439
635.466
701.4
658.138
517.279
676.805
668.674
560.115
662.605
469.035
471.186
659.2
618.658
541.72
514.488
590.014
661.497
644.665
648.854
688.591
686.698
678.837
672.593
623.829
672.348
626.663
623.982
641.346
606.216
663.982
257.56
25.9615
207.473
61.0328
185.238
34.4819
5.38516
82.4621
201.246
151.238
126.246
67.1863
40.0125
178.933
57.9828
67.72
61.6847
687.327
660.238
740.29
681.51
582.138
717.9
685.946
624.493
722.104
533.877
514.709
700.231
620.327
605.706
576.91
597.127
716.216
708.419
687.841
722.997
712.725
738.824
685.767
640.694
727.616
703.876
642.882
713.679
668.195
717.931
242.621
250.89
287.628
299.803
264.371
261.48
175.114
72.6705
328.113
209.745
235.79
274.117
119.641
213.244
259.856
300.123
666.652
704.356
769.358
727.025
584.277
744.71
737.759
626.844
729.154
536.421
539.883
727.176
688.145
608.612
581.708
659.462
728.464
710.918
716.995
756.86
755.399
745.258
741.796
693.017
739.217
691.618
693.109
706.748
672.86
731.001
182.135
86.4696
204.707
24.5153
25.9422
69.3542
191.316
136.488
135.882
42.0476
65.2763
156.541
33.9411
47.7074
87.6413
663.34
639.553
718.953
661.007
558.764
696.352
665.892
601.3
699.477
510.299
492.139
678.63
601.143
582.465
553.636
577.409
693.842
685.522
666.325
701.896
692.154
716.216
666.011
620.478
705.244
680.283
622.531
690.351
645.273
695.607
268.477
377.327
179.694
205.879
185.658
251.191
132.136
289.353
140.289
247.342
134.848
158.912
145.784
267.918
484.62
479.688
554.099
502.021
383.419
530.427
509.77
426.653
527.311
334.201
322.273
512.54
452.135
407.682
378.875
425.215
523.116
511.974
500.879
538.647
532.333
544.059
511.856
464.011
534.453
503.271
465.13
514.573
471.816
525.148
136.029
92.228
63.0714
121.38
222.281
203.106
109.165
128.191
21.2132
227.982
114.843
127.142
16.1245
747.771
716.919
797.783
737.922
642.067
775.681
741.723
684.229
781.195
594.012
573.847
758.093
674.924
665.496
636.743
652.534
775.016
767.816
745.6
780.188
769.203
797.887
741.116
696.748
786.41
763.975
699.121
773.522
727.633
776.672
219.713
189.404
195.369
227.379
335.815
97.8621
244.518
150.659
294.211
219.529
251.859
148.499
861.94
844.233
923.339
865.71
759.864
900.58
870.566
802.828
902.2
710.894
695.221
882.817
805.433
783.899
755.038
781.977
897.036
887.672
870.591
906.427
896.849
918.96
870.6
825.175
908.432
880.415
827.238
891.334
847.416
898.882
30.4631
93.0215
215.084
117.004
157.433
43.0465
72.2772
172.285
51.6236
35.0571
89.0056
655.751
626.173
706.476
647.383
549.851
684.191
651.694
592.001
689.081
501.845
481.707
666.553
585.918
573.269
544.518
562.809
683.005
675.625
654.121
689.081
678.616
705.783
651.448
606.488
694.402
671.789
608.713
681.297
635.434
684.685
86.3771
205.828
146.731
131.548
65.7647
42.4264
181.025
59.203
64.5368
62.3699
684.796
656.601
736.817
677.827
579.351
714.488
682.156
621.631
719.028
531.18
511.635
696.836
616.354
602.864
574.084
593.271
713.055
705.44
684.422
719.462
709.056
735.74
681.91
636.946
724.454
701.168
639.165
710.862
665.228
714.755
122.066
187.555
103.74
79.1581
103.966
108.227
48.1041
100.568
130.832
668.738
662.53
738.662
684.602
568.94
715.22
691.25
612.229
712.967
519.655
507.54
697.346
630.147
593.255
564.469
604.623
708.698
697.603
685.511
722.742
715.296
729.716
692.511
645.477
720.045
688.227
646.981
699.887
657.46
710.707
298.94
137.441
195.474
211.152
118.849
167.505
218.929
235.968
703.018
724.603
794.383
747.2
613.571
770.039
756.382
656.832
759.38
564.618
562.211
752.255
701.744
638.15
610.266
674.125
757.357
742.074
741.367
780.487
776.681
775.831
759.331
710.904
768.404
726.229
711.562
740.223
702.957
759.714
272.259
108.559
185.715
212.085
140.132
90.1388
194.997
560.108
515.408
597.369
536.064
451.09
575.865
539.282
491.688
585.089
405.1
379.189
558.488
471.926
473.423
445.19
449.911
577.894
573.045
545.809
579.297
567.382
601.614
538.399
494.581
589.227
573.252
497.13
581.055
533.256
579.351
168.404
109.385
196.736
138.679
182.483
125.256
772.241
764.735
841.62
786.67
672.679
818.307
792.83
715.962
816.63
623.395
610.941
800.446
730.417
696.989
668.198
705.51
812.267
801.321
788.526
825.476
817.507
833.382
793.737
747.118
823.622
791.905
748.781
803.617
761.168
814.256
107.075
134.183
31.6228
24.0832
128.082
621.434
600.083
678.841
621.703
517.159
656.062
627.034
559.795
658.328
468.59
451.093
638.299
563.256
540.934
512.091
538.967
652.881
644.189
626.074
662.005
652.767
675.077
627.46
581.485
664.281
638.546
583.401
648.753
603.931
654.682
209.022
93.9202
106.888
26.8701
727.195
698.101
778.627
719.22
621.772
756.397
723.285
664.034
761.318
573.606
553.933
738.773
656.954
645.273
616.497
634.232
755.275
747.792
726.324
761.16
750.477
778.024
722.853
678.189
766.672
743.594
680.485
753.276
707.587
756.958
122.674
156.668
235.601
589.336
605.826
676.173
628.411
496.856
651.912
637.537
540.249
642.648
447.672
443.788
634.095
583.152
521.453
493.301
555.41
640.177
625.729
623.083
662.046
657.962
659.193
640.488
592.056
651.3
611.498
592.717
624.888
586.299
642.473
52.4976
118.596
643.133
627.2
705.099
648.988
540.379
682.075
654.77
583.31
682.739
491.468
475.925
664.26
591.849
564.385
535.523
567.134
677.709
668.147
652.163
688.571
679.945
699.501
655.477
609.118
689.099
661.139
610.895
671.887
627.893
679.586
124.004
620.716
592.756
672.625
614.103
514.942
650.202
618.754
557.159
654.492
466.872
447.098
632.527
553.672
538.407
509.64
530.118
648.541
640.912
620.146
655.385
645.291
671.206
618.742
573.415
659.94
636.834
575.539
646.421
600.704
650.247
744.342
709.975
791.334
730.803
637.911
769.447
734.235
679.812
776.05
590.161
568.859
751.926
666.857
661.154
632.47
644.897
769.604
762.984
739.365
773.541
762.109
792.709
733.396
689.442
780.987
759.996
691.921
769.2
722.862
771.207
171.231
159.138
179.805
110.82
141.004
198.917
78.2943
90.2441
155.013
186.561
133.843
230.783
92.358
117.478
216.64
100.603
70.7107
135.915
163.003
182.989
99.7246
210.851
191.063
105.323
30.8707
185.648
50.1597
66.6408
103.697
85
22.6716
144.544
69.1231
36.7696
121.037
110.887
179.602
164.757
56.7979
69.1158
128.725
142.678
72.5603
96.4002
116.276
45.4863
65.192
52.7731
120.95
45.8912
26.9258
103.774
152.122
21.8403
141.209
104.752
95.4411
69.6348
188.223
24.7588
78.721
149.616
70.0071
233.692
232.573
42.2019
148.432
165.424
189.505
157.258
58.5491
88.459
53.2353
20.6155
44.9444
67.1863
88.3233
110.454
55.0818
130.138
106.17
112.004
109.124
55.4437
164.344
59.3633
19.2354
137.463
109.481
201.189
187.385
52.4976
78.848
146.997
162.963
89.202
94.4934
118.701
45.1774
49.0306
31.3209
116.726
31.0483
42.2966
99.7046
157.699
39.0512
144.534
114.756
92.8493
163.527
181.199
43.4626
145.825
49.3964
75.9605
146.986
174.734
24.5967
7.2111
149.833
144.222
129.077
139.032
179.201
185.321
162.339
190.245
149.091
155.081
122.262
145.671
131.594
89.4427
146.731
73.5527
125.363
56.3028
208.943
208.54
17.8885
136.693
140.869
164.757
141.411
42.2019
71.5681
30.0832
22.0907
45.618
59.4054
84.8999
95.8801
43.4166
113.635
90.956
96.8814
86.3771
39.5601
155.929
126.491
216.123
199.251
69.6419
73.0274
164.76
179.424
89.56
111.503
136.85
63.6946
58.6686
34.4819
132.458
12.083
45.793
115.745
176.411
44.8219
162.788
133.989
109.622
102.577
92.8493
113.071
110.145
166.688
18.9737
47.8017
147.177
101.828
85.6154
104.389
143.178
153.379
119
166.433
132.834
112.414
82.4924
128.269
89.4539
46.1411
104.484
194.99
207.396
57.0088
179.613
121.235
149.402
176.649
15
20.5913
65.7951
77.8845
101.769
16.7631
138.398
136.825
15.1327
60.407
131.244
42
56.4358
17
47.4342
191.732
194.33
73.9256
45.6508
165.873
192.769
178.463
182.455
222.794
225.601
211.57
223.618
177.91
203.789
170
175.693
180.447
138.708
195.167
190.665
163.273
95.5249
69.1231
133.462
201.817
194.178
179.388
218.277
215.523
224.116
204.619
156.237
213.214
195.433
155.416
202.062
154.175
203.666
125.782
124.852
147.922
127.613
42.0119
67.7791
13
33.1059
49.163
64.8151
81.6333
83.672
47.634
108.669
78.3901
93.7763
74.3303
40.3609
167.371
170.294
29.9666
165.324
183.306
114.586
127.816
106.677
190.058
68.593
42.8019
172.887
215.87
48.4149
207.193
164.839
164.469
28.8617
145.248
119.854
104.547
117.835
157.544
165.605
137.743
174.597
137.058
130.633
100.045
133
108.046
64.846
122.413
144.838
147.146
133.195
139.463
179.769
184.878
166.018
188.162
145.986
158.146
128.062
142.773
136.781
93.2309
149.566
163.371
176.955
115.135
137.058
119.942
189.082
88.6397
47.0106
172.325
205.236
51.0882
199.01
152.742
163.083
30.0167
51.0882
64.1327
87.3155
25.9615
123.422
122.589
11.4018
72.0278
117.047
54.7449
56.5685
3.16228
73.5731
93.6483
115.694
34.7131
148.923
140.73
35.1141
42.107
135.074
26
40.2616
33.0606
40.3609
49.8197
75.4718
75.7694
72.0694
58.3095
112.721
66.6483
99.363
73.0068
50
26.1725
79.177
68.8186
90.1388
64.2573
135.724
86.0058
118.87
106.738
61.3922
104.623
43.4166
73.3485
89.0056
157.29
70.342
141.481
122.409
84.8646
144.045
147.492
17.2047
68.9493
142.021
49.6488
72.8972
26
48.7955
127.44
188.481
49.2037
174.866
145.715
121.495
130.361
174.402
5.65685
164.939
124.531
121.795
75.5381
124.908
57.0351
66.7083
10
168.808
19.3132
52.8015
75.0067
159.289
119.08
116.284
50.9608
57.5587
59.4138
