90
138.224
119.151
98.0816
67.7422
81.4371
120.507
49.2443
90.6091
67.4759
23.0868
50.2494
191.324
18.6011
146.168
196.128
179.825
136.4
163.083
98.8989
78.2624
62.3699
53.6004
160.702
78.4092
93.0054
105.683
79.7057
118.072
37.4433
236.089
247.121
247.427
197.525
233.703
161.245
243.742
157.318
183.774
255.783
230.098
244.24
265.211
275.523
248.622
153.388
123.491
254.772
217.113
254.751
229.837
119.854
207.06
239.871
182.486
235.321
210.419
193.003
250.138
179.805
139.589
168.962
140.698
138.924
168.962
135.945
119.419
167.601
173.488
168.68
146.328
131.027
172.699
133.843
144.534
160.655
146.11
117.017
156.541
105.109
168.585
103.755
128.141
161.447
145.152
136.18
159.477
130.269
103.078
133.664
249.69
68.542
160.003
106.066
121.803
180.569
145.134
203.354
123.665
130.311
137.306
154.829
75.452
199.529
108.079
3.60555
84.5813
105.948
60.0083
84.8528
187.224
172.63
69.3542
130.507
212.002
161.471
84.5991
171.511
177.674
212.624
210.09
130.361
165.653
175.482
190.767
76.0592
130.173
216.095
187.128
214.786
211.473
190.507
164.757
157.156
92.1954
208.002
113.225
194.7
135.473
130.817
104.019
158.493
124.085
197.773
188.452
137.884
178.508
168.962
201.437
179.805
160.879
161.623
179.805
132.88
147.733
204.167
203.096
200.482
173.28
200.145
215.177
132.575
205.572
178.617
190.184
135.989
212.624
167.601
202.556
174.347
148.061
182.781
187.459
140.901
181.695
187.84
136.297
174.642
217.23
98.7927
197.101
178.362
106.892
131.503
53.8516
127.012
122.197
251.766
110.023
231.573
212.897
254.201
247.196
246.132
214.22
191.212
165.17
99.8499
185.828
197.01
146.605
62.7694
170.417
199.324
104.752
350.281
354.559
355.709
314.771
349.748
261.237
356.389
276.463
299.813
364.244
341.063
350.271
377.033
393.029
366.456
258.815
241.174
365.297
336.251
368.49
348.761
229.595
326.186
357.593
299.282
344.472
316.893
308.754
366.24
286.128
128.445
190.906
170.238
167.431
190.906
186.724
157.003
166.628
176.366
171.814
166.412
117.631
163.193
184.621
130.924
180.624
149.883
164.201
141.06
122.577
169.664
113.569
166.292
178.017
151.327
181.041
176.301
130.863
150.446
148.946
146.741
38.4187
146.185
128.082
147.899
165.048
94.6414
116.297
188.47
109.554
126.02
231.866
163.6
69.2892
140.228
37.855
48.0104
76.4853
135.724
199.161
23.3238
138.6
195.758
95.483
117.546
122.025
148.6
171.479
170.294
104.709
142.524
112.872
158.902
59.3043
94.8103
177.8
149.241
171.234
180.923
180.712
153.444
96.1041
35.805
173.254
119.038
167.41
132.382
65
109.005
145.031
91.526
157.493
139.943
104.202
158.42
114.237
207.425
207.461
182.428
182.099
207.461
161.385
163.686
222.194
224.201
220.411
193.08
202.514
231.225
160.181
212.25
203.002
203.666
154.457
222.146
170
221.651
173.623
168.048
206.022
201.527
166.976
204.443
194.756
147.828
188.09
142.636
81.4678
101.597
35.8469
73.3485
55.3173
31.0483
156.646
76.844
132.883
137.713
156.083
157.029
147.34
159.455
107.49
76.7919
101.045
103.942
123.568
48.7955
52.0384
147.139
100.648
90.0944
293.777
309.864
309.698
251.334
288.95
227.783
302.888
203.686
240.133
317.846
290.854
307.717
324.78
327.231
299.923
218.506
178.877
315.496
260.248
312.642
277.016
183.897
250.066
291.632
237.592
297.236
274.133
249.562
305.005
244.076
72.0139
111.306
84.6463
82.2253
111.306
92.358
65.9242
102.591
109.659
104.69
86.4696
63.2851
106.32
90.1388
76.922
101.71
81.0494
69.6419
89.0505
40.1123
104.087
36.6879
75.7694
101.242
80.6226
88.5889
99.2472
63.6003
54.6443
71
162.585
98.4124
153.003
143.377
87.3212
115.313
215.335
87.0976
155.206
247.923
193.259
106.438
170.751
17.4642
69.1158
87.4643
106.381
213.441
42.19
147.492
186.432
57.3149
140.431
95.0474
154.693
167.263
167.2
117.712
152.882
90.377
162.339
86.4002
102.883
175.422
149.04
165.097
183.883
195.972
169.567
77.666
45.0111
173.738
145.527
173.326
154.081
42.4382
136.125
160.655
102.181
154.842
131.59
111.973
169.366
101.912
210.354
221.964
194.987
194.124
221.964
178.676
174.542
231.037
234.61
230.341
204.167
203.666
238.657
177.116
215.337
216.005
210.874
167.287
226.374
173.113
231.087
174.725
180.677
218.296
209.153
182.727
216.529
198.842
157.648
196.087
167.61
46.8615
153.379
97.7394
73.0548
75.452
137.317
63.0317
85.8836
76.3217
118.207
73.0068
175.046
98.27
75.2861
169.838
53.2635
125.706
32.8024
121.314
192.44
37.6962
155.242
290.083
317.246
315.801
243.249
280.765
252.733
301.788
188.905
237.649
323.025
294.083
317.309
323.557
310.601
284.086
238.516
181.945
317.404
234.691
308.35
256.096
203.924
225.211
277.078
233.026
303.002
286.094
246.658
295.169
259.538
85.0941
61.4003
39.1152
39.8246
61.4003
16.2788
29
82.365
81.6088
78.7718
51.4782
87.2812
93.4719
14.5602
88.3629
58
69.6419
17.1172
93.1719
60.7454
80.7775
70.0071
26.5707
61.7171
66.7608
20.8087
60.4401
72
28.0179
54.9181
132.185
55.4437
72.0139
94.921
239.942
30.8707
195.274
238.019
229.059
179.254
212.219
114.018
122.147
111.018
8
203.199
114.039
137.931
120.739
63.5295
167.296
12.3693
246.132
247.923
249.209
214.283
247.212
154.353
251.287
183.984
197.914
257.752
235.342
243.483
271.448
292.072
266.368
152.279
143.349
259.307
243.674
263.911
252.389
124.74
234.105
257.381
198.363
238.195
210.231
206.4
263.61
179.569
171.231
211.085
183.273
181.177
211.085
182.439
162.604
204.071
211.256
206.286
187.011
161.124
207.099
180.269
175.855
202.002
182.584
162.099
188.223
141.693
205.65
137.768
171.945
202.04
182.214
181.665
200.04
164.575
147.363
172.351
109.128
71.1688
40.8044
121.264
104.173
104.043
106.075
122.886
141.792
116.867
168.372
102.396
71.6101
132.85
71.0282
124.844
16.4924
75.7694
169.248
72.7805
120.067
296.446
317.511
316.787
251.591
289.601
242.211
306.777
200.192
242.695
324.6
296.522
316.305
328.799
324.507
297.316
230.638
182.702
320.807
252.927
315.221
271.936
195.42
242.924
289.51
239.201
304.069
283.44
252.071
305.085
254.566
59.6406
79.0063
51.0882
49.0102
79.0063
56.6127
30.8058
78.7147
83.5703
78.924
55.7315
55.9464
85.703
54.4059
64.405
70.2567
57.9828
33.8378
74.3303
22.8473
79.2023
29.2746
40.5216
70.859
56.4358
52.7731
68.884
46.8615
19.105
43.8634
79.8499
84.8999
228.827
56.4358
197.084
208.147
225.144
201.201
213.038
160.431
143.59
121.198
49.4975
175.864
145.88
120.652
70.8802
118.431
165.56
51.4296
296.447
301.47
302.491
261.084
295.919
209.057
302.65
224.009
246
311.014
287.472
297.405
323.385
339.346
312.861
205.73
187.673
311.785
284.002
314.682
295.747
175.915
274.016
303.975
245.54
291.11
263.865
254.922
312.41
233.026
131.004
182.694
157.204
154.651
182.694
165.342
139.205
167.586
176.139
171.172
157.433
120.004
168.012
163.11
135.015
172.699
147.231
142.78
147.085
109.895
169.853
103.16
149.054
171.493
147.648
161.901
169.546
127.769
127.632
140.688
30.4631
168.244
41.1461
124.201
175.251
157.156
121.433
141.014
104.202
64.3273
42.2019
75.8024
139.743
72.3671
71.4493
101.39
98.2344
95.3834
59.9416
239.426
254.566
254.435
198.154
235.372
173.404
248.163
153.375
186.043
262.606
235.78
252.4
269.981
275.136
247.923
163.466
124.776
260.45
211.993
258.265
226.808
128.693
201.814
239.41
183.897
242.002
218.826
195.441
251.603
188.831
124.619
148.125
119.854
118.258
148.125
113.358
98.4784
149.563
154.729
150.053
126.384
117.154
155.653
111.288
129.619
140.246
128.378
95.1315
141.174
88.3233
150.233
88.6002
106.794
141.4
127.122
114
139.463
114.057
81.7435
114.948
147.139
65.2763
112.294
145.88
140.72
127.475
128.144
131.552
76.4853
46.0977
96.8401
110.454
93.0215
43.1856
82.6075
128.445
80.6598
82.5651
264.07
281.858
281.469
221
258.751
203.089
273.542
172.754
210.305
289.5
262.069
280.104
295.503
296.493
269.18
192.44
149.215
286.625
229.201
282.936
246.028
157.385
219.018
260.946
207.523
268.888
246.781
219.738
274.707
217.221
95.1315
118.714
90.4489
88.6848
118.714
87.5557
69.1809
119.101
124.31
119.616
96.3172
88.3912
125.3
85.3756
100.125
110.476
97.9439
67.3647
111.4
58.2495
119.775
59.4138
78.0064
111.4
96.6644
86.8332
109.444
84.0536
53.0094
84.5044
209.153
63.2456
84.1724
31.1127
134.164
53
223.759
146.219
135.636
242.924
79.8123
173.738
108.227
191.943
255.766
76.4199
227.669
314.803
349.585
347.19
267.599
302.209
301.179
328.014
213.321
267.152
353.327
324.299
351.386
348.54
322.531
298.402
284.565
221.461
345.306
243.658
331.507
267.686
252.579
235.841
293.061
261.228
334.767
323.557
275.073
314.239
301.1
140.528
81.0494
86.3539
89.0674
81.0494
65.0538
95.0158
117.085
109.895
110.644
95.462
147.177
128.725
67.1789
141.693
87.8009
118.106
87.7268
140.428
129.958
113.772
139.313
86.2148
92.6499
115.317
71.0634
93.145
130.648
102.176
110.059
164.757
210.238
198.245
153.183
181.665
104.293
95.1893
80.9197
35
175.046
91.9239
108.462
106.775
72.2011
136.473
18.868
240.973
248.566
249.243
204.749
239.885
159.154
247.718
168.074
189.908
257.707
233.137
245.082
268.784
283.007
256.462
153.395
131.24
257.661
228.14
259.384
239.41
121.643
218.229
247.588
189.275
237.491
211.287
198.917
256.377
180.422
148.556
183.134
155.029
153.082
183.134
152.411
134.004
178.997
185.526
180.624
159.706
139.205
183.142
150.266
153.388
174.413
157.41
132.639
165.641
116.181
180.269
113.53
143.087
174.828
156.732
152.069
172.838
140.428
118.207
145.986
126.827
38.0526
72.111
17
162.197
86.8332
84.5991
199.73
104.547
113.071
87.5957
179.672
200.34
32.249
183.611
253.024
286.723
284.431
205.643
241.102
238.891
265.994
150.95
204.377
290.723
261.63
288.361
286.845
264.473
239.341
221.939
158.382
283.048
186.035
270.143
209.323
190.672
177.485
233.42
198.595
271.936
260.325
212.474
253.823
237.952
148.014
110.494
97.8621
99.4636
110.494
67.4685
92.0217
140.246
136.956
135.359
110.422
150.27
152.086
68.0661
151.119
111.665
131.107
80.0999
155.048
122.184
137.928
131.027
88.278
116.379
128.133
76.4853
115.741
135.015
87.8635
117.273
111
195.972
125.706
260.801
184.068
160.462
238.254
35.5106
211.589
103.942
150.27
273.19
117.154
226
373.615
402.449
400.852
326.377
363.325
338.245
385.751
271.494
322.002
407.913
378.857
402.747
407.314
390.017
364.243
324.299
267.552
401.807
312.167
391.561
334.928
289.581
303.289
357.799
317.057
388.075
371.809
330.829
377.08
345.416
84.9058
27.1662
55.4437
57.2189
27.1662
70.4911
76.7919
48.1664
38.2099
42.0119
51.2445
95.3834
56.2228
71.6938
83.2346
36.0555
63.0714
81.3204
75.743
98.4784
44.6878
105.019
68.6586
36.6742
61.8466
65.307
38.6394
82.4621
93.5575
67.4685
105.109
23.7697
200.09
124.788
119.971
232.938
99.0051
151.119
107.615
197.59
237.756
61.7738
217.083
284.944
320.702
318.159
237.918
272.018
276.422
298.297
184.092
238.248
324.099
295.178
322.8
318.597
291.578
267.619
259.239
195.164
315.753
212.709
301.405
236.812
228.429
205
262.406
232.155
305.851
295.779
245.937
283.778
274.418
154.26
102.396
99.8248
102.181
102.396
72.111
102.157
137
131.244
131.034
111.018
159.101
149.003
73.736
156.311
107
133.66
92.1303
157.277
136.4
134.015
145.794
95.1893
112
130.698
80.3617
112.018
142.72
104.307
122.723
81.5414
106.902
58.1378
82.201
185.828
169.027
68.884
127.094
209.002
161.419
80.9938
170.038
180.945
215.615
213.122
133.6
169.027
177.282
193.992
79.1581
133.154
219.18
190.184
217.697
214.756
194.077
168.297
159.05
94.0479
211.178
116.829
198.033
139.054
132.197
107.615
162.003
127.122
200.771
191.126
140.943
181.951
171.292
197.96
176.207
157.28
158.028
176.207
129.275
144.18
200.572
199.492
196.881
169.685
196.726
211.589
128.969
202.082
175.011
186.625
132.424
209.093
164.222
198.957
171.02
144.475
179.176
183.897
137.295
178.09
184.361
132.816
171.094
177
102.961
101.597
216.622
107.708
128.561
100.648
192.627
216.899
47.5079
200.524
261.859
297.155
294.659
214.709
249.209
252.958
275.118
160.639
214.693
300.674
271.708
299.174
295.576
270.083
245.668
235.669
171.47
292.481
191.254
278.514
215.102
205.156
183.221
240.204
208.655
282.312
272.029
222.463
261.276
250.667
156.541
112.641
104.077
106.019
112.641
74.0068
101.435
144.838
140.464
139.445
116.276
159.812
156.847
75.06
159.255
115.317
138.014
90.0278
162.028
133.522
142.215
142.636
96.3328
120.221
135.015
83
119.854
144.007
99.6243
125.196
78.5875
100.722
122.016
226.773
50.448
161.978
203.789
66.242
150.373
111.45
137.233
150.446
150.243
100.841
135.595
78.1601
144.903
73.8241
85.6154
158.405
131.765
148.553
166.481
179.047
152.84
63.5059
30.0832
156.461
131.472
155.862
138.521
29.1204
122.413
143.892
85.1587
137.801
115.278
94.6414
152.086
86.2148
226.345
235.255
208.751
208.031
235.255
190.924
188.68
245.864
249.064
244.904
218.36
219.939
253.823
189.476
231.311
229.715
226.02
180.854
242.165
188.958
245.772
190.924
194.363
232.215
224.201
195.494
230.495
214.59
171.965
211.009
31.3847
128.406
151.162
28.1603
91.6788
158.978
114.49
71.8053
112.414
194.918
219.44
218.186
149.402
187.409
156.732
205.828
97.949
141.485
225.61
196.901
219.244
227.798
222.302
195.059
141.397
83.8153
220.69
152.882
213.572
170.47
107.703
142.72
187.171
137.535
205.38
187.832
150.748
202.766
161.447
161.988
159.477
134.466
134.183
159.477
113.649
116
174.657
176.389
172.679
145.248
158.028
183.984
112.379
166.688
155
156.63
106.527
176.011
125.032
174
129.692
120.104
158.051
154.383
119.038
156.486
148.946
100.499
140.929
115.884
126.115
53.7587
62.2896
128.658
120.337
59.439
99.6393
224.891
247.227
246.272
180.006
218.011
177.792
235.372
129.248
171.187
253.931
225.568
246.473
257.389
253.576
226.312
164.177
111.732
249.69
184.098
243.647
201.854
129.248
173.954
218.358
167.61
233.499
214.201
180.544
233.549
186.387
131.244
134.618
108.046
107.378
134.618
91.4822
88.2326
146.219
148.809
144.807
117.89
126.909
154.935
89.8443
136.015
128.996
127.287
80.1311
145.715
94.0319
145.866
98.4124
93.6483
131.548
125.208
95.2733
129.85
118.406
71.8401
111.803
203.711
121.248
139.488
116.765
70.6824
171.172
16.2788
253.97
255.331
256.673
222.272
255.143
161.447
259.031
191.859
205.879
265.217
243.002
250.799
279.12
300.043
274.357
159.765
151.331
266.908
251.589
271.708
260.377
132.575
242.002
265.37
206.349
245.734
217.635
214.348
271.533
187.032
169.446
211.464
183.883
181.706
211.464
184.358
163.487
203.089
210.535
205.548
187.096
159.126
205.665
182.168
173.98
202.2
181.706
163.573
186.344
141.128
204.793
136.719
172.965
202.04
181.466
183.199
200.04
163.355
148.661
172.026
178.194
68.4471
123.223
237.693
88.2383
191.094
343.268
370.411
369.005
296.346
333.754
303.817
355.028
241.835
290.909
376.258
347.333
370.375
376.778
362.64
336.36
290.264
234.957
370.667
285.855
361.487
307.847
255.362
276.603
329.535
286.262
356.204
338.941
299.908
348
311.97
63.0079
8.544
20.025
22.0227
8.544
39.8246
41.3038
38.0132
32.7567
32.0624
19.4165
71.5052
50
40.3609
63.2851
8.06226
39.6611
46.2385
60.7454
66.1287
35.0143
73.8241
33.2415
13.0384
37.2022
32.5576
13.3417
55.9017
58.0517
36.8917
116.043
173
93.1504
99.925
106.405
171.82
193.507
192.52
128.016
165.846
128.577
181.951
81.0247
118.004
200.172
171.84
192.876
203.973
203.708
176.411
113.296
57.9828
196.023
139.807
190.646
154.496
79.555
129.653
168.077
114.826
179.744
160.897
127.413
181.728
133.843
184.285
186.59
160.897
160.424
186.59
141.326
141.651
199.905
202.252
198.346
171.207
179.254
208.694
139.979
189.13
181.665
181.041
132.88
199.151
146.82
199.482
150.336
146.479
184.491
178.966
146.373
182.858
171.703
125.495
165.56
92.1141
169.248
56.2939
125.603
286.566
309.511
308.561
241.019
279.007
237.592
297.321
188.608
233.026
316.21
287.8
308.702
319.32
312.642
285.568
225.038
174
311.854
239.842
305.241
259.471
189.855
229.93
277.95
229.192
295.787
276.279
242.33
294.233
248.073
71.5891
76.9025
48.7647
47.4342
76.9025
45.31
27.5136
84.0238
87.1321
82.9277
56.7979
69.6419
92.6553
43.0813
76.0263
69.5701
65.0692
24.1868
84.5991
37.3363
83.8153
45
35.3553
71.3092
62.9365
43.7379
69.4622
58.1378
10.4403
49.5177
178.466
148.007
112.414
340.331
352.8
353.074
299.541
336.69
265.663
348.604
253.842
287.2
361.411
335.452
349.906
370.257
376.431
349.185
258.822
226.02
360.147
311.296
359.123
327.332
225.535
301.1
340.718
285.212
340.918
316.078
296.569
352.953
285.414
66.4078
128.16
108.301
105.475
128.16
127.413
97.0052
104.676
114.232
109.563
103.812
55.3624
102.391
125.431
69.3758
117.886
87.2067
105.688
80.4114
62.0081
107.564
52.6308
105.759
115.248
88.5889
120.88
113.534
68.0955
93.4773
86.4002
179.354
67.624
186.078
184.808
186.271
159.138
189.024
90.824
190.066
139.979
141.428
194.813
173.442
180.155
209.571
235.053
210.609
89.56
95.7549
196.987
196.42
203.226
200.878
66.1211
187.747
201.636
143.136
175.57
147.122
149.121
205.119
116.692
219.135
246.132
217.911
216.391
246.132
208.614
196.54
247.081
252.668
247.923
224.617
210.297
252.385
206.7
224.056
238.43
225.657
192.354
236.136
184.773
247.952
183.412
204.561
239.633
224.611
210.49
237.697
209.974
179.644
212.822
155.309
256.462
286.094
284.318
209.23
246.272
228.484
268.643
154.383
205.061
291.218
262.103
286.775
290.172
274.405
248.169
212.85
152.542
284.823
197.77
274.418
219.618
179.477
188.438
241.423
200
271.582
256.704
213.806
260.219
231.769
121.342
95.6713
76.4788
77.3886
95.6713
48.4149
65.5134
119.854
118.512
115.974
89
122.201
131.095
48.0104
124.952
94.0479
107.205
53.3667
130.507
92.2659
118.119
100.717
64.2573
98.1835
104.355
56.3028
97.0979
107.912
58.0345
92.1792
245.943
250.05
251.098
212.25
246.148
157.842
251.746
179.234
196.461
259.625
236.315
245.978
272.303
290.367
264.282
154.305
140.014
260.548
239.207
264.008
249.008
124.92
229.478
255.327
196.471
239.771
212.438
205.183
262.612
181.604
160.44
199.023
171.143
169.074
199.023
170.074
150.403
192.676
199.7
194.743
175.071
150.526
196.003
167.905
165.13
190.011
171.143
149.777
177.485
130.115
194.178
126.495
159.706
190.129
170.696
169.331
188.13
153.375
135.074
160.611
46.5725
41.9762
47.4342
17.4642
107.49
14.1421
102.416
53.8238
44.0114
24.8395
53.4883
33.8378
55.9017
43.8292
99.1262
114.909
32.3883
86
18.868
64.9384
121.396
88.5664
39.3954
57.3847
35.3553
56.3028
44.4072
23.8537
75.71
356.013
351.206
328.101
328.101
351.206
303.949
310.601
369.329
370.535
367.044
339.438
351.07
378.857
303.117
360.827
348
351.548
300.541
370.601
318.6
368.517
322.126
313.959
351.467
349.292
310.71
350.036
343.284
295.393
335.839
5
85.3288
64.0312
95.5667
34.0147
136.704
82.4621
11.0454
26.3059
8.60233
35.3553
93.5094
89.0505
95.7549
135.724
21.4009
131.548
44.8219
111.4
127.318
133.015
85.703
88.6002
14.8661
37.6962
74.9466
66.242
68.4471
376.247
378.636
353.9
353.577
378.636
332.039
335.073
393.412
395.637
391.796
364.534
370.174
402.124
330.97
381.184
374.424
374.413
325.936
391.737
338.74
392.971
341.119
339.525
377.489
372.392
338.053
375.918
364.161
319.002
359.011
82
59.439
97.6729
29.1548
134.078
80.0562
8.544
23.0868
13.4536
30.8707
88.5268
84.1724
96.933
134.618
16.6433
127.318
39.8246
106.888
127.769
129.004
80.9568
86.0058
12.8062
39.2938
72.2357
61.2944
69.6419
375.666
377.2
352.647
352.363
377.2
330.492
333.966
392.39
394.495
390.693
363.373
369.719
401.204
329.451
380.592
373.109
373.524
324.711
391.061
338.142
391.904
340.654
338.29
376.225
371.474
336.602
374.669
363.497
317.983
358.075
38.0132
99.6393
60.4152
55
18.7883
86.977
59.0339
89.3588
81.2712
78.2624
52.0865
84.3801
74.0405
77.8781
54.2033
65.192
45.4863
93.2148
51.8652
43.1045
16.0312
70.7107
72.8011
15.8114
53.7122
72.3464
311.231
304.217
281.517
281.603
304.217
256.899
264.441
323.138
324.052
320.663
293.019
306.79
332.898
256.113
315.978
301.227
305.791
254.136
325.412
274.022
322.219
278.038
267.47
304.784
303.462
263.797
303.389
298.292
249.57
290.024
116.108
31.0644
91.9348
50
61.2046
41.1825
70.8378
47.4342
46.6905
28.3196
105.323
110.693
49.0102
69.1158
29.5466
47.5184
123.199
72.3671
22.4722
51.4782
52.3927
70.0357
41
16.4924
84.6936
349.242
341.551
319.188
319.32
341.551
294.187
302.301
360.972
361.764
358.424
330.77
344.768
370.799
293.457
353.99
338.764
343.74
291.908
363.42
312.021
360.014
315.991
305.197
342.383
341.397
301.231
341.013
336.305
287.517
327.965
107.378
115.156
81.4678
106.099
89.0898
90.1388
124.101
162.262
142.762
18.9737
83.2947
110.368
151.347
121.696
145
49.0408
146.103
134.618
86.977
88.3629
58.5491
84.6286
130.081
31.7805
298.002
312.34
285.328
284.429
312.34
268.732
264.781
320.702
324.607
320.258
294.354
290.489
327.88
267.226
303.002
306.349
300.193
257.661
314.453
261.335
320.894
262.002
271.035
308.585
298.605
273
306.804
287.141
247.825
285.717
115.122
64.3506
30.1496
18.6815
41.6773
22.0227
61.8466
55.0364
101.4
124.403
18.2483
100.02
14.5602
78.5175
126.827
102.703
51.923
68.7677
25.4951
51.8652
55.1725
32.45
76.0263
366.231
363.034
339.556
339.485
363.034
315.869
321.741
380.447
381.88
378.308
350.751
361.012
389.801
314.986
371.08
359.611
362.373
311.873
381.047
328.746
379.717
332.002
325.346
362.994
360.168
322.479
361.531
353.638
306.315
346.716
54.4059
140.036
111.086
139.176
136.242
124.354
97.1288
96.2549
44.4185
132.098
60.075
120.104
73.4983
83.4386
50.2494
89.3588
48.1041
121.84
114.739
61.8466
106.301
99.985
259.65
249.618
227.466
227.669
249.618
202.252
211.021
269.557
270.083
266.833
239.176
255.947
279.614
201.527
264.282
246.903
252.842
200.385
273.207
222.91
268.496
227.636
213.572
250.571
250.416
209.323
249.227
246.457
196.698
237.034
86.4523
57.3062
84.7703
86.3134
94.1913
69.1809
65.7343
61.2944
79.8123
70.4344
72.6705
64.1405
75.326
66.3702
60.208
7.07107
67.624
62.0725
9.43398
66.4831
55.7584
302.235
298.967
275.269
275.174
298.967
251.909
257.391
316.097
317.555
313.968
286.421
297.249
325.466
250.976
307.059
295.393
298.062
247.552
316.901
264.804
315.37
268.302
261.038
298.734
295.845
258.38
297.257
289.546
241.979
282.392
29.1548
18.9737
25.6125
85.8021
84.119
105.475
142.215
13.4164
130.004
38.0132
108.665
136.191
132.306
81.7863
92.1303
20.6155
47.8017
78.2624
60.7454
78.1857
383.567
384.423
360.04
359.79
384.423
337.615
341.485
399.971
401.976
398.208
370.844
377.7
408.864
336.602
388.486
380.443
381.21
332.133
398.898
346.036
399.45
348.632
345.701
383.604
379.138
343.817
382.063
371.345
325.576
365.728
31.1448
36.1386
79.3221
68.6003
84.1724
113.864
24.6982
106.212
33.2415
87.2812
111.615
107.168
63.6318
63.0714
12.0416
33.2415
49.2443
48.1664
58.0775
355.688
355.473
331.254
331.042
355.473
308.6
312.861
371.426
373.289
369.567
342.148
350.053
380.447
307.605
360.584
351.592
352.847
303.384
370.85
318.152
370.85
320.989
316.937
354.799
350.736
314.865
353.273
343.332
297.069
337.308
43.909
101.912
96.6023
91.7878
135.429
30
137.321
53.1507
117.881
124.403
138.293
92.8493
91.214
19.105
33.8378
77.8781
74.0945
64.6607
374.769
378.652
353.6
353.21
378.652
332.277
334.527
392.689
395.127
391.216
364.067
368.485
401.221
331.157
379.722
374.226
373.466
325.601
390.415
337.308
392.326
339.458
339.201
377.2
371.497
338.115
375.601
362.829
318.308
358.152
61.4003
64.2806
120.221
146.4
14.5602
115.572
18.2483
92.3472
147.472
119.57
64.0703
90.5539
36.1248
66.0681
77.0779
41.0122
93.771
388.252
384.756
361.415
361.365
384.756
337.544
343.68
402.394
403.773
400.222
372.651
383.021
411.779
336.685
393.102
381.42
384.366
333.766
403.068
350.766
401.647
354.006
347.225
384.832
382.154
344.224
383.38
375.661
328.293
368.702
27.313
151.99
152.082
72.6223
78.8733
48.7955
55.1543
169.003
87
35.7351
93.9042
87.3212
112.004
86.0058
32.311
130.602
383.888
370.028
349.607
350.036
370.028
322.816
334.213
392.338
392.2
389.225
361.653
380.296
402.751
322.343
388.486
368.278
376.379
323.187
397.203
347.248
391.063
351.98
336.073
372.228
373.872
330.478
371.012
370.633
320.44
360.573
130.602
125.32
70.8802
55.9017
46.8722
31.305
144.499
62.6817
9
68.0294
79.0759
98.3514
61.8142
23.5372
111.826
356.741
343.839
323.025
323.402
343.839
296.547
307.376
365.624
365.646
362.604
335
353.074
375.949
296.022
361.354
341.879
349.464
296.439
370.151
320.039
364.401
324.721
309.401
345.769
346.978
304.095
344.523
343.513
293.455
333.654
65.0077
107.448
134.469
115.109
129.85
35.2278
128.725
122.09
70.6045
86.0233
58.1378
70.214
120.354
27.313
287.571
298.751
272.154
271.389
298.751
254.348
251.938
308.691
312.17
307.937
281.603
280.528
316.312
252.923
292.565
293.138
288.534
244.297
303.758
250.503
308.715
251.748
257.783
295.576
286.819
258.992
293.838
276.279
235.128
273.748
138.105
101.39
133.776
109.073
41.6773
92.3472
116.499
59.2368
121.828
104.317
70.7107
127.016
79.6994
241.994
243.249
218.215
217.867
243.249
197.061
199.361
257.775
259.915
256.088
228.81
236.631
266.655
195.888
246.868
238.805
239.019
190.234
257.031
204.475
257.288
207.608
203.828
241.812
236.932
202.744
240.227
229.539
183.371
223.517
118.106
24.5967
96.1873
136.059
120.934
68.884
84.8764
22.0227
52.0096
71.0282
47.4342
80.604
380.063
378.747
354.853
354.701
378.747
331.717
336.69
395.324
397.02
393.357
365.876
374.525
404.468
330.776
384.948
375.075
376.92
327.054
395.135
342.533
394.69
345.468
340.577
378.36
374.777
338.151
376.861
367.642
321.03
361.338
97.3242
24.5967
134.183
10.198
52.4976
64.4438
118.229
126.087
69.9714
75.6902
126.016
311.431
293.002
273.807
274.434
293.002
246.1
259.625
316.948
316.183
313.46
286.094
308.846
327.739
245.772
315.835
291.815
302.076
248.195
323.785
275.772
315.457
281.37
260.68
295.941
299.448
254.065
294.824
297.953
246.862
286.356
74.1687
139.216
101.39
46
76.0592
39.1152
66.4078
63.2456
23.3452
90.1998
374.803
369.381
346.494
346.528
369.381
322.076
329.14
387.866
388.973
385.519
357.897
369.9
397.458
321.279
379.61
366.306
370.192
319
389.344
337.405
387.021
340.965
332.388
369.818
367.92
328.933
368.403
362.05
314.014
354.469
136.015
31.8904
28.4429
59.9333
99.0404
111.306
60.4401
51.788
116.726
330.968
315.159
295.169
295.677
315.159
268.03
280.264
338.09
337.7
334.822
307.319
327.867
348.669
267.606
335.477
313.6
322.591
269.058
343.837
294.763
336.725
299.933
281.789
317.616
320.028
275.801
316.436
317.593
266.923
306.811
126.4
135.532
77.2787
115.884
90.6035
83.0241
139.435
60.208
252.507
263.865
237.118
236.315
263.865
219.864
216.813
273.468
276.986
272.738
246.465
245.595
281.087
218.387
257.498
258.118
253.308
209.313
268.634
215.372
273.503
216.749
222.767
260.5
251.591
224.29
258.751
241.133
199.97
238.523
58.1378
59.9083
119.206
124.619
67.2309
80.7775
122.115
301.518
283.82
264.322
264.911
283.82
236.814
249.93
307.402
306.757
303.982
276.568
298.854
318.134
236.449
305.941
282.482
292.359
238.556
313.97
265.771
305.949
271.317
251.114
286.568
289.746
244.706
285.428
288.056
237.034
276.622
59.0339
74.686
91.9674
52.9528
23.3452
103.942
349
337.085
315.94
316.269
337.085
289.746
300.042
358.402
358.575
355.473
327.844
345.198
368.637
289.178
353.638
334.951
342.032
289.201
362.548
312.195
357.23
316.766
302.235
338.788
339.572
297.195
337.516
335.815
285.953
326.221
73.736
69.1158
13.8924
67.7791
62.2656
298.804
294.267
270.867
270.83
294.267
247.111
253.243
311.97
313.249
309.726
282.136
294.029
321.475
246.221
303.6
290.869
294.165
243.245
313.292
261.444
311.178
265.149
256.689
294.279
291.908
253.712
292.828
286.016
238.008
278.455
30
60.0833
57.4891
58.9406
362.994
364.401
339.841
339.559
364.401
317.706
321.168
379.602
381.694
377.895
350.571
357.099
388.434
316.661
367.916
360.303
360.76
311.905
378.356
325.466
379.111
328.032
325.484
363.418
358.705
323.804
361.863
350.796
305.197
345.303
58.0517
80.1561
30.8869
341.621
347.287
321.795
321.31
347.287
301.325
302.405
360.303
363.001
359.006
332.024
335.172
368.62
300.123
346.586
342.546
340.834
293.777
357.398
304.217
360.035
306.178
307.376
345.388
338.923
306.87
343.751
329.815
286.016
325.629
57.4891
56.6392
311.623
307.938
284.384
284.313
307.938
260.824
266.603
325.318
326.711
323.149
295.584
306.663
334.731
259.915
316.443
304.454
307.353
256.704
326.259
274.201
324.569
277.721
270.174
307.826
305.125
267.367
306.361
298.918
251.247
291.671
98.3717
364.716
355.709
333.768
333.966
355.709
308.328
317.191
375.794
376.384
373.122
345.463
360.401
385.751
307.657
369.439
353.159
358.816
306.65
378.737
327.581
374.767
331.69
319.864
356.856
356.438
315.525
355.519
351.712
302.605
343.023
312.258
320.39
294.364
293.752
320.39
275.073
274.578
332.024
335.076
330.97
304.253
305.552
340.037
273.766
317.238
315.246
312.234
266.378
328.221
274.973
331.887
276.632
279.946
317.907
310.408
280.216
316.223
300.666
257.979
297.2
65.7951
54.7083
52.2015
65.7951
82.8734
56.1427
38.2753
47.927
43.382
45.1774
11.1803
37.0135
81.6149
5
56.0803
23.4307
68.2642
17.088
37.5366
41.2311
36.0555
60.208
52.345
25.807
74.1485
50.9902
13.6015
65.146
31.5753
28.2843
30.0666
0
47.3814
49.6488
36.1386
29.0172
29.6142
25.2982
75.0733
47.676
48.1041
65.437
10.2956
42.4264
54.7814
61.2944
72.8011
32.7567
80.0562
41.7612
13.4536
40.3609
40.6079
14.8661
60.2163
66.4906
42.5441
2.82843
28.2843
30.4138
21.3776
43.382
42.638
39.6611
12.6491
60.8276
54.7814
29.8329
56.5155
21.0238
34.0588
28.0179
58.0086
48.3735
41.6773
56.8595
14.4222
23.6008
31.0644
21.3776
22.0227
44.2945
38.3275
23.7065
30.0666
32.1403
19.9249
42.5441
42.45
39.2046
11.6619
58.1378
53.7122
31.4006
54.1295
22.1359
32
27.6586
56.0089
45.6508
41.0488
54.0833
14.1421
24.1868
29
23.0868
22.4722
41.5933
37
21.0238
47.3814
49.6488
36.1386
29.0172
29.6142
25.2982
75.0733
47.676
48.1041
65.437
10.2956
42.4264
54.7814
61.2944
72.8011
32.7567
80.0562
41.7612
13.4536
40.3609
40.6079
14.8661
60.2163
66.4906
42.5441
30.5287
73.0548
70.6612
68.542
42.9535
87.0919
84.7703
2.23607
85.3756
45.793
64.0703
22.8035
88.0909
65.4599
70.9366
74.8866
23.0868
50.1199
61.0737
9.05539
49.1935
70.8308
37.7359
51.3517
58.7282
60.6053
56.7274
29.6816
58.4209
68.6003
28.6531
59.5399
42.0595
42.4853
12.1655
65.146
35
58
44.4072
9.84886
43.8634
39.8246
24.0416
42.0476
43
17.088
26.9258
10
6.7082
30.8869
49.3356
12.0416
72.8011
35.7771
30
21.587
69.2026
27.5862
62.8172
3.60555
66.3702
56.3028
25
22.4722
64.2573
25.0799
40
74.411
34.9857
5
31.1448
58.8727
19.3132
70.7107
45.6508
25.2982
29.0172
70.0071
37.5366
69.5845
6.7082
74.0068
56.5862
20.6155
29.0689
62.2656
21.4709
48.3735
77.1038
39.8497
27.6586
54.231
18.1108
68.4471
41.3401
24.1868
24.0208
66.5282
33.9706
64.6297
3.16228
69.0072
53.2635
19.2354
24.0832
59.9333
19.6469
43.4166
73.0068
35.1141
52.8015
42.1545
42.45
46.2385
15.2971
22.8035
38.8973
46.2709
47.5395
29.4109
54.7814
25.6125
15.1327
19.9249
33.9559
13.1529
36.7967
46.5296
17.4929
48.0937
85.6154
15.0333
65.0692
32.8024
70.1783
27.2947
33.1059
52.2015
29.0689
64.0312
61.7171
34.7131
78.7464
60.208
16.5529
64.6297
37.1214
84.4334
33.2415
42.0119
27.8029
79.6116
22.1359
67.624
15.0333
69.6419
67.1193
37.0135
29.7321
75.8947
37.1214
42.72
83.4865
43.1393
84.214
46.0435
63.1981
20.6155
87.2067
63.5138
70.7743
72.9452
21.587
50.2494
60.208
8.544
49.2443
69.4262
35.5106
50.1597
56.0357
23.7065
71.7008
12.3693
42.45
38.9487
41.0488
63.0079
52.0096
26.4008
76.531
50.8035
17.8885
69.2892
34.0588
32.6497
48.8774
52.9245
62.8172
27.074
69.8928
35.3553
5
30.4138
37.8021
5.38516
50
59.1354
32.311
54.231
24.0208
41.2311
23.0868
45.0444
43.1741
29
3
55.0364
27.5862
19.6469
56.2228
15.8114
77.201
44.2832
68.1175
53.6656
13.6015
51.614
51.4782
19.6469
50
55.0364
15.2315
38.8973
53.2635
31.1127
52.8394
66.9104
48.3322
27.0185
79.0569
47.5395
27.5862
76.9415
38.3275
64.1327
9.43398
43.8634
61.8142
40.6079
58.8982
59.8415
25.807
34.3657
31.1448
68.1175
55
22.0907
23.5372
62.2415
22.3607
42.107
74.027
35.3412
53.1507
68.4105
45.0111
68.2495
66.4831
26.9258
43.1741
37.6431
38.0132
40.2616
15.2643
36.4005
47.8539
25.0799
29.0172
27.0185
41.8808
2
47.1699
60.9262
30.8058
52.0384
25.4951
20.6155
53.9073
13.4536
40.8167
62.3618
34.7851
42.5793
45.4863
59.0931
28.8617
51.5461
20.5913
40.4599
