90
47.5395
44.2719
49.366
25.4951
49.93
55.3263
38.4708
39.2046
34.4093
47.8539
18.1108
35.5106
43.4626
66.8506
46.6154
45.31
61.4003
92.0217
52.1536
24.4131
89.3588
39.1152
78.1857
37.2156
89.0898
65.7419
53.0377
42.2966
38.3275
304.593
519.588
247.946
346.621
455.004
248.407
410.495
387.218
571.176
378.942
315.919
358.208
438.754
594.771
507.025
251.372
351.194
525.115
439.645
309.104
373.53
394.833
554.355
527.63
432.56
552.378
355.563
441.2
414.566
417.852
387.448
449.325
366.895
599.762
530.136
561.45
572.095
495.395
636.581
529.991
417.929
499.961
398.117
497.855
548.906
484.232
589.291
497.788
474.052
365.772
523.034
466.807
531.591
438.959
601.881
506.274
549.647
465.242
391.695
569.807
43.8634
6.7082
69.0072
78.924
67.4759
53.8516
10.6301
36.7151
21.0238
53.2541
12.53
29.6142
43.7379
32.2025
6.40312
55.2268
93.2952
64.0312
45.2548
85.8662
80.7094
63.6003
12.0416
91.8096
21.4009
26.2488
8.06226
48.5489
299.147
502.896
227.879
325.85
445.18
233.054
397.152
376.449
546.057
362.311
292.412
332.321
419.529
572.092
475.708
231.05
317.97
516.157
426.075
301.869
357.202
381.084
536.806
501.523
425.469
529.205
325.738
427.005
394.808
395.884
349.674
412.438
325.281
559.823
498.293
520.863
534.431
463.383
599.373
499.49
378.001
471.611
357.677
459.609
519.802
455.804
547.39
468.334
444.37
324.785
479.15
430.805
498.009
400.8
563.341
461.26
505.715
431.706
348.983
539.159
50.2096
48.2701
41
23.8537
76.1052
45.4863
63.561
60.7454
61.1882
41.6773
64.4748
27.2947
13.6015
37.5366
17.2627
52.4976
20.5913
62
47.3814
82.7647
34.0147
44.4185
50.3289
46.8402
24.5153
46.4004
9.84886
264.07
476.055
203.747
302.447
413.174
204.788
367.6
345.001
526.91
335.31
271.649
314.014
394.782
550.546
463.519
207.162
308.449
483.647
396.727
267.905
329.947
351.82
510.687
483.401
391.658
508.128
311.893
398.132
370.52
373.631
346.716
407.942
329.248
560.073
486.74
522.335
530.947
452.071
595.117
486.294
378.593
455.935
359.262
457.161
504.961
440.224
551.34
453.922
430.238
327.526
487.599
424.953
488.697
398.328
561.221
472.725
514.222
422.405
355.141
526.118
72.1734
84.0952
73.6614
50.6063
10.198
33.4215
15.1327
52.7731
14
24.6982
50.2195
38.833
13.0384
61.9112
99.985
70.1783
43.6005
92.5743
80.1311
70.214
12.1655
98.4784
25.0799
32.8938
7.07107
54.4059
305.66
508.717
233.619
331.423
451.453
239.134
403.243
382.697
551.08
368.196
297.755
337.369
425.18
577.366
479.955
236.764
322.025
522.457
432.14
308.315
363.112
387.156
542.551
506.448
431.876
534.443
330.297
433.029
400.425
401.299
352.847
415.752
327.519
562.392
502.451
523.279
537.53
467.531
602.545
503.846
380.655
476.273
360.214
462.611
524.344
460.463
549.433
472.851
448.867
327.2
480.56
434.283
501.888
403.854
566.238
462.212
507.099
435.625
350.865
543.479
31.257
47.1699
60.8769
62.3939
59.6825
72.8011
38.2884
58.2151
68.942
75.213
56.8243
65.2763
62.482
83.678
45.1885
48.2701
83.9345
44.0454
80.2808
60.407
80.2808
83.9524
66.3099
65.2763
38.8973
293.027
512.65
244.755
342.812
444.703
242.594
402.204
377.719
568.971
372.592
313.957
357.364
433.531
591.03
509.03
248.278
355.203
514.14
431.335
298.377
367.049
386.84
547.782
526.161
421.001
549.043
357.241
433.212
409.762
414.307
394.657
455.593
377.489
608.217
532.438
570.561
578.661
497.918
642.659
531.372
426.813
500.009
407.521
505.072
549.301
484.385
599.608
498.567
475.063
375.794
535.564
472.331
535.123
446.279
609.118
520.212
562.19
468.943
403.268
571.183
24.6982
88.3233
76.1577
82.8794
89.8721
66.6408
71.6938
89.2749
66.2873
54.1479
73.3894
47.1699
55.9017
25.0799
74.3303
58.6003
75.2396
63.1348
74.4312
52.3259
86.977
65.192
78.2943
32.249
262.122
483.108
217.849
315.127
414.017
214.086
372.2
347.311
541.909
343.465
287.559
331.605
404.883
563.028
485.087
221.416
333.425
483.265
401.299
267.675
337.867
356.968
518.376
499.626
390.032
521.311
333.431
403.299
381.371
386.628
375.826
435.598
362.498
590.123
508.693
553.249
558.679
474.419
622.097
506.893
409.646
474.573
391.012
485.898
524.047
459.053
583.6
473.679
450.398
360.139
522.389
451.568
512.41
427.376
589.754
508.936
548.967
446.517
389.34
546.642
92.1792
68.0147
82.3468
83.0963
73.437
63.8905
85.44
44
37.1214
61.2209
23.3452
37.2156
3.60555
77.6209
36.7696
89.2693
38.4708
66.7083
34.0588
70.0071
47.5395
69.3109
20.2485
249.339
466.267
197.585
295.677
400.08
195.727
356.366
332.543
521.806
325.96
266.833
310.368
386.626
543.921
462.71
201.109
310.01
470.027
385.519
254.008
320.456
340.852
501.278
479.041
377.339
501.897
310.937
387.242
362.77
367.163
351.592
411.655
337.818
565.796
486.215
528.796
534.76
451.806
598.352
484.827
385.149
453.125
366.437
461.767
502.479
437.529
559.004
451.861
428.434
335.491
497.695
427.85
489.434
403.172
565.685
484.333
524.272
423.402
364.642
524.619
43.4166
17.2047
38.2884
22.6274
43.4626
27.8029
91.2195
72.5603
56.3649
93.0054
127.577
88.7694
14.5602
123.406
39.0128
107.466
42.4853
124.952
75.1665
73.7631
45.793
73.1642
340.019
551.061
277.188
375.769
489.262
279.946
443.326
421.03
597.972
410.26
343.431
384.298
468.876
623.106
529.213
280.492
371.673
559.752
472.424
343.984
404.98
427.468
585.444
553.741
467.714
580.388
378.847
473.714
444.375
446.444
403.391
466.228
377.915
612.942
551.888
573.761
588.103
516.991
653.094
552.856
431.237
524.47
410.761
513.206
572.875
508.674
599.633
521.464
497.539
377.7
529.967
484.645
551.798
454.437
616.844
510.8
556.453
485.479
400.945
592.567
26.4008
15.2643
43.0465
4.47214
21.0238
51.0098
36.0555
13.3417
59.2368
97.0824
64.4438
34.6554
90.4765
70.4911
69.8713
2
95.2575
32.0156
33.0151
3.16228
48.0833
305.555
511.34
236.546
334.755
452.515
241.008
405.02
383.881
555.63
370.653
301.652
341.892
428.292
581.378
485.898
239.76
328.274
523.394
434.001
308.6
365.494
389.001
545.39
511.197
432.325
538.54
335.738
435.029
403.629
405.005
360.257
422.992
335.894
570.453
508.532
531.489
545.023
473.63
609.952
509.613
388.631
481.518
368.307
470.214
529.797
465.715
557.983
478.351
454.403
335.41
489.606
441.318
508.382
411.4
573.956
471.559
516.164
442.064
359.547
549.302
21.9545
26.0768
26.9258
12.3693
75.6637
58.0086
39.5601
79.7621
115.948
78.7909
14
110.82
50.6952
93
25.632
113.6
57.9828
57.8705
28.6531
62.3939
327.391
536.153
261.773
360.203
475.711
265.319
429.057
407.276
581.723
395.38
327.471
368.001
453.538
607.198
512.299
265.036
354.651
546.394
458.109
330.964
390.155
413.121
570.38
537.372
454.757
564.413
362.106
459.279
428.953
430.674
386.186
449.031
360.849
595.8
534.928
556.656
570.898
500.024
635.89
536.009
414.074
507.843
393.62
496.004
556.16
492.042
582.656
504.723
480.78
360.584
513.3
467.467
534.72
437.233
599.651
494.434
539.807
468.412
384.012
575.701
45.8912
19.2094
10.6301
64.6297
51.0784
26.4764
74.3236
112.259
79.511
34.7851
105.475
72.111
84.1724
16.4012
110.476
39.8497
46.8722
14.8661
63.0317
319.883
523.803
248.727
346.554
466.177
254.071
418.172
397.457
566.099
383.256
312.872
352.405
440.306
592.467
494.502
251.877
336.436
537.141
447.091
322.721
378.16
402.101
557.66
521.426
446.365
549.534
345.081
448.01
415.554
416.425
366.38
429.424
339.909
575.142
516.924
535.836
550.935
481.998
616.028
518.475
393.559
491.11
372.979
475.918
539.103
475.299
561.471
487.595
463.6
339.825
491.68
448.126
516.117
417.235
579.401
472.611
518.168
449.898
362.746
558.077
40.8044
38.0132
81.3941
61.327
53.1507
78.4474
110.073
70.2567
12.1655
107.168
27.4591
94.6414
41.3401
107.168
73.8783
65.7343
46.1411
56.0803
322.684
537.122
264.849
363.563
473
265.876
428.273
405.149
587.553
396.415
332.399
374.301
455.97
611.573
521.967
268.246
365.465
543.156
457.419
327.153
391.031
412.574
571.812
543.799
450.64
569.085
370.779
458.926
431.7
434.677
400.125
462.404
377.661
611.531
544.944
572.868
584.911
510.137
649.606
545.162
429.638
515.64
409.552
510.392
564.434
499.885
599.953
513.207
489.401
376.894
532.287
480.234
545.88
451.505
614.323
514.514
558.863
479.51
401.782
584.958
23.5372
49.0918
32.9848
13.0384
55.9732
93.6216
60.3075
33.4215
87.2812
68.2422
67.3647
2.82843
91.7061
33.2415
31.1448
7.07107
43.8634
302.853
509.652
235.053
333.402
450.211
239.075
403
381.635
554.802
368.917
300.563
341.084
426.823
580.293
485.783
238.296
328.353
521.035
432.01
306.036
363.728
387.012
543.789
510.468
429.796
537.499
335.386
433.094
402.204
403.803
361.006
423.625
337.291
571.602
508.489
532.745
545.8
473.6
610.669
509.401
389.741
481.041
369.5
471.068
529.419
465.242
559.483
478.004
454.077
336.69
491.506
441.826
508.567
412.226
574.876
473.73
518.078
442.227
361.168
549.117
72.0278
56.5155
34.0588
79.404
116.812
81.8352
26.1725
110.725
63.0635
90.7965
21.2132
114.769
49.7695
54.037
22.0907
65.192
326.377
532.219
257.317
355.394
473.527
262.002
426.029
404.901
575.619
391.564
322.025
361.889
449.021
601.706
504.632
260.509
346.655
544.394
455.004
329.515
386.419
410.005
566.212
531.04
453.26
558.818
354.99
456.018
424.323
425.484
376.92
439.936
350.538
585.769
527.106
546.466
561.502
492.184
626.582
528.539
404.178
500.953
383.604
486.499
549.04
485.143
572.085
497.548
473.565
350.454
502.195
458.594
526.439
427.804
590
483.001
528.675
460.197
373.352
568.166
20.2485
38.2099
21.3776
54.4885
42.107
78.7464
45.3431
105.948
20.5913
51.0098
54.037
33.4215
18
50.1597
37.1214
255.441
460.57
186.118
284.607
401.617
190.024
354.013
332.94
507.008
319.828
252.254
293.462
377.878
531.897
440.596
189.391
284.398
472.547
383
258.132
314.636
338
494.74
462.973
381.745
489.2
289.389
384.047
353.307
355.225
320.975
382.628
302.352
533.866
463.609
495.904
505.49
428.823
569.878
463.768
352.21
434.385
332.704
431.422
483.104
418.617
524.569
431.845
408.025
300.776
460.404
400
464.812
372.543
535.477
445.432
487.029
398.453
328.055
503.564
25.807
23.2594
61.2944
34.0147
59.439
54.4243
85.703
35.0143
35.4401
59.6825
33.2415
11.0454
36.2491
22
269.948
478.515
204.749
303.402
417.749
207.473
371.086
349.281
526.541
337.716
271.562
313.129
396.366
551.046
460.766
208.079
304.644
488.48
400.151
273.251
332.448
355.17
512.884
482.645
397.035
508.434
309.483
401.36
371.903
374.253
341.018
402.773
321.629
553.687
483.803
515.59
525.595
449.027
590.028
483.885
371.949
454.321
352.321
451.452
503.107
438.564
543.953
451.885
428.086
320.225
479.026
420.202
485.057
392.563
555.498
463.418
505.653
418.699
347.001
523.688
48.8774
86.954
57.8014
46.4004
79.6241
80.4301
57.7235
13.9284
85.44
20.8087
20.3961
12
42.5441
293.411
498.162
223.294
321.455
439.823
228.002
392.062
371.135
542.303
357.505
288.312
328.567
415.023
568.037
472.848
226.497
315.357
510.757
421.019
296.25
352.363
376.021
532.169
497.888
419.906
525.198
322.555
422.005
390.346
391.675
348.001
410.6
324.581
558.735
495.529
519.936
532.8
460.635
597.656
496.505
376.861
468.284
356.662
458.088
516.605
452.482
546.835
465.173
441.235
323.904
479.233
428.789
495.55
399.239
561.915
461.79
505.819
429.214
348.632
536.21
38.0789
22.1359
79.0569
31.3209
99.5389
17.8045
58.5235
36.6197
51.614
30.4138
59.5063
24.1868
247.631
458.809
186.55
285.237
396.284
187.542
350.463
328.024
509.886
318.058
254.608
297.155
377.525
533.371
447.294
189.974
292.836
466.84
379.581
251.247
312.7
334.66
493.43
466.473
375.033
490.983
295.576
380.958
353.272
356.452
332.352
393.137
316.661
546.15
470.593
508.744
516.218
435.984
580.181
469.915
365
439.264
345.961
442.73
488.365
423.572
538.347
437.403
413.769
314.612
475.946
409.85
472.903
383.975
546.759
462.027
502.548
406.669
343.093
509.739
40.05
113.137
10.4403
126.436
35.5106
96.2549
3.60555
87.6926
68.0074
97.4936
54.4518
212.681
429.148
161.966
259.48
363.022
158.928
319.152
295.381
486.097
288.952
231.657
275.748
349.864
507.568
429.691
165.529
279.458
433.094
348.304
217.083
283.424
303.646
464.208
443.735
340.588
465.715
278.21
350.036
326.143
330.992
324.222
382.781
315.087
538.674
453.37
502.603
505.665
419.223
568.577
451.294
359.562
418.742
341.709
433.673
468.241
403.243
534.195
417.968
394.757
311.97
476.303
398.107
457.59
375.533
537.201
465.232
502.733
391.921
343.017
491.011
74.2159
38.8973
86.6833
38.2753
63.1269
37
67.0671
44.5982
65.7647
16.6433
252.446
468.875
199.672
297.889
403.045
198.177
359.124
335.431
523.849
328.495
268.784
312.181
389.031
546.158
464.175
203.185
311.103
473.052
388.278
257.031
323.006
343.577
503.846
480.983
380.426
504.081
312.386
389.965
365.121
369.356
352.21
412.462
337.858
566.323
487.643
529.205
535.572
453.193
599.256
486.385
385.519
454.859
366.706
462.45
504.177
439.246
559.228
453.494
430.029
335.626
497.519
428.781
490.686
403.808
566.404
483.902
524.107
424.606
364.539
526.186
109.165
37.3363
94.0479
33.2415
110.476
66.5282
61.8466
37.5366
58.6941
325.676
537.587
264.169
362.836
475.152
266.372
429.514
407.001
585.753
396.793
330.915
372.2
455.725
610.463
518.33
267.507
361.222
545.573
458.628
329.735
391.481
413.697
572.071
541.706
453.431
567.826
367.555
459.979
431.297
433.687
394.401
456.974
370.535
604.988
541.147
566.083
579.2
506.285
644.05
541.777
423.137
512.891
402.866
504.484
561.471
497.109
592.638
510.13
486.252
370.012
524.123
475.101
541.536
445.638
608.297
505.799
550.669
475.178
394.194
581.532
125.399
25.6125
89.8109
12
78.7464
60.0333
90.6201
51.0882
216.689
430.406
160.823
258.992
366.049
159.452
321.137
298.042
485.037
289.886
230.078
273.701
350.223
507.261
426.569
164.344
274.973
436.414
350.287
220.581
284.429
305.477
465.283
442.285
344.309
465.189
274.871
351.847
326.267
330.462
318.454
377.619
307.865
532.902
450.148
496.505
500.632
415.843
563.841
448.496
353.208
416.531
335.076
428.225
465.928
400.959
527.668
415.406
392.046
304.962
468.824
393.314
453.813
369.892
531.932
457.22
495.299
387.939
335.529
488.267
116.778
68.7968
123.179
101.213
91.5478
73.5731
75.6108
337.006
555.534
285.575
384.089
488.542
284.83
445.533
421.374
609.331
415.178
354.052
396.693
475.619
632.361
546.059
289.043
390.309
558.09
474.681
342.247
409.689
430.066
590.526
566.001
465.001
590.122
394.534
476.455
451.625
455.467
426.242
488.259
404.665
638.163
569.198
599.653
610.954
534.47
675.51
568.957
456.282
538.699
436.313
536.606
587.721
522.989
627.014
536.661
512.957
403.773
559.654
505.831
570.706
477.708
640.6
541.968
586.237
504.357
428.981
608.777
69.5845
35.7771
53.8238
37.3631
69.4262
41.8808
235.733
443.605
170.294
269.007
382.884
172.491
336.073
314.358
493.028
302.804
237.807
280.029
361.707
516.939
429.661
173.669
275.045
453.679
365.137
238.73
297.516
320.156
478.038
449.444
362.465
474.444
277.982
366.35
337.322
340.054
314.663
375.366
299.595
528.554
452.929
491.248
498.454
418.298
562.392
452.359
347.523
421.922
328.591
425.019
470.958
406.212
521.061
419.936
396.268
297.405
459.273
392.051
455.142
366.284
529.037
445.872
485.857
388.897
326.27
492.184
94.3716
33.3017
33.0151
5.09902
46.6905
305.182
511.489
236.783
335.06
452.356
241.033
405.005
383.751
556.174
370.778
302.076
342.441
428.544
581.808
486.741
240.01
329.193
523.206
434.001
308.302
365.604
389.001
545.58
511.783
432.047
538.989
336.482
435.056
403.901
405.38
361.432
424.125
337.297
571.774
509.405
532.846
546.211
474.507
611.118
510.416
389.936
482.212
369.64
471.429
530.533
466.41
559.422
479.099
455.159
336.773
491.172
442.405
509.345
412.604
575.196
473.206
517.734
443.018
361.024
550.117
87
66.8431
95.7706
51.788
215.523
432.464
165.529
262.992
366.049
162.361
322.368
298.485
489.642
292.318
235.236
279.342
353.293
511.056
433.296
169.095
283.016
436.056
351.518
220.036
286.782
306.888
467.547
447.303
343.472
469.222
281.812
353.276
329.597
334.504
327.666
386.29
318.291
542.123
456.974
506.009
509.188
422.825
572.123
454.899
362.927
422.339
345.028
437.156
471.84
406.841
537.536
421.571
398.362
315.217
479.454
401.647
461.183
378.993
540.703
468.241
505.894
395.506
346.162
494.616
22.4722
29.4109
54.7449
285.848
485.298
210.117
307.467
429.796
216.749
380.757
360.943
526.308
345.006
273.403
312.642
401.359
552.87
454.876
213.19
296.966
500.915
409.539
287.904
340.001
364.605
518.927
481.598
411.06
509.902
305.262
410.274
376.538
377.033
328.283
391.072
304.056
538.472
477.378
499.556
513.035
442.459
577.984
478.769
356.636
451.27
336.341
438.208
499.3
435.46
526.241
447.8
423.812
303.488
458.442
409.484
476.883
379.401
541.942
440.991
485.026
410.604
327.947
518.399
32.249
33.0151
273.016
478.511
203.931
302.333
419.547
208.022
372.012
350.892
524.218
337.784
269.704
310.567
395.702
549.409
456.606
207.183
299.803
490.454
401
275.862
332.602
356
512.644
480.037
399.531
506.661
305.722
402.045
371.098
372.828
334.701
396.807
313.919
546.759
479.488
508.414
519.434
444.649
584.042
479.98
364.911
451.054
345.08
445.058
499.625
435.27
536.311
448.288
424.415
312.746
470.574
414.541
480.202
386.161
549.054
454.473
497.197
413.832
338.904
519.747
49.5782
305.159
510.134
235.228
333.33
451.774
240.002
404.061
383.099
553.864
369.489
300.06
340.124
426.938
579.767
483.736
238.422
326.021
522.694
433.018
308.084
364.351
388.021
544.121
509.372
431.77
536.903
333.709
434.005
402.246
403.476
357.694
420.476
333.084
567.726
506.333
528.724
542.443
471.424
607.395
507.501
385.922
479.552
365.568
467.603
527.774
463.746
555.133
476.313
452.354
332.641
486.637
438.858
506.069
408.803
571.318
468.523
513.191
439.765
356.662
547.175
267.081
481.266
210.052
308.65
417.011
210.107
372.211
349.092
533.72
340.635
278.442
321.176
400.562
556.884
471.48
213.506
316.891
487.263
401.359
271.312
335.216
356.531
516.048
490.422
394.924
514.584
319.762
402.892
376.431
379.97
355.793
416.838
338.817
569.32
494.774
531.681
539.883
460.158
603.958
494.098
387.93
463.383
368.676
466.22
512.509
447.699
560.84
461.567
437.943
337.028
497.323
433.703
497.019
407.414
570.272
482.535
523.944
430.768
364.804
533.922
230.489
107.005
112.361
152.453
84.1487
118.072
88.955
313.83
106.301
121.103
153.76
167.171
323.957
297.532
106.832
208.154
221.145
145.619
12.083
100.767
105.688
266.327
280.303
128.035
286.895
182.395
148.977
150.147
165.206
269.119
301.015
299.08
452.766
320.632
427.791
405.564
293.43
457.149
310.698
311.04
270.703
304.03
350.892
317.416
258.322
467.36
276.463
259.002
291.053
441.028
305.369
335.44
306.376
439.739
447.147
463.432
282.392
327.991
346.071
275.182
179.471
94.6414
271.267
112.721
141.767
115.732
140.801
216.566
189.465
86.4928
104.561
180.693
272.118
245.546
87.6926
84.9706
221.542
146.113
126.827
35.8469
113.952
127.781
84.3445
216.271
81.5414
111.306
118.271
278.927
258.312
334.819
348.543
191.207
344.224
294.681
189.621
318.308
172.447
304.764
141.439
313.83
282.843
157.918
143.892
383.901
155.682
160.863
325.848
402.17
245.204
216.668
277.238
323.427
426.339
414.155
211.116
351.103
186.172
98.7168
225.282
25.7099
172.803
157.204
324.236
135.093
69.9714
114.856
191.771
346.84
271.597
3.60555
135.565
296.184
200.96
101.863
130.246
156.525
308.934
281.78
212.116
304.547
123.847
201.206
167.194
169.921
192.627
240.707
208.06
399.296
295.576
367.73
359.489
262.452
419.172
291.81
233.829
257.701
221.639
293.061
307.332
242.405
404.085
257.841
235.228
201.301
362.817
251.873
302.671
239.24
392.734
362.505
387.439
239.176
238.134
331.217
148.219
102
91.6079
92.0869
227.192
48.0104
38.2753
43.0465
94.0479
248.284
189.251
95.3415
107.336
214.709
114.935
100.424
46.0109
77.2334
212.002
186.454
147.411
206.243
76.4003
113.318
69.1158
71.5122
165.656
189.855
206.17
340.412
213.002
315.753
293.586
183.505
346.771
205.456
206.167
167.622
202.882
238.902
216.749
153.483
355.598
170.742
150.801
197.254
334.013
193.186
225.524
197.01
327.758
343.821
355.17
170.188
232.312
243.249
213.591
56.6127
68.884
205
100.21
185.3
178.281
93.6803
199.023
241.207
222.991
245.459
71.1969
39.8121
146.342
102.626
71.6938
127.311
189.842
33.2415
173.566
212.702
44.9444
104.317
123.907
294.593
294.245
344.246
413.586
258.095
401.508
360.2
245.277
394.574
241.531
329.296
203.002
332.415
331.079
234.787
198.494
442.508
215.114
210.152
335.037
444.653
287.36
281.044
309.095
392
462.725
461.004
254.663
366.699
264.955
164.11
144.734
329.15
130.541
81.4678
126.59
190.937
349.017
284.26
27.1662
156.541
284.788
193.023
80.604
125.16
148.03
305.949
288.293
197.327
307.539
141.156
194.023
167.287
173.142
215.133
260.448
233.002
418.593
308.302
388.155
377.154
276.134
435.47
303.117
256.743
267.24
245.367
312.695
316.809
252.383
425.218
268.673
246.903
226.055
386.338
270.313
317.158
260.325
410.742
386.943
410.67
255.28
263.008
341.997
31.1127
201.534
43.6005
128.798
123.227
60.407
207.251
211.092
170.229
191.01
124.788
29.1548
108.853
46.1411
16.2788
148.556
174.542
61.4654
172.557
158.218
31.3209
58.2151
79.3095
242.887
249.369
290.424
380.757
231.158
364.269
328.763
212.042
370.354
217.044
279.551
176.377
280.893
290.658
216.675
168.074
405.357
186.132
175.73
281.256
399.711
245.367
251.366
262.254
361.935
415.251
417.739
214.597
314.014
246.856
232.551
49.7293
125.16
130.679
89.4707
238.17
237.2
155.081
198.134
140.071
56.7979
80.7775
48.4665
25.7099
177.564
204.6
57.0088
203.666
165.955
60.5392
81.7863
102.108
253.87
267.172
297.607
404.623
258.136
386.083
353.464
236.935
397.404
244.859
292.549
204.022
291.728
311.13
245.967
194.641
427.029
212.925
200.632
288.591
416.371
265.272
277.253
278.289
387.021
429.675
435.58
236.076
322.926
275.975
208.828
255.282
213.74
146.659
42.0119
108.407
320.702
243
200.489
181.665
302.835
214.618
210.04
99.3227
46.0109
236.58
31.6228
224.511
176.139
165.653
156.186
250.539
206.197
307.002
249.624
104.738
254.629
197.851
123.004
208.677
86.8332
261.169
84.5281
276.812
210.109
60.8276
98.6154
290.878
95.2103
115.918
299.341
327.397
186.593
129.449
227.695
221.542
357.677
333.542
157.848
313.83
80.1124
85.4751
81.9878
63.1348
222.729
195.359
132.185
149.893
167.287
68.0074
94.7945
5.83095
29.8329
175.414
174.04
101.257
183.382
117.337
67.1863
43.8634
59.9416
204.463
218.014
249.538
358.883
217.589
338.652
308.807
193.29
356.041
206.235
242.87
165.711
242.392
263.03
211.454
154.305
379.427
172.662
157.487
240.441
366.805
217.002
234.649
228.705
342.71
379.947
386.25
188.958
274.186
240.468
45.3431
130.384
279.732
202.97
66.3702
87.0517
252.676
153.026
110.454
82.6801
113.719
248.29
212.207
181.838
236.958
63.3246
151.539
105.385
103.697
148.03
184.098
180.58
340.478
227.009
312.13
297.214
194.672
354.493
222.407
190
187.771
183.096
235.637
237.413
172.534
350.561
188.218
165.952
172.122
320.156
191.708
235.716
187.115
331.059
326.12
342.913
174.485
208.586
261.628
104
241.002
157.686
111.252
67.9559
239.401
140.929
142.042
82.2922
111.517
218.083
169.517
183.076
197.851
35.3553
137.768
81.0062
71.3092
123.665
147.363
167.586
300.148
181.728
274.104
254.951
149.683
310.698
177.102
163.573
143.031
161.307
197.203
192.606
127.624
313.6
143.003
120.615
158.474
290.991
151.921
191.024
154
289.012
301.241
312.13
131.488
192.302
216.4
159.656
151.845
188.534
164.615
140.801
54.7449
156.205
68.9638
64.8999
118.017
115.378
114.039
120.37
133.454
49.0306
25.02
34.8281
206.526
200.928
259.517
323.025
171.21
308.877
270.363
154.003
310.234
156.732
238.537
116.181
243.647
237.539
156.541
108.665
349.961
126.436
118.068
250.332
351.141
193.68
192.151
216.453
303.117
369.965
367.327
161.075
279.407
186.625
150.097
343.402
277.222
180.236
183.251
313.704
228.548
218.325
77.1622
82.8613
232.002
43.1856
256
178.466
182
176.921
289.387
247.358
346.273
287.793
146.659
295
237.154
164.478
241.961
128.845
301.944
123.369
317.002
252.105
102.591
136.125
330.347
135.248
154.331
338.378
369.121
228.11
171.126
268.794
258.94
399.62
374.787
198.588
354.268
118.983
268.019
158.483
266.301
205.119
285.477
200.002
211.492
183.883
73
265.319
118.794
151.793
199.09
155.502
135.978
149.164
98.4327
203.376
172.418
24.0416
163.817
119.017
15.2971
160.705
26
154.003
39.5601
170.988
105.119
52.9528
43.1856
204.005
26.1725
38.5876
196.471
224.804
78.2624
40.3113
119.971
151.331
252.557
234.61
52.345
207.183
63.8905
132.503
293.82
198.283
101.316
127.393
153.951
305.792
278.21
210.238
301.081
120.42
198.457
163.918
166.481
189.842
237.531
206.01
396.093
292
364.651
356.142
258.898
415.74
288.212
231.138
254.096
219.146
289.883
303.727
238.799
401.103
254.238
231.631
199.161
360.285
248.574
299.147
236.231
389.416
360.251
384.838
235.716
236.053
327.616
304.041
207.28
197.428
149.967
179.471
269.818
197.003
251.032
234.923
32.8024
203.652
144.499
129.85
61
105.688
99.6444
264.282
180.546
232.166
227.02
145.619
289.208
183.142
103.044
160.798
96.5091
157.953
205.76
145.417
268.732
154.557
130.698
90.5539
233.362
119.004
180.422
103.817
259.434
239.207
256.533
114.057
125.004
222.326
99.8499
216.021
170.578
140.801
103.368
201.556
93.6483
170.047
271.95
102.083
159.552
175.368
347.22
336.311
400.232
435.821
278.227
430.116
381.907
273.996
405.771
259.677
378.001
226.753
384.111
365.833
245.601
227.106
470.202
240.651
242.572
391.036
483.885
325.609
303.416
353.657
411.005
505.819
497.419
291.589
420.13
273.66
136.956
71.8401
45
120.768
159.765
60.2993
151.4
174.668
6.08276
64.6607
84.0952
255.163
254.608
305.503
377.033
223.294
363.552
324.039
208.154
361.359
207.639
289.546
167.967
292.911
292.226
203.73
162.028
404.623
179.279
172.491
296.285
405.089
248.131
245.294
269.312
356.406
422.939
421.701
215.745
327.471
234.094
89.1964
95.7706
257.387
268.835
123.794
276.205
171.143
140.014
138.658
153.405
258.327
289.365
289.394
440.8
308.598
415.987
393.517
281.349
445.067
298.739
300.167
258.801
293.537
339.094
305.655
246.349
455.624
264.473
246.941
281.258
430
293.517
323.36
294.978
427.691
436.571
452.249
270.379
318.101
334.229
31.241
180.854
179.655
101.828
189.212
117.618
71.3863
49.4975
65
205.409
220.581
249.562
362.691
222.38
341.99
312.877
197.649
360.634
211.256
244.246
170.816
243.261
266.152
216.816
159.211
382.692
177.544
161.988
240.504
368.912
220.082
239.136
230.825
346.831
381.536
388.614
192.502
274.591
245.734
162.542
180.278
71.5612
182.036
146.813
46.3897
56.0892
76.531
233.137
243.311
279.1
379.116
232.476
361.006
327.835
211.265
371.732
219.338
270.836
178.488
271.131
286.393
221
168.962
402.001
187.259
174.951
269.981
393.08
240.674
251.543
255.155
361.359
407.384
411.822
211
303.434
250.888
111.893
160.527
71.3092
242.26
117.388
143.031
146.973
297.659
270.148
354.493
344.414
190.066
344.362
291.204
195
307.612
170.836
319.856
146.649
330.847
288.647
151.489
152.761
382.786
161.028
171.126
345.743
408.495
254.81
216.005
290.193
317.616
434.964
418.384
221.353
368.505
176.819
218.68
46.2277
178.757
153.792
130.177
117.29
206.526
166.433
263.433
234.796
78.3901
232.648
181.041
85.6329
206.119
59.2368
220.118
40.7185
234.546
178.104
45.1774
53.3667
271.487
53.535
71.4703
255.519
297.678
148.405
104.278
187.627
209.476
325.518
306.752
117.137
271.978
75.1332
205.353
218.36
66.3702
118.36
139.27
304.105
310.227
350.657
437.001
283.591
422.623
384.158
268.007
421.521
267.854
341.006
228.265
342.118
350.189
263.154
222.182
463.728
239.535
232.106
341.533
460.722
305.367
305.531
323.52
416.635
476.656
478.351
273.792
374.835
293.483
213.038
146.031
141.354
134.737
250.14
212.455
307.327
273.408
121.202
274.875
220.465
131.795
236.783
102.078
265.686
86.2844
279.508
223.665
80.6226
97.0824
312.618
99.6243
115.832
299.174
342.883
194.62
147.027
233.549
246.376
371.313
351.07
163.083
317.095
105.537
171.143
112.446
98.9798
89.2693
120.806
132.306
277.836
175.285
248.871
236.072
141.014
295.325
174.428
130.115
146.164
126.531
172.525
194.064
130.361
287.237
142.618
118.701
123.175
259.095
129.252
179.878
124.169
269.596
267.642
281.114
115.434
156.978
214.245
60.2163
79.177
250.769
249.303
301.538
371.049
217.221
357.716
318.025
202.2
355.276
201.556
284.788
161.895
288.444
286.568
197.699
156.013
398.779
173.234
166.589
292.318
399.73
242.594
239.253
264.197
350.366
417.825
416.203
210.098
323.209
228.064
21.095
190.56
191.901
241.58
323.303
176.785
306.132
271.812
155.193
315.938
164.283
225.002
123.483
228.267
232.459
168.074
113.217
347.207
131.575
118.87
232.362
342.441
187.259
195.489
205.645
305.29
359.138
360.001
156.387
263.002
197.396
172.43
171.164
224.864
302.592
157.848
285.086
251.366
134.937
296.655
146.294
205.653
105.816
209.831
211.367
152.269
94.4299
326.153
112.805
98.7168
215.669
321.734
166.208
175.684
185.324
284.972
338.923
339.093
135.3
245.204
180.887
63.5059
57.2713
214.462
166.301
178.891
184.805
134.06
249.704
175.14
42.107
166.208
38.0132
110.454
201.718
153.379
212.876
155.541
135.059
49.0408
172.491
83.8153
157.496
51.6236
214.516
178.62
196.01
97.0052
72.9178
210.343
109.073
158.647
110.476
128.082
123.11
83.3847
187.257
123.081
55.7853
126.246
74.2428
52.3546
150.867
117.593
166.628
112.898
99.0353
103.586
150.572
22
97.1288
21.5407
154.467
169.594
168.514
49.4065
109.142
153.834
235.801
218.449
196.026
217.589
188.096
282.73
229.107
57.8705
222.946
36.4005
143.024
256.301
210.44
222.396
211.814
191.982
9.21954
161.645
131.061
206.197
89.8053
242.736
155.541
187.883
151.083
30.1496
262.275
157.69
41.2311
53.9351
169.027
70.214
176.148
181.893
211.256
202.181
106.33
192.925
215.149
48.0208
198.567
205.156
235.357
124.197
148.772
133.09
163.221
30.4138
161.447
112.792
170.751
216.603
169.523
154.305
103.755
34.9285
139.284
19.2354
166.111
55.3263
184.567
105.603
44.2041
63.5689
193.132
45.2217
62.2013
212.116
222.83
88.8426
25.9422
131.594
134.183
252.96
230
69.8713
219.456
44.0454
60.6053
156.952
105.119
173.528
143.753
203.364
163.343
76.9025
194.833
204.247
41.1096
189.56
191.366
196.084
89.0225
122.642
128.378
128.891
60.208
126.147
84.0595
150.013
175.866
176.324
116.726
65.3682
122.25
160.112
157.537
181.604
75.2928
139.846
162.012
93.1933
145.086
153.062
215.114
146.82
108.074
79.3095
133.701
34.176
182.937
144.516
123.568
204.402
118.191
163.719
41.1096
138.842
48.5489
155.708
93.7443
68.2495
47.2969
197.687
34.1321
36.3456
181.221
213.581
63.6318
42.0595
104.924
150.097
240.26
224.589
37.1214
191.971
77.666
153.76
225.4
194.054
246.862
140.656
161.028
202.773
117.388
184.48
198.698
280.409
193.041
170.532
121.742
198.879
45
230.376
182.964
180.205
268.531
132.136
178.844
40.8534
196.329
123.329
27.8568
52.4309
212.25
34.7131
56.6127
222.299
241.423
102.181
45.1774
144.544
151.845
271.03
249.018
78.2304
232.157
39.8246
179.494
21.5407
85.235
206.603
169.198
174.794
166.811
150.333
55.0091
130.384
77.2787
151.268
34.5254
186.387
137.674
154.042
103.368
53.3667
209.163
193.83
142.285
49.6488
15.8114
243.559
14.4222
31.4006
215.128
262.103
109.041
78.2304
147.275
189.003
288.34
273.029
76.844
231.262
75.8222
106.775
223.886
182.483
192.627
181.797
163.683
33.6155
141.223
96.1873
171.003
54.037
207.548
143.171
166.208
119.252
37.7359
228.064
149.807
139.086
116.842
127.863
123.309
140.118
119.854
46.0977
82.8553
58.8982
104.062
147.801
131.59
76.4853
132.518
142.225
65
232.108
51.5461
75.5844
249.329
266.58
130.035
68.6222
172.351
166.388
297.088
272.855
105.224
259.887
30.3645
244.951
18.3848
18.868
202.41
258.279
102.176
83.4865
138.058
194.504
283.002
270.601
68.593
220.118
89.8276
229.924
232.355
223.815
84.9294
162.89
167.371
164.915
78.0064
120.702
68.1175
191.003
198.799
211.376
24.0416
204.216
247.681
95.1315
66.0303
134.112
177.138
274
258.66
63.6318
219.021
73.4098
184.049
241.661
84.4038
77.1622
119.331
186.43
265.515
254.867
50.448
201.296
96.2549
165.849
125.483
200.639
85.1469
241.151
161.505
191.846
144.128
37.1214
256.049
158.405
197.995
138.101
148.661
37.3363
26.6271
192.315
133.297
253.789
75.1665
42.7551
140.911
181.135
173.658
34.1321
130.614
131.973
117.038
111.113
228.954
204.443
66.3702
204.083
59.808
162.936
153.629
158.256
70.4911
87.8635
174.657
185.952
140.218
157.699
226.636
141.51
54.7083
215.232
125.515
286.323
206.848
159.778
257.387
156.016
113.745
262.383
