90
161.012
156.051
305.395
204.688
263.911
122.674
60.0167
268.822
127.35
64.4748
191.05
176.233
82.9699
206.184
255.409
132.322
282.936
104.995
243.824
214.462
292.077
47.4342
87.2009
199.97
357.866
138.798
298.412
164.451
346.013
495.529
482.631
430.36
464.487
524.363
626.332
576.064
439.114
385.149
502.204
416.227
560.108
573.428
347.197
518.811
503.001
511.559
569.022
330.353
538.213
573.882
367.067
471.666
422.309
530.54
500.209
484.481
575.701
465.244
368.917
561.103
587.307
552.033
508.024
578.941
505.436
557.621
487.647
573.255
579.535
566.443
582.905
554.43
572.93
562.091
540.875
493.065
539.445
492.448
518.831
498.001
495.101
493.434
556.68
543.33
569.171
551.284
575.022
487.083
572.003
27.074
145.165
192.421
225.078
58.6686
149.643
182.099
72.9452
114.237
200.062
160.328
78.5175
102.318
131.913
256.632
124.258
86.3308
162.25
78.492
179.689
132.382
112.947
71.2811
238.933
140.071
137.713
69.029
185.995
335.538
326.071
270.416
314.612
363.629
470.052
417.019
283.975
224.448
350.782
266.481
402.497
412.535
187.171
358.24
346.302
350.708
411.822
174.591
383.818
413.321
212.426
314.859
261.885
370.653
352.389
325.166
420.277
312.827
217.598
400.225
426.878
394.792
347.196
420.005
347.144
397.666
326.841
413.091
418.524
405.444
421.902
393.429
412.354
401.214
381.257
335.789
378.6
334.15
357.985
341.503
337.654
332.845
395.818
384.064
409.029
390.478
417.81
327.3
415.313
157.943
215.112
198.457
74.411
155.081
209.153
49.5782
101.533
220.771
182.214
78.1025
78.8923
158.146
262.992
127.424
99.3579
189.13
63.9531
206.197
121.037
123.175
52.8015
264.462
158.521
144.921
42.19
198.567
340.125
341.123
282.379
333.209
373.488
484.731
420.145
283.346
235.091
347.76
262.246
404.061
419.338
192.213
368.572
347.013
360.185
413.001
191.638
399.941
423.515
211.287
329.795
273
382.237
347.415
337.713
435.66
310.335
214.112
406.975
432.224
396.005
353.825
422.995
349.414
402.121
333.431
417.905
426.386
413.04
429.532
401.787
418.073
407.953
385.188
337.024
388.022
336.43
367.459
342.037
339.053
338.723
405.123
387.495
413.807
396.941
419.001
331.545
416.043
263.41
295.312
188.958
284.703
187.395
205.251
258.304
282.846
242.981
222.428
173.925
119.331
385.421
57.4891
215.281
185.235
132.439
150.336
277.078
243.167
144.423
173.003
243.772
34
178.645
40.8534
200.112
183.611
125.252
182.258
219.1
326.879
283.436
169.284
80.0625
240.626
170.426
273.585
271.312
64.0312
213.431
222.144
206.526
283.817
44.643
243.214
268.494
112.161
172.235
116.914
225.488
250.601
180.155
278.183
203.298
127.883
259.193
288.111
267.167
207.002
286.714
217.862
261.199
187.067
275.588
275.748
263.097
279.407
250.186
273.029
260.192
246.357
210.345
234.361
205.361
213.776
218.195
211.568
194.435
251.621
250.38
271.665
250.032
289.614
193.018
288.6
407.384
144.222
145.165
106.367
237.775
222
26.2488
33.9559
175.263
293.886
149.723
178.891
282.237
129.711
90.05
269.364
151.162
223.895
126.194
263.623
205.682
69.0652
280.173
254.867
292.37
457.9
388.252
361.858
349.967
455.412
519.412
540.534
432.245
331.724
503.518
427.956
534.066
517.557
326.259
447.743
484.934
446.052
544.593
258.805
430.119
498.514
368.881
379.581
359.68
451.054
511.781
404.738
468.543
465.752
380.48
506.433
538.703
528.346
458.446
543.994
479.104
515.926
440.242
528.532
517.2
506.609
521.648
491.235
523.184
507.41
503.191
472.969
471.529
467.027
452.598
481.176
474.017
449.222
487.904
508.186
524.924
498.964
550.215
451.97
549.885
263.321
303.422
406.315
169.85
206.228
408.016
373.504
237.118
129.988
348.759
396.232
238.872
279.501
387.243
171.21
397.135
217.8
292.494
165.979
447.845
343.185
264.327
156.285
325.235
396.255
460.341
391.005
473.507
458.26
591.217
456.08
317.128
344.762
351.733
277.95
431.296
479.814
284.691
456.793
376.782
444.099
436.492
339.638
520.83
505.516
263.752
449.431
378.402
476.76
337.44
442.634
549.586
325.48
251.462
468.402
481.773
421.883
420.862
457.69
389.129
449.037
403.104
465.42
493.082
479.317
494.418
474.124
471.559
469.2
430.726
371.981
468.523
378.338
450.521
371.467
374.745
403.19
483.16
429.424
461.525
457.604
441.847
386.871
436.056
96.0052
163.273
94.3663
98.4886
147.353
110.494
46.6154
152.634
135.059
200.445
178.869
28.1603
139.474
135.871
176.233
110.422
55.9017
126.59
241.133
84.2021
188.597
111.414
228.543
386.13
361.226
312.021
341.826
407.382
504.536
468.667
339.299
268.911
407.306
323.818
455.642
460.114
238.925
401.33
400.371
395.133
465.262
209.39
415.993
456.18
268.494
350.408
304.962
411.643
409.839
365.016
453.693
369.168
274.804
447.94
476.127
448.264
395.41
471.773
399.906
448.04
375.261
463.001
464.698
452.05
468.364
439.09
461.244
448.938
432.26
389.487
422.871
386.97
402.349
395.73
391.208
382.047
440.13
435.556
459
438.603
471.221
378.298
469.115
217.083
144.941
97.6166
131.034
118.119
78.2943
222.158
214.663
107.912
273.381
69.5845
192.354
218.769
245.636
90.4434
42.45
206.247
311.014
81.5414
284.345
177.792
323.897
482.084
453.018
406.753
429.16
502.487
595.142
564.51
433.526
364.497
500.357
415.708
551.094
555.98
334.598
496.251
495.407
490.442
560.607
302.63
505.72
550.913
362.066
442.476
400.136
505.811
501.415
458.912
543.921
462.448
366.98
543.828
572.126
543.59
491.367
567.596
495.459
544.023
471.239
559.004
560.326
547.77
564.046
534.634
557.23
544.827
528.186
484.691
518.094
482.499
497.63
490.682
486.474
478.051
535.336
531.415
555.001
534.539
566.579
474.207
564.307
249.393
261.048
132.382
109.128
208.655
278.842
69.8928
279.235
223.66
167.574
25
242.992
47.0744
270.601
181.64
243.387
100.305
138.058
213.038
251.032
206.693
367.165
284.693
265.452
244.166
355.801
413.319
447.889
354.054
242.365
424.848
357.821
444.545
419.815
251.072
347.805
399.831
347.523
455.29
169.499
324.302
396.699
299.348
276.622
265.24
349.193
436.791
303.817
362.609
388.599
314.224
409.238
442.408
439.765
363.963
451.438
391.337
422.092
347.052
433.52
417.892
408.104
422.513
392.227
426.919
410.191
410.912
387.642
371.809
380.063
353.719
396.676
388.291
356.699
387.66
416.544
430.131
402.568
460.635
362.305
461.182
64.3817
238.248
203.843
69.814
79.3095
204.313
249.538
168.573
109.772
227.491
90.3549
251.525
84.214
125.1
75.1665
311.747
173.462
188.86
37.3363
245.416
379.195
388.846
328.353
382.426
417.465
532.024
457.086
316.836
280.403
377.26
291.172
439.21
460.298
233.384
412.961
381.518
403.887
447.616
240.585
448.135
467.616
245.381
377.477
318.416
427.576
374.039
383.885
483.423
341.001
245.1
447.934
471.61
430.769
394.92
459.762
385.798
440.673
374.606
456.777
468.364
454.81
471.275
444.325
457.918
448.896
423.249
372.265
431.57
372.93
411.13
376.363
374.477
379.153
448.51
424.973
452.657
437.653
453.595
370.308
450.069
215.455
189.169
52.3927
142.172
231.294
193.21
228.32
96.3172
236.772
154.003
274.303
20.025
96.2549
139.014
338.64
153.029
246.449
101.71
299.125
440.604
440.236
383.308
428.141
474.978
584.186
519.593
380.337
336.376
441.5
355.407
502.364
520.551
293.293
469.998
444.82
461.703
510.941
288.804
498.046
524.976
308.585
429.001
374.2
483.365
438.42
438.439
534.499
405.079
309
508.183
532.902
494.037
455.044
522.343
448.47
502.41
434.66
518.353
527.822
514.437
530.928
503.289
518.924
509.157
485.223
435.33
489.547
435.543
468.979
439.711
437.484
439.732
506.654
487.222
514.242
498.073
516.93
431.876
513.561
41.4005
172.256
299.58
172.192
153.808
297.874
128.515
115.109
278.227
176.638
215.058
119.365
271.205
231.897
64.846
297.607
258.751
313.428
479.296
413.044
384.877
375.542
479.029
545.094
562.219
450.809
353.293
521.901
444.703
554.982
540.592
344.851
471.458
504.906
469.401
565.433
280.865
455.672
522.69
385.894
404.209
382.253
475.29
529.265
428.777
494.146
483.926
396.676
529.34
561.329
549.043
480.754
565.651
499.73
537.956
462.277
550.84
540.656
529.862
545.052
514.643
545.825
530.323
524.856
493.032
495.154
487.497
476.027
501.016
494.171
471.072
511.649
529.683
547.182
521.676
571.113
473.128
570.565
141.598
261.094
136.235
170.309
256.564
95.8853
87.3155
238.034
148.489
192.052
94.2019
231.607
209.06
37.6431
256.726
221.472
274.804
440.732
380.475
348.54
346.066
443.546
515.723
523.878
410.26
315.103
481.237
403.541
515.9
504.026
304.401
436.175
465.124
433.448
526.277
243.477
425.837
488.296
344.819
371.194
345.249
441.113
488.271
394.249
464.459
443.191
355.418
492.59
524.137
509.778
443.227
527.277
460.443
500.025
424.436
513.238
504.79
493.66
509.089
478.724
508.67
493.579
486.526
453.322
459.657
448.095
440.204
461.147
454.525
433.005
476.362
491.172
509.519
484.648
532.004
434.336
531.272
144.402
181.157
185.809
202.002
46
184.396
141.06
222.847
63.8905
55.5698
128.156
287.68
107.708
216.227
100
263.046
413.948
400.361
347.405
384.167
441.426
544.235
495.171
360.423
302.218
425.63
340.266
480.126
491.015
265.545
435.85
423.521
428.66
489.295
248.05
456.606
490.919
288.461
389.324
339.342
447.599
425.513
401.609
493.822
388.062
291.973
478.712
505.381
472.271
425.699
498.121
425.001
476.077
405.349
491.55
496.855
483.828
500.274
471.666
490.87
479.702
459.576
413.237
456.54
412.001
435.929
418.632
415.173
411.36
473.782
462.277
487.483
468.984
495.292
405.653
492.585
219.112
328.203
122.332
175.727
261.262
42.5441
267.367
161.301
196.703
36.0555
318.101
236.814
147.248
44.4072
209.124
318.127
351.45
285.156
356.006
366.154
490.408
391.717
248.928
236.685
304.475
219.009
371.646
401.542
181.135
362.851
313.806
352.087
379.328
216.603
412.244
415.91
180.25
340.125
273.629
380.043
299.107
339.991
444.639
269.674
176.148
389.324
409.871
362.817
337.343
394.123
320.478
377.895
317.553
394.336
411.588
397.756
413.969
389.082
397.121
390.244
359.903
305.603
378.926
307.963
359.124
308.501
308.021
320.545
395.218
360.721
390.226
378.695
385.23
308.872
381.077
298.685
153.834
150.659
66.0303
180.278
48.5077
244.99
173.28
183.068
108.046
149.643
143.402
197.732
143.6
308.423
245.489
212.735
215.671
307.371
383.94
390.876
287.96
182.236
359.184
289.353
384.948
368.426
183.358
299.962
337.218
297.437
395.545
109.11
293.954
352.115
230.521
235.85
210.098
305.007
369.855
258.07
332.521
322.245
244.92
357.151
389.173
379.476
308.756
394.346
330.394
366.203
290.52
378.847
368.756
357.799
373.101
342.708
373.664
358.134
353.548
325.129
323.489
318.555
304.138
333.708
326.02
299.528
340.154
358.622
375.225
349.497
401.103
302.695
401.011
379.289
172.456
257.56
326.639
318.176
178.933
144.544
313.957
379.348
149.05
388.496
284.121
423.011
584.891
543.686
503.572
513.448
599.702
682.464
667.884
539.713
464.027
607.319
523.083
655.665
656.019
438.85
592.976
600.72
588.34
665.391
397.786
592.439
646.859
468.684
533.73
498.145
600.616
608.922
553.448
631.051
569.278
474.229
644.05
673.502
648.417
592.305
671.059
599.834
646.432
572.462
660.981
659.128
647.028
663.075
633.178
658.368
645.05
631.146
589.754
615.592
586.941
595.407
596.111
591.434
579.829
632.712
634.748
657.043
635.154
671.334
577.347
669.362
206.952
215.845
84.0536
193.866
248.091
234.753
98.27
226.276
248.781
25.5539
136.4
87.4185
212.72
229.142
163.6
235.536
249.275
369.005
293.246
160.431
115
228.963
147.58
278.259
292.262
65
245.08
222.092
235.567
287.564
102.108
289.917
299.429
90.1388
217.807
152.552
260.722
233.225
218.9
322.579
190.717
98.9798
279.893
304.803
270.535
226.771
296.169
223.009
274.754
206.4
290.496
299.897
286.4
302.881
275.757
290.689
280.865
257.94
211.533
263.154
210.01
242.786
217.329
213.396
211.419
280.029
260.432
286.4
269.757
293.552
204.189
291.076
142.78
162.29
187.417
103.47
28.0713
152.118
253.148
63.6946
216.227
132.801
254.332
413.392
384.298
337.191
362.353
432.903
526.972
496.099
367.376
294.978
435.46
351.962
483.373
486.592
266.582
426.677
428.273
420.862
493.042
233.335
437.887
481.362
296.638
373.648
330.553
436.359
437.978
389.515
475.891
397.316
302.952
474.465
503.009
476.055
422.118
499.228
427.591
475.206
402.045
490.05
490.8
478.282
494.54
465.086
488.05
475.464
459.576
417.336
448.51
414.672
428.049
423.657
419.033
409.005
465.752
462.973
486.066
465.242
498.993
405.653
496.955
227.2
61.8142
245.967
156.646
226.367
122.09
114.039
207.894
231.262
208.943
372.539
298.203
273.642
260.618
366.182
430.277
454.357
353.99
246.629
425.207
354.853
449.494
429.057
249.263
358.403
402.716
357.179
460.156
173.22
340.701
408.711
295.845
289.56
272.281
361.222
435.822
315.087
379.223
388.271
309.713
418.14
450.821
444.272
371.26
457.866
395.373
429.135
353.624
441.209
428.123
417.809
432.634
402.24
435.299
419.109
417.138
390.591
382.279
383.71
363.61
399.296
391.414
362.945
398.503
422.462
437.696
410.994
465.639
367.151
465.783
228.02
174.011
186.938
15.2971
276.684
218.525
107.815
54.5711
169
289.871
312.418
247.621
314.697
332.291
453.001
366.939
226.497
199.023
287.842
201.804
348.862
371.884
146.697
328.416
291.163
318.416
357.262
174.485
373
382.368
155.048
301.04
236.603
344.542
285.89
302.952
406.263
251.161
155.003
359.551
382.251
340.414
306.806
369.579
295.601
351.006
286.639
367.212
380.737
367.042
383.437
357.308
368.816
360.5
333.431
281.938
345.753
282.767
325.576
286.009
284.164
290.615
362.416
334.978
363.09
349.125
363.241
280.863
359.736
286.603
206.526
231.311
65.7951
171.732
179.413
246.132
164.347
321.711
237.929
218.936
198.91
308.756
368.517
401.807
312.746
198.033
382.884
319.581
399.204
372.903
212.417
300.746
355.883
300.566
409.982
126.372
279.034
349.677
262.2
229.713
219.18
302.166
396.043
256.743
317.517
347.397
278.218
362.398
395.668
394.681
317.63
405.369
346.625
375.8
301.04
386.994
370.85
361.122
375.48
345.21
380.195
363.347
364.973
343.677
324.755
335.631
306.726
352.931
344.201
310.821
340.588
370.741
383.647
355.844
415.246
317.158
416.016
97.8673
159.003
351.548
154.935
265.932
121.499
317.926
460.483
458.416
402.219
445.154
494.276
602.41
539.574
400.361
355.508
461.434
375.341
522.384
540.268
313.037
489.217
464.844
481.058
530.965
306.635
515.865
544.229
328.609
447.219
393.265
502.355
458.215
457.231
552.531
425.058
329.002
527.902
552.757
514.06
474.757
542.329
468.466
522.319
454.368
538.243
547.42
534.064
550.556
522.816
538.744
528.878
505.157
455.347
508.917
455.536
488.336
459.736
457.499
459.51
526.047
507.182
534.133
517.819
536.954
451.774
533.586
175.841
272.25
57.1402
244.283
152.735
282.023
441.453
410.572
364.585
387.092
460.418
552.768
524.17
395.182
322.751
463.026
379.227
511.415
514.471
294.635
454.116
456.248
448.47
521.07
260.248
463.406
508.709
324.275
400.026
358.13
463.492
465.202
416.56
501.57
424.924
330.261
502.359
531.001
504.079
450.071
527.3
455.642
503.254
430.019
518.078
518.545
506.077
522.312
492.793
516.024
503.359
487.641
445.337
476.072
442.72
455.642
451.616
447.045
437.018
493.304
491.044
514.097
493.171
527.024
433.721
524.961
282.446
210.212
121.4
39.2938
181.959
305.138
325.731
261.584
326.497
347.04
466.862
382.228
241.671
213.016
302.597
216.52
364.095
387.071
161.549
343.07
306.376
333.204
372.465
185.421
386.167
397.146
170.3
314.339
250.737
358.972
300.242
317.014
419.795
266.068
170.012
374.733
397.525
355.629
321.95
384.865
310.886
366.296
301.761
382.498
395.835
382.154
398.56
372.324
384.069
375.683
348.726
297.188
360.601
298.055
340.379
301.213
299.421
305.805
377.308
350.274
378.375
364.321
378.442
296.138
374.903
235.468
206.344
302.324
171.292
307.293
200.192
200.385
152.237
279.079
318.006
381.914
315.159
194.402
381.561
330.177
383.892
345.254
226.385
270.601
347.899
273.425
394.677
135.192
230.957
314.027
277.319
194.24
204.502
267.442
398.207
225.854
268.365
349.228
295.256
336.001
370.073
380.789
297.382
385.519
335.467
354.746
283.641
363.749
340.243
332.304
345.117
315.786
355.006
336.883
346.655
335.894
294.389
326.014
278.657
345.834
335.876
294.083
308.702
353.208
360.843
331.05
399.422
304.529
401.368
252.676
195.041
278.959
443.732
394.849
357.05
364.594
453.001
533.443
527.091
406.765
319.92
476.877
396.313
517.177
511.2
302.101
446.018
464.419
442.113
527.307
251.05
443.423
499.362
338.64
385.004
352.46
452.747
481.998
405.597
482.026
438.617
347.495
499.448
529.967
510.546
448.684
530.396
461.343
504.311
429.284
518.22
513.282
501.575
517.387
487.231
514.634
500.445
489.911
452.913
469.01
448.7
449.071
460.161
454.324
437.276
486
494.082
514.382
490.976
533.146
436.767
531.881
158.474
62.0081
198.063
204.629
140.357
209.995
228.817
345.488
280.179
154.146
91.9239
224.698
148.003
267.172
275.045
50.3587
224.154
212.603
215.39
276.904
77.9295
265.279
278.928
88.8144
193.259
129.865
238.816
231.709
195.888
298.466
186.553
101.833
262.711
289.171
259.942
209.614
283.254
211.367
260.156
189.235
275.465
281.604
268.343
284.83
256.891
274.643
263.697
244
201.427
243.189
198.457
222.657
208.147
203.039
195.133
260.256
247.099
271.415
252.872
282.843
190
280.959
217.607
344.431
361.62
298.814
359.31
385.612
503.698
421.372
280.401
250.392
340.119
254.049
402.99
426.305
200.385
381.477
345.21
371.845
411.254
217.276
421.674
435.753
209.308
350.219
288.293
396.97
336.721
354.359
456.004
304.026
208.346
413.963
436.818
394.462
361.137
423.987
350.009
405.572
340.922
421.783
434.954
421.296
437.715
411.326
423.359
414.914
387.982
336.162
399.336
337.202
379.044
340.019
338.421
345.046
416.112
389.487
417.66
403.567
417.222
335.431
413.57
165.94
144.014
84.4334
148.354
178.885
286.623
249.088
148.499
41.0488
218.563
159.154
241.698
233.009
56.2939
173.003
193.776
166.595
252.224
38.2099
204.24
228.009
106.569
132.612
76.4853
184.678
231.948
139.316
238.43
183.153
125
221.057
251.056
236.019
169.756
252.48
186.85
225.575
150.336
239.286
236.542
224.181
240.352
210.77
235.767
222.056
211.747
181.648
194.33
174.957
173.807
190.394
182.483
158.493
211.589
216.372
235.468
212.285
257.847
159.703
257.56
139.786
106.963
191.857
77.666
212.85
83.3607
80.7217
126.194
97.2522
122.025
77.5242
84.22
148.408
81.4985
50.01
67.1863
88.3233
199.449
177.071
114.28
138.293
136.565
103.47
104.087
122.016
104.043
186.936
88.8651
146.291
72.4017
92.4175
73.6003
29.4109
86.6833
31.3847
62.1289
26.4008
77.7817
96.8297
83.0963
98.2293
79.6492
79.0569
73.2462
46.2709
42
80.6226
29.0172
70.0357
51.2445
40.05
16.4924
91.2688
50.448
73.6817
61.5873
93.5361
9.43398
94.578
69.8355
55.8659
83.5464
144.003
194.918
192.167
115.884
235.053
227.407
204.963
149.201
175.65
75.0067
189.465
82.6196
214.972
152.315
60.8769
113.842
205.234
11.4018
82.7647
67.5426
258.496
35.8469
94.578
216.668
222.497
141.767
175.548
204.941
117.648
198.399
171.129
167.475
113.53
172.54
141.662
135.429
146.632
118.811
161.524
142.524
165.024
179.978
97.2008
167.171
85.6329
189.974
178.572
123.369
109.772
172.514
170.426
139.302
218.433
142.172
222.443
101.124
96.1301
205.412
183.412
133.555
48.6004
189.19
164.003
183.6
155.724
106.527
89.56
150
85.0941
194.402
106.005
129.85
144.184
136.015
59.5063
13
100.245
209.697
55.5698
159.806
163.175
153.734
144.586
177.2
180.405
98.8433
187
135.882
157.013
83.4865
168.074
156.387
145.121
160.611
130.311
161.682
145.561
147.146
138.452
112.04
127.44
92.0217
148.691
138.004
93.8136
129.139
153.395
164.712
137.361
199.249
104.69
201.022
139.345
169.706
250.715
234.062
134.373
284.297
265.068
260.048
204.607
193.541
130.832
240.554
138.293
270.204
142.13
80.1561
165.484
232.641
55.7584
113
121.495
306.602
90.2109
118.609
262.053
251.205
197.497
231.141
259.6
171.965
254.207
223.182
223.233
165.469
228.397
196.125
190.688
201.122
174.141
217.276
198.237
220.204
230.263
152.62
217.846
141.485
240.477
229.157
175.775
164.259
227.622
226.292
195.167
273.821
193.023
277.618
137.437
112.414
152.958
139.216
173.234
193.871
125.801
66.3702
185.648
8.60233
125.144
14.2127
135.059
202.04
103.16
50.1597
194.558
86.267
102.421
27.0185
198.494
53.2259
109.33
166.208
207.328
58.258
92.2009
127.472
48.5077
115.802
105.076
85.44
58.5918
89.1403
62.0967
53.2259
66.7608
36.7696
77.9872
59.0339
86.3771
119.08
16.1245
106.367
8.06226
127.475
116.842
63.2456
33.0151
93.984
87.2067
56.0803
137.83
84.4808
142.664
211.002
290.353
254.008
302.696
331.308
235.544
154.324
310.177
136.752
255.644
150.748
241.102
296.204
90.0278
102.181
328.162
155.193
216.779
115.209
328.154
150.446
51.4198
301.569
342.415
158.534
175.14
241.197
183.576
213.009
235.936
193.145
196.01
185.097
136.18
144.257
139.032
138.004
171.187
158.398
204.377
252.058
132.231
240.169
145.499
259.023
249.514
199.922
123.762
210.761
186.269
165.922
241.002
220.64
248.032
143.252
208.926
111.126
178.899
28.3019
57.7062
230.035
120.603
79.6241
112.486
30.5941
281.768
210.791
112.787
212.198
195.88
182.661
135.695
133.6
161.22
204.944
130.698
215.801
57.9396
36.8782
37.0135
84.7231
3.60555
71.3863
27.5862
100.846
26.4764
75.2396
70.342
72.0278
83.3847
40.6079
57.5847
37.3631
86.3308
102.083
84.1724
109.343
85
83.8153
91.4166
97.7394
33.1361
26.5707
56.6039
30
90.5539
37.1214
120.95
71.3442
41.4005
122.809
162.89
106.005
154.434
64.9384
140.036
130.863
186.676
242.012
194.402
72.0625
185.003
122.972
177.003
83.5464
160.515
259.046
34.6554
72.7805
151.743
165.218
114.127
108.227
145.499
72.9178
132.484
94.3663
149.003
176.918
163.38
177.89
160.312
154.486
152.502
114.127
56.921
159.223
61.4003
144.903
59.6825
59.4643
90.9725
171.4
113.635
145.014
141.014
136.825
71.7008
133.24
187.609
140.801
202.872
192
60.4152
133.81
157.867
126.495
213.528
73.4098
176.695
188.884
99.2472
104.809
38.0132
147.231
203.806
104.01
208.01
154.842
118.152
180.025
210.052
197.687
128.763
212.361
149.003
184.946
109.49
198.436
195.829
183.33
199.565
170.179
194.743
181.025
171.563
145.661
154.353
137.713
133.754
155
146.168
117.903
171.607
176.465
194.648
171.237
219.021
120.54
219.18
86.093
83.4506
153.873
177.26
178.011
48.0937
164.012
86.4002
256.535
274.263
200.684
138.885
230.495
181.108
200.16
25.4951
199.842
282.2
38.2753
133.66
146.328
144.267
74.2496
125.016
111.732
68.1836
115.004
122.332
128.701
171.493
160.465
170.426
164.712
139.671
146.7
99.925
55.4437
172.818
68.469
166.075
46.0435
57.2189
113.534
178.997
94.8103
125.718
137.568
91.2634
93.2148
84.9058
155.666
203.295
107.168
194.987
99.2824
180.71
162.262
196.657
279.957
235.801
59.203
219.317
152.118
217.375
86.0349
197.669
298.786
50.8035
49.0408
192.416
203.855
146.441
149.616
180.754
111.252
171.143
135.326
187.489
217.793
204.365
218.589
201.658
194.01
193.145
152.869
94.0319
200.524
100.896
185.809
93.9149
96.7988
132.31
212.8
151.476
183.611
181.761
168.003
113.071
163.233
81.2219
216.816
133.282
57.8705
122.801
10.8167
276.279
227.684
135.093
193.838
204.402
180.854
151.222
105.423
169.838
225.577
106.024
195.533
78.2304
64.2573
9.43398
88.6172
28.4253
55.9017
43.2897
100.265
50.9902
99.4082
92.0489
96.8762
102.421
64.4981
78.1601
39.9625
67.0671
118.296
68.7314
121.198
63.1506
65.0077
89.8109
117.388
32.45
49.366
73.5459
16.1555
82.3468
17.6918
227.266
74.9466
110.68
72.45
87.0517
260.732
155.913
55.109
222.266
152.555
158.912
84.1724
178.709
119.474
147.526
162.111
230.495
12.3693
27.0185
87.1321
65.5134
60.208
93.6056
39.5601
85.9069
31.257
18.2483
14.2127
16.5529
30.4795
17.1172
11.4018
54.2033
111.288
52.0096
102.552
66.7083
115.209
108.467
81.2712
42.4382
59.0931
32
22.8473
87.4643
93.6483
94.1913
181.97
162.505
171.735
226.566
91.2853
236.205
235.688
50.9902
164.757
94.1754
198.91
186.604
159.862
266.056
139.607
68.9493
214.898
240.142
209.614
161.771
233.077
161.009
210.535
141.4
226.073
234.983
221.45
237.924
211.028
225.887
215.87
194.093
151.212
199.06
148.098
178.885
158.142
152.778
146.509
215.761
197.003
221.995
204.783
232.499
140.129
230.673
130.004
14.5602
142.706
195.208
97.0155
55.0818
193.052
77.666
96.5401
22.8035
203.121
44.7772
105.759
169.319
206.41
66.8431
100.802
134.629
53
124.016
110.041
93.4773
60.407
97.591
70.214
61.7171
74.9466
45.1885
86.5563
67.624
93.6216
123.329
24.0416
110.454
12.3693
132.061
121.202
66.2873
40.1995
101.237
95.5877
64.4438
145.619
87.6641
150.296
116.108
66.1211
230.341
226.497
154.042
136.235
185.744
143.837
152.082
73.437
153.844
234.132
52.4023
137.674
101.71
106.301
49.2544
77.0065
81.5414
20.0998
74.2496
75.9605
89.9389
127.424
115.412
127.028
117.987
98.4937
102.215
56.8507
12.2066
124.952
22.8254
118.017
5.38516
12.0416
66.4906
131.898
53.7587
86.3134
92.1303
72.111
47.5395
69.0652
132.608
191.065
110.454
63.9531
180.38
83.4506
90.3549
37.3631
189.024
48.9183
120.304
154.78
193.259
62.6099
96.6488
123.438
39.2046
116
96.2549
84.9588
45.8803
91.214
71.3442
60.6383
75.6637
45.2769
81.6333
63.5059
82.8553
109.115
27.8927
96.1873
7.28011
118
107.042
51.788
45.1221
90.4268
88.7299
58.0086
135.915
73.1642
140.132
286.937
236.315
141.693
202.356
214.618
191.669
160.078
106.794
180
233.002
112.009
203.376
85.3288
67.4685
17.0294
99.0858
29.4109
65.9697
50.9608
111.041
56.0089
105
98.732
102.078
110.114
70.0071
85.1587
50
76.0592
126.874
78.6448
130.736
71.2531
74.1687
100.603
124.952
42.638
55.0818
81.6088
6
93.0376
7.61577
209.251
249.159
142.271
141.315
101.833
203.376
270.148
156.349
245.978
221.326
160.078
249.195
280.672
271.074
199.902
285.24
222.272
257.154
181.463
269.981
262.275
250.721
266.423
236.212
265.198
250.186
244.444
218.156
218.009
210.775
198.023
227.178
218.833
190.421
235.053
249.562
266.317
241.174
292.426
193.941
292.576
105.119
263.433
72.1388
142.562
76.6551
299.082
82.5409
38.6394
262.101
280.016
152.971
182.65
230.08
149.656
213.86
206.7
185.521
153.118
185.149
142.302
141.905
147.054
127.475
171.767
153.405
189.011
219.057
109.444
206.039
109.33
228.219
217.113
161.003
113.649
196.563
184.318
154.871
238.439
182.025
243.92
242.39
120.54
151.585
47.5184
226.106
94.0479
92.6553
201.695
254.073
57.0088
80.0562
140.032
86.2148
115.317
134.629
92
102.533
86.3134
38.6264
43.0465
42.9535
36.0555
72.1803
57
102.259
151.288
37.2022
139.979
56.8243
157.664
148.647
103.711
23.0217
108.78
86.7006
63.7887
142.411
122.886
148.973
195.359
123.033
213.263
143.558
182.132
288.725
100.688
19.0263
210.202
229.652
185.456
159.531
214.758
140.812
197.649
140.663
214.086
233.437
219.545
235.44
212.455
217.083
211.092
179.689
126.89
205.244
128.098
186.869
131.137
129.124
142.172
220.411
180.693
209.976
199.459
208.346
128.95
205.061
72.4983
73.3757
253.492
34.7131
105.948
210.611
212.84
144.402
178.44
203.855
116.211
199.409
167.943
168.315
110.168
174.413
146.24
139.086
151.159
122.45
164.012
145.207
164.624
175.824
100.846
163.193
87.3212
185.946
174.568
120.341
114.543
172.003
172.073
141.113
218.332
138.235
222.002
109.252
200.823
66.4003
171.898
153.574
140.801
147.363
179.078
177.045
98.9798
186.215
130.969
156.952
81.8596
168.962
161.003
149.121
165.012
135.033
163.573
148.354
145.798
132.008
117.958
121.655
97.5141
142.127
131.795
91.7061
135.204
151.648
165.424
139.445
196.736
100.125
198.033
225.375
47.1699
82.9759
192.107
227.247
78.8162
111.126
153.444
75.2396
138.924
132.034
109.59
83.1685
110.941
74.6324
70.0071
79.6304
53.9073
98.4073
79.404
112.361
145.774
33.6155
132.966
34.1321
154.324
143.59
89.0505
42.8019
119.921
109.604
79.177
162.459
110.422
167.693
223.6
307.566
49.0408
135.074
171.47
167.908
96.6075
150.163
133.843
93.5361
139.556
146.578
152.689
196.469
185.658
195.256
190.158
164.128
171.817
125
80.025
198.283
93.0484
191.262
71.0634
82
138.13
204.475
119.62
149.883
162.865
111.036
117.427
104.062
107.005
183.025
198.177
110.675
144.803
169.499
81.9878
164.757
135.351
133.645
77.8845
140.089
114.826
106.452
119.616
89.9611
130.096
111.517
130
144.586
68.7095
131.7
53.2541
154.496
143.098
87.5957
83.9345
137.412
137.644
106.827
183.663
106.733
187.409
275.078
304.243
147.679
172.679
229.478
157.835
207.617
214.033
182.321
165.94
178.508
131.244
134.618
135.418
123.179
164.454
147.872
189.447
228.397
110.005
215.697
116.902
236.662
226.135
172.026
108.19
196.652
178.539
152.191
234.184
193.396
240.441
96.3328
152.411
158.701
96.6644
118.271
132.231
68.6003
126.59
109.49
142.341
178.216
165.584
178.219
166.003
150.655
153.003
108.931
51.0392
169.366
61.7171
158.398
47.3814
53.8238
103.078
178.899
106.151
138.708
142.302
117.652
81.7435
112.641
218.68
235.869
186.762
169.623
218.131
144.838
203.394
151.644
219.939
242.687
228.827
244.364
222.865
224.056
219.531
185.154
129.541
217.138
132.608
199.484
132.382
132.004
152.003
231.7
185.397
215.87
207.87
209.308
136.858
205.407
34.1321
83.0241
53.1507
60.9262
83.8153
35.0143
73.5459
32.249
25.807
14.3178
26.1725
25.4951
19.799
1
46.4866
101.4
45.4533
92.0217
57.4543
106
98.6002
68.9493
39.8497
52.3927
31.3847
10.8167
86.5852
81.8352
92.7631
72.0139
81.3019
38.3275
92.6499
32.7567
101.045
16.4012
41.4367
41.2311
37.3631
57.28
15.5242
33.2866
51.1077
109.859
78.5684
103.832
91.586
111.396
107.075
94.1329
69.4046
52.6308
20.2485
39.8497
66.4831
101.39
73.8241
87.6584
37.4833
49.3356
48.0937
97.591
57.8705
105.38
97.1288
103.16
106.381
70.8308
83.0542
41.1096
59.0339
121.05
61.8466
122.385
54.4518
57.1402
87
121.413
33.5261
55.7853
77.3175
23.0217
77.5242
21.5407
88.3233
57.0789
58.1808
20.3961
70.0928
74.2496
60.4152
76.6942
53.2635
66.0681
54.1295
49.5782
70.5762
51.4296
57.8705
41.1096
79.1012
68.3593
17.6918
63.2535
56.5685
66.4831
43.2897
103.238
37.1214
106.301
73.9797
31.1448
104.389
29.1204
77.5242
73.0821
74.1687
86.406
43.1741
60.5392
40.8044
88.6002
105.309
86.8332
112.805
86.9253
86.1278
94.921
100.658
36.3456
29.5466
59.9083
28.1603
93.771
35.5106
59.9083
57.7754
76.3217
109.622
97.0979
109.636
98.6154
82.9759
84.4038
41.6173
17.6918
104.924
13
98
23.0868
14.8661
47.7598
112.272
40.7185
72.4017
73.7835
71.8053
31.241
70.8378
75.6902
16.5529
57.7235
49.0408
55.9732
59.2284
24.6982
35
18.3576
77.201
76.1577
71.1196
82.0061
79.2086
74.4043
67.082
74.1485
20.6155
12.53
30.6757
52.9245
70.5762
58.5235
88.955
94.1541
80.4114
96.7988
71.8679
86.0058
74.5252
63.9531
66.9104
65.9469
53.9351
50.5371
76.6877
65.307
10.6301
80.0562
69.9714
85.1587
63.6396
115.802
29.1548
117.796
49.0102
43.9659
46.0977
57.7062
14.1421
31.7648
34.8855
93.4773
77.4209
87.6584
87.1149
95.0158
90.6973
81.1542
71.6938
36.2353
4.12311
33.3017
56.2228
86.4928
63.0317
13.8924
5
26.0768
35.0143
25.2389
71.5891
127.201
46.1736
117.686
64.6297
131.765
124.403
91.3017
31.9061
76.896
50.0899
36.1248
105.171
106.212
112.04
16.4924
16.6433
30.0832
14.1421
60.7289
114.547
38.2753
104.637
54.4059
119.57
111.772
77.4145
28.3019
66.7083
43.9318
23.3238
99.6393
92.4554
106.066
30.4138
32.3883
25.4558
70.7107
127.283
50.9215
118.14
69.0507
131.488
124.471
93.4719
36.8917
75.6439
47.5184
36.8782
102.02
107.648
109.005
44.6542
25.9422
67.1193
115.395
21.6333
104.317
38.6394
121.631
112.73
70.9366
15.0333
74.0068
56.8595
29.0689
111.683
88.6172
117.631
19.105
41.7253
100.568
65.192
93.2309
76.844
103.325
97.7446
79.511
58.1378
45.2217
15.1327
24.3516
70.3491
88.2553
77.1038
46.8188
102.005
46.0977
92.6984
58.3095
106.532
99.2018
69.8928
40.1622
52.6308
31.0161
11.6619
86.3481
82.6801
92.5743
59.0339
80.2309
52.7731
81.4371
61.6198
56.2228
54.231
82.0549
7.61577
30.8869
38.4708
53.8145
54
57.4282
120.333
13.0384
111.647
10.2956
2.82843
58.1378
128.693
57.4543
89.627
91.2634
82.0549
37.855
79.6304
108.157
20.6155
127.883
117.881
68.2642
17.2627
87.6641
76.0066
45.618
129.077
88.5494
134.48
98.8585
22.8035
11.4018
45.0999
117.201
52.811
83.6481
81.5659
84.5281
25
83.2406
120.204
109.458
55.3624
37.855
89.0505
84.8646
53.8145
133.776
76.6551
138.311
11.4018
67.6018
135.351
58.7963
91.351
96.2549
77.2334
47.8017
74.0068
56.3205
126.087
54.7083
86.8389
88.4816
80.1561
36.4005
77.9295
80.8084
59.9416
77.2334
58.5235
105.437
21.3776
107.299
89
71.1688
44.1022
126.384
99.8649
132.442
32.5576
45.0999
46.669
57.4282
50
31.1448
55.7315
82.3772
62.2896
83.5703
71.0211
89.1852
98.4886
7.61577
98.8838
