15
151.529
67.9412
202
220.783
894.043
919.224
914.077
897.539
897.322
935.155
942.811
962.366
967.125
997.97
130.863
72.0069
103.247
939.545
964.685
957.573
939.445
947.015
992.537
1004.1
991.536
1021.73
1053.41
158.808
169.956
959.02
984.232
978.806
962.015
962.851
1001.6
1009.63
1024.89
1033.31
1064.27
32.7567
1009.7
1034.8
1027.48
1009.2
1017.58
1063.7
1075.52
1059.48
1092.65
1124.37
1042.11
1067.22
1059.95
1041.7
1049.85
1095.69
1107.33
1092.21
1124.78
1156.47
25.2389
23
22.8035
27.313
91.444
119.52
121.314
98.7623
128.316
14.1421
32.7567
33.8378
82.6378
111.427
112.045
81.2219
108.416
20.1246
42.2019
96.4624
125.252
101.833
95.0842
121.598
49.7393
111.4
139.946
100.722
113.745
141.156
66.0303
93.3435
144.031
79.6492
110.982
28.7924
189.011
36.2215
63.5059
216.689
51.4296
67.0075
173.081
187.211
31.8904
