15
255.392
355.601
365.404
100.841
438.361
458.782
417.538
269.312
487.756
938.267
944.637
950.339
947.676
944.517
156.157
302.352
185.801
183.48
203.578
177.26
45.2769
240.859
827.14
835.934
836.398
833.022
832.366
198.806
318.127
191.51
182.387
93.0054
192.782
272.371
943.076
952.773
950.825
947.191
947.715
383.084
390.302
379.812
286.681
347.507
471.094
1126.49
1135.62
1135.18
1131.69
1131.5
360.601
385.603
361.199
186.462
400.706
843.854
850.631
855.551
852.77
849.975
36.1248
113.146
174.29
81.0062
772.001
782.368
778.409
774.603
776.093
94.3663
200.863
101.237
799.882
810.423
805.88
802.028
803.807
195.88
192.427
883.6
893.824
890.304
886.53
887.816
218.515
782.04
790.795
791.363
788.001
787.29
699.861
710.522
705.581
701.704
703.666
12.0416
15.2971
15.6525
7
20.5183
23.0217
13.4164
4.12311
8.544
9.89949
