15
41.0366
100.896
94.0479
129.387
475.232
370.601
526.818
363.266
516.939
165.952
133.645
219.493
222.104
127.812
68.1175
110.114
102.961
468.129
353.939
516.725
357.494
500.13
134.134
118.849
188.215
191.128
93.0591
177.553
137
513.639
388.104
558.001
405.889
531.836
151.288
166.964
200.861
204.318
110.145
114.865
391.472
303.117
446.285
279.322
446.839
156.311
88.8369
199.249
200.552
137.83
376.701
253.571
421.284
269.817
399.045
42.0119
41.0122
91.7061
93.9628
35.171
148.762
62.2896
112.254
126.669
371.878
349.803
340.896
337.551
406.592
175.824
99.7647
146.414
238.657
237.192
199.409
195.88
278.038
168.134
90.2497
411.661
397.877
375.033
371.528
449
190.683
270.44
240.085
248.091
245.12
301.573
380.938
383.6
336.43
332.824
421.751
74.2496
54.0833
57.0088
42.7551
110.887
112.004
75.6637
3.60555
96.1301
99.2472
