15
46.0435
129.838
21.1896
93.0215
55.0364
34.0588
123.568
172.743
196.207
362.989
390.591
352.512
440.596
410.234
103.586
26.1725
81.5414
28.3019
60
87.8237
147.648
203.836
319.006
344.693
308.294
400.481
366.087
112.272
46.4866
129.402
158.146
159.778
227.864
306.602
324.137
324.23
312.136
424.232
367.491
79.8123
43.1045
46.0977
110.164
165.048
203.769
345.036
370.667
334.368
425.34
392.154
109.836
125.096
158.474
224.243
282.857
354.384
362.05
342.66
448.896
399.371
51
68.542
122.201
177.2
310.103
342.286
299.933
385.648
357.459
112.929
150.864
162.2
358.504
393.005
348.662
428.981
405.882
68.0955
174.385
246.272
286.681
236.783
317.418
293.593
135.945
240.601
297.834
233.634
288.522
285.776
371.317
433.036
365.579
399.665
414.31
82.2922
12.1655
113.031
47.3814
79.6994
176.963
81.1234
124.338
57.8014
96.2133
