15
84.1724
138.6
121.631
102.416
951.572
904.262
1065.27
981.803
946.005
676.925
624.606
628.783
599.808
696.336
54.4518
37.6431
37.5766
867.71
820.6
981.4
898.23
862.427
606.199
547.249
553.087
531.06
623.157
17.2047
54.231
813.735
766.838
927.407
844.548
808.743
561.172
497.463
504.526
487.811
576.279
40.3113
830.925
784.041
944.595
861.752
825.947
573.266
511.595
518.106
499.151
589.15
859.908
813.797
973.44
891.696
855.911
576.515
522.22
526.639
500.297
594.939
51.8845
113.701
43.4166
30.4138
561.699
479.939
503.224
600.163
522.81
162.69
78.032
42.4853
544.45
455.281
480.002
576.888
506.859
90.05
123.6
647.223
576.102
597.369
693.354
607.067
35.805
605.083
522.551
546.074
643.05
566.22
578.838
493.009
517.139
614.138
540.545
116.726
89.6437
80.2621
40.7922
28.3019
122.053
101.237
97.0052
79.6241
111.759
