70
23.0868
47.2652
70.7107
93.5575
117.154
140.246
163.175
185.162
206.94
228.989
250.122
270.453
290.663
310.628
329.371
347.22
364.936
381.241
397.644
412.769
427.454
440.441
453.788
465.296
475.896
485.705
494.265
502.503
509.221
514.782
520.2
523.699
526.104
527.502
528
527.546
526.194
523.834
520.378
515.004
509.487
502.812
494.616
486.097
476.33
465.769
454.301
440.991
428.042
413.392
398.301
381.932
365.657
347.973
330.151
311.437
291.496
271.312
251.002
229.889
207.858
186.097
164.125
141.209
118.127
94.541
71.7008
48.2597
24.0832
24.1868
47.676
70.6116
94.3716
117.644
140.801
163.083
185.173
207.589
229.124
249.9
270.633
291.11
310.438
328.897
347.277
364.247
381.376
397.237
412.698
426.517
440.71
453.071
464.562
475.304
484.79
493.964
501.662
508.214
514.646
519.132
522.551
525
526.503
527.1
526.806
525.476
523.026
518.695
514.2
508.544
501.328
493.782
485.004
475.395
464.844
452.451
440.41
426.617
412.346
396.793
381.274
364.354
347.242
329.22
309.898
290.353
270.601
250.008
228.464
207.135
185.586
163.025
140.246
116.966
94.3398
71.0634
47
23.5372
46.5725
70.5195
93.984
117.388
139.989
162.413
185.219
207.183
228.432
249.722
270.74
290.691
309.793
328.877
346.55
364.446
381.083
397.363
412.061
427.142
440.402
452.832
464.557
475.016
485.173
493.903
501.496
508.993
514.514
519
522.551
525.108
526.806
527.623
527.371
525.974
522.736
519.312
514.721
508.532
502.004
494.259
485.643
476.051
464.617
453.522
440.623
427.207
412.507
397.775
381.65
365.275
347.973
329.296
310.413
291.239
271.184
250.146
229.264
208.147
185.952
163.487
140.513
118.106
95
71.0634
23.0868
47.1699
70.7743
94.3716
117.239
139.943
163.083
185.421
207.087
228.878
250.38
270.897
290.589
310.319
328.641
347.248
364.607
381.65
397.175
413.091
427.2
440.519
453.177
464.562
475.656
485.372
493.964
502.482
509
514.514
519.132
522.708
525.476
527.371
528.169
527.8
525.632
523.256
519.711
514.534
509.009
502.285
494.652
486.013
475.534
465.382
453.38
440.822
426.98
413.044
397.725
382.099
365.531
347.52
329.317
310.744
291.254
270.749
250.344
229.689
207.894
185.779
163.15
141
118.106
94.3398
24.1661
47.8539
71.5891
94.6678
117.597
141.014
163.67
185.699
207.933
229.863
250.89
271.118
291.44
310.358
329.621
347.651
365.407
381.708
398.408
413.319
427.481
441.026
453.296
465.285
475.946
485.499
495
502.482
508.993
514.646
519.216
523.026
525.974
527.8
528.441
527.327
525.985
523.474
519.3
514.771
509.063
502.412
494.726
485.207
476.001
464.904
453.216
440.247
427.121
412.626
397.77
381.958
364.638
347.144
329.201
310.306
290.369
270.476
250.32
228.965
207.241
185
163.15
140.513
116.966
23.7065
47.5079
70.7248
93.8136
117.444
140.357
162.69
185.311
207.617
229.107
249.826
270.697
290.176
310.061
328.732
347.174
364.232
381.698
397.398
412.393
426.821
439.974
452.86
464.475
475
485.499
493.964
501.496
508.214
513.806
518.695
522.736
525.632
527.327
527.32
527.064
525.643
522.532
519.062
514.437
508.836
502.173
493.69
485.507
475.395
464.656
452.642
440.409
426.825
412.826
397.859
381.32
364.627
347.403
329.196
309.919
290.629
271.065
250.242
229
207.241
185.779
163.487
140.246
23.8537
47.2017
70.4344
94.2603
117.414
140.036
163.028
185.691
207.625
228.817
250.218
270.237
290.723
310.015
329.12
346.914
365.121
381.587
397.394
412.681
426.695
440.454
453
464.475
475.946
485.372
493.903
501.662
508.257
514.2
519.312
523.256
525.985
527.064
527.873
527.523
525.458
523.027
519.466
514.898
509.243
501.781
494.604
485.463
475.661
464.591
453.239
440.556
427.403
413.272
397.508
381.608
365.099
347.574
328.956
310.266
291.29
271
250.242
228.965
207.894
185.952
163.025
23.4307
46.7547
70.7248
94.0691
116.932
140.246
163.218
185.551
207.171
229.059
249.578
270.623
290.496
310.227
328.722
347.635
364.837
381.425
397.544
412.393
427
440.454
452.86
465.285
475.656
485.173
493.964
501.552
508.544
514.721
519.711
523.474
525.643
527.523
528.252
527.243
525.863
523.381
519.862
515.233
508.815
502.667
494.523
485.685
475.59
465.151
453.402
441.128
427.87
412.921
397.854
382.099
365.301
347.386
329.342
311
291.29
271.065
250.32
229.689
208.147
185.586
23.3452
47.3814
70.8378
93.8616
117.414
140.616
163.267
185.238
207.531
228.473
250
270.379
290.661
309.782
329.328
347.196
364.497
381.379
397
412.393
426.695
439.974
453.296
464.562
475.016
484.79
493.328
501.328
508.532
514.534
519.3
522.532
525.458
527.243
527.274
526.932
525.518
523.041
519.434
514.062
508.945
501.807
493.944
484.839
475.329
464.536
453.168
440.811
426.71
412.511
397.549
381.518
364.351
347
329.342
310.266
290.629
270.476
250.344
229.264
207.135
24.0832
47.634
70.8025
94.578
117.992
140.943
163.248
185.93
207.28
229.271
250.14
270.956
290.689
310.85
329.369
347.369
365
381.379
397.544
412.681
426.821
441.026
453.177
464.557
475.304
484.784
493.782
502.004
509.009
514.771
519.062
523.027
525.863
526.932
527.623
527.274
525.837
523.252
518.927
514.84
508.709
501.825
493.712
485.136
475.303
464.844
453.393
440.148
426.823
412.662
397.408
381
364.351
347.386
328.956
309.919
290.369
270.749
250.146
228.464
23.6008
46.8722
70.8308
94.414
117.631
140.236
163.273
185
207.425
228.758
250.082
270.407
291.163
310.316
329
347.369
364.497
381.425
397.394
412.393
427.481
440.519
452.832
464.562
474.995
485.004
494.259
502.285
509.063
514.437
519.466
523.381
525.518
527.274
528.025
527.664
526.138
522.901
519.885
514.806
508.944
501.872
494.276
485.453
475.954
465.46
453.125
440.729
427.423
413
397.408
381.518
365.301
347.574
329.196
310.306
291.254
271.184
250.008
23.3238
47.4131
71.1126
94.541
117.393
140.73
162.782
185.586
207.328
229.107
249.97
271.266
291
310.316
329.369
347.196
364.837
381.587
397.398
413.319
427.2
440.402
453.071
464.415
475.395
485.643
494.652
502.412
508.836
514.898
519.862
523.041
525.837
527.664
528.358
527.873
525.709
523.749
519.711
514.864
508.827
502.207
494.393
485.853
476.319
464.901
453.441
441
427.423
412.662
397.549
382.099
365.099
347.403
329.201
310.744
291.239
270.601
24.1661
47.927
71.5122
94.5569
118.14
140.464
163.591
185.691
207.87
229.218
251
271.266
291.163
310.85
329.328
347.635
365.121
381.698
398.408
413.091
427.142
440.71
452.929
464.844
476.051
486.013
494.726
502.173
509.243
515.233
519.434
523.252
526.138
527.873
528.418
527.32
526.408
523.408
519.574
514.573
508.932
502.131
494.559
485.996
475.509
465
453.441
440.729
426.823
412.511
397.854
381.608
364.627
347.144
329.317
310.413
290.353
23.7697
47.4342
70.6045
94.3663
116.902
140.293
162.693
185.219
207
229.218
249.97
270.407
290.689
309.782
328.722
346.914
364.232
381.708
397.175
412.061
426.517
439.606
452.451
464.617
475.534
485.207
493.69
501.781
508.815
514.062
518.927
522.901
525.709
527.32
527.327
527.505
525.589
522.816
518.904
514.296
508.567
502.021
494.49
485
475.509
464.901
453.125
440.148
426.71
412.921
397.508
381.32
364.638
347.52
329.296
309.898
23.7697
47.0744
71.0211
93.771
117.427
140.129
163
185.219
207.87
229.107
250.082
270.956
290.661
310.227
329.12
347.174
365.407
381.65
397.363
412.698
426.645
440.41
453.522
465.382
476.001
485.507
494.604
502.667
508.945
514.84
519.885
523.749
526.408
527.505
528.751
527.902
526.173
523.33
519.736
515.058
509.519
503
494.49
485.996
476.319
465.46
453.393
440.811
427.87
413.272
397.859
381.958
365.531
347.973
329.22
23.3452
47.3814
70.2567
94.0851
117
140.129
162.693
185.691
207.328
228.758
250.14
270.379
290.496
310.015
328.732
347.651
364.607
381.083
397.237
411.987
426.617
440.623
453.38
464.904
475.395
485.463
494.523
501.807
508.709
514.806
519.711
523.408
525.589
527.902
528.123
527.444
525.681
523.116
519.509
515
509.519
502.021
494.559
485.853
475.954
464.844
453.168
441.128
427.403
412.826
397.77
382.099
365.275
347.242
24.0832
47.0425
71
94.0851
117.427
140.293
163.591
185.586
207.425
229.271
250
270.623
290.723
310.061
329.621
347.248
364.446
381.376
396.89
412.346
427.207
440.822
453.216
464.656
475.661
485.685
493.944
501.825
508.944
514.864
519.574
522.816
526.173
527.444
527.797
527.1
525.548
523
519.509
515.058
508.567
502.131
494.393
485.453
475.303
464.536
453.402
440.556
426.825
412.626
397.725
381.65
364.354
23
47.0425
70.2567
93.771
116.902
140.464
162.782
185
207.28
228.473
249.578
270.237
290.176
310.358
328.641
346.55
364.247
380.518
396.793
412.507
426.98
440.247
452.642
464.591
475.59
484.839
493.712
501.872
508.827
514.573
518.904
523.33
525.681
527.1
527.502
527
525.548
523.116
519.736
514.296
508.932
502.207
494.276
485.136
475.329
465.151
453.239
440.409
427.121
413.044
397.775
381.274
24.0832
47.3814
71.0211
94.3663
118.14
140.73
163.273
185.93
207.531
229.059
250.218
270.697
291.44
310.319
328.877
347.277
364.243
381.274
397.775
413.044
427.121
440.409
453.239
465.151
475.329
485.136
494.276
502.207
508.932
514.296
519.736
523.116
525.548
527
527.502
527.1
525.681
523.33
518.904
514.573
508.827
501.872
493.712
484.839
475.59
464.591
452.642
440.247
426.98
412.507
396.793
23.3452
47.0744
70.6045
94.5569
117.393
140.236
163.248
185.238
207.171
228.817
249.826
271.118
290.589
309.793
328.897
346.562
364.354
381.65
397.725
412.626
426.825
440.556
453.402
464.536
475.303
485.453
494.393
502.131
508.567
515.058
519.509
523
525.548
527.1
527.797
527.444
526.173
522.816
519.574
514.864
508.944
501.825
493.944
485.685
475.661
464.656
453.216
440.822
427.207
412.346
23.7697
47.4342
71.5122
94.541
117.631
140.943
163.267
185.551
207.625
229.107
250.89
270.897
290.691
310.438
328.746
347.242
365.275
382.099
397.77
412.826
427.403
441.128
453.168
464.844
475.954
485.853
494.559
502.021
509.519
515
519.509
523.116
525.681
527.444
528.123
527.902
525.589
523.408
519.711
514.806
508.709
501.807
494.523
485.463
475.395
464.904
453.38
440.623
426.617
23.7697
47.927
71.1126
94.414
117.992
140.616
163.218
185.691
207.617
229.863
250.38
270.74
291.11
310.04
329.22
347.973
365.531
381.958
397.859
413.272
427.87
440.811
453.393
465.46
476.319
485.996
494.49
503
509.519
515.058
519.736
523.33
526.173
527.902
528.751
527.505
526.408
523.749
519.885
514.84
508.945
502.667
494.604
485.507
476.001
465.382
453.522
440.41
24.1661
47.4131
70.8308
94.578
117.414
140.246
163.028
185.311
207.933
228.878
249.722
270.633
290.11
309.898
329.296
347.52
364.638
381.32
397.508
412.921
426.71
440.148
453.125
464.901
475.509
485
494.49
502.021
508.567
514.296
518.904
522.816
525.589
527.505
527.327
527.32
525.709
522.901
518.927
514.062
508.815
501.781
493.69
485.207
475.534
464.617
452.451
23.3238
46.8722
70.8025
93.8616
116.932
140.036
162.69
185.699
207.087
228.432
249.9
269.941
290.353
310.413
329.317
347.144
364.627
381.608
397.854
412.511
426.823
440.729
453.441
465
475.509
485.996
494.559
502.131
508.932
514.573
519.574
523.408
526.408
527.32
528.418
527.873
526.138
523.252
519.434
515.233
509.243
502.173
494.726
486.013
476.051
464.844
23.6008
47.634
70.8378
94.0691
117.414
140.357
163.67
185.421
207.183
229.124
249.648
270.601
291.239
310.744
329.201
347.403
365.099
382.099
397.549
412.662
427.423
441
453.441
464.901
476.319
485.853
494.393
502.207
508.827
514.864
519.711
523.749
525.709
527.873
528.358
527.664
525.837
523.041
519.862
514.898
508.836
502.412
494.652
485.643
475.395
24.0832
47.3814
70.7248
94.2603
117.444
141.014
163.083
185.219
207.589
228.554
250.008
271.184
291.254
310.306
329.196
347.574
365.301
381.518
397.408
413
427.423
440.729
453.125
465.46
475.954
485.453
494.276
501.872
508.944
514.806
519.885
522.901
526.138
527.664
528.025
527.274
525.518
523.381
519.466
514.437
509.063
502.285
494.259
485.004
23.3452
46.7547
70.4344
93.8136
117.597
139.943
162.413
185.173
206.545
228.464
250.146
270.749
290.369
309.919
328.956
347.386
364.351
381
397.408
412.662
426.823
440.148
453.393
464.844
475.303
485.136
493.712
501.825
508.709
514.84
518.927
523.252
525.837
527.274
527.623
526.932
525.863
523.027
519.062
514.771
509.009
502.004
493.782
23.4307
47.2017
70.7248
94.6678
117.239
139.989
163.083
184.808
207.135
229.264
250.344
270.476
290.629
310.266
329.342
347
364.351
381.518
397.549
412.511
426.71
440.811
453.168
464.536
475.329
484.839
493.944
501.807
508.945
514.062
519.434
523.041
525.518
526.932
527.274
527.243
525.458
522.532
519.3
514.534
508.532
501.328
23.8537
47.5079
71.5891
94.3716
117.388
140.801
162.865
185.586
208.147
229.689
250.32
271.065
291.29
311
329.342
347.386
365.301
382.099
397.854
412.921
427.87
441.128
453.402
465.151
475.59
485.685
494.523
502.667
508.815
515.233
519.862
523.381
525.863
527.243
528.252
527.523
525.643
523.474
519.711
514.721
508.544
23.7065
47.8539
70.7743
93.984
117.644
139.979
163.025
185.952
207.894
228.965
250.242
271
291.29
310.266
328.956
347.574
365.099
381.608
397.508
413.272
427.403
440.556
453.239
464.591
475.661
485.463
494.604
501.781
509.243
514.898
519.466
523.027
525.458
527.523
527.873
527.064
525.985
523.256
519.312
514.2
24.1661
47.1699
70.5195
94.3716
116.927
140.246
163.487
185.779
207.241
229
250.242
271.065
290.629
309.919
329.196
347.403
364.627
381.32
397.859
412.826
426.825
440.409
452.642
464.656
475.395
485.507
493.69
502.173
508.836
514.437
519.062
522.532
525.643
527.064
527.32
527.327
525.632
522.736
518.695
23.0868
46.5725
70.6116
93.3809
116.966
140.513
163.15
185
207.241
228.965
250.32
270.476
290.369
310.306
329.201
347.144
364.638
381.958
397.77
412.626
427.121
440.247
453.216
464.904
476.001
485.207
494.726
502.412
509.063
514.771
519.3
523.474
525.985
527.327
528.441
527.8
525.974
523.026
23.5372
47.676
70.5762
94.3398
118.106
141
163.15
185.779
207.894
229.689
250.344
270.749
291.254
310.744
329.317
347.52
365.531
382.099
397.725
413.044
426.98
440.822
453.38
465.382
475.534
486.013
494.652
502.285
509.009
514.534
519.711
523.256
525.632
527.8
528.169
527.371
525.476
24.1868
47.1699
71.0634
95
118.106
140.513
163.487
185.952
208.147
229.264
250.146
271.184
291.239
310.413
329.296
347.973
365.275
381.65
397.775
412.507
427.207
440.623
453.522
464.617
476.051
485.643
494.259
502.004
508.532
514.721
519.312
522.736
525.974
527.371
527.623
526.806
23.0217
47
71.0634
94.3398
116.966
140.246
163.025
185.586
207.135
228.464
250.008
270.601
290.353
309.898
329.22
347.242
364.354
381.274
396.793
412.346
426.617
440.41
452.451
464.844
475.395
485.004
493.782
501.328
508.544
514.2
518.695
523.026
525.476
526.806
527.1
24.0208
48.1664
71.5681
94.3663
117.903
140.943
163.817
185.744
207.466
229.456
250.529
270.801
290.945
310.85
329.528
347.315
364.966
381.21
397.549
412.611
427.234
440.157
453.442
464.889
475.429
485.177
493.68
501.862
508.523
514.029
519.394
522.843
525.198
526.547
24.1868
47.676
70.6116
94.3716
117.644
140.801
163.083
185.173
207.589
229.124
249.9
270.633
291.11
310.438
328.897
347.277
364.247
381.376
397.237
412.698
426.517
440.71
453.071
464.562
475.304
484.79
493.964
501.662
508.214
514.646
519.132
522.551
525
23.5372
46.5725
70.5195
93.984
117.388
139.989
162.413
185.219
207.183
228.432
249.722
270.74
290.691
309.793
328.877
346.55
364.446
381.083
397.363
412.061
427.142
440.402
452.832
464.557
475.016
485.173
493.903
501.496
508.993
514.514
519
522.551
23.0868
47.1699
70.7743
94.3716
117.239
139.943
163.083
185.421
207.087
228.878
250.38
270.897
290.589
310.319
328.641
347.248
364.607
381.65
397.175
413.091
427.2
440.519
453.177
464.562
475.656
485.372
493.964
502.482
509
514.514
519.132
24.1661
47.8539
71.5891
94.6678
117.597
141.014
163.67
185.699
207.933
229.863
250.89
271.118
291.44
310.358
329.621
347.651
365.407
381.708
398.408
413.319
427.481
441.026
453.296
465.285
475.946
485.499
495
502.482
508.993
514.646
23.7065
47.5079
70.7248
93.8136
117.444
140.357
162.69
185.311
207.617
229.107
249.826
270.697
290.176
310.061
328.732
347.174
364.232
381.698
397.398
412.393
426.821
439.974
452.86
464.475
475
485.499
493.964
501.496
508.214
23.8537
47.2017
70.4344
94.2603
117.414
140.036
163.028
185.691
207.625
228.817
250.218
270.237
290.723
310.015
329.12
346.914
365.121
381.587
397.394
412.681
426.695
440.454
453
464.475
475.946
485.372
493.903
501.662
23.4307
46.7547
70.7248
94.0691
116.932
140.246
163.218
185.551
207.171
229.059
249.578
270.623
290.496
310.227
328.722
347.635
364.837
381.425
397.544
412.393
427
440.454
452.86
465.285
475.656
485.173
493.964
23.3452
47.3814
70.8378
93.8616
117.414
140.616
163.267
185.238
207.531
228.473
250
270.379
290.661
309.782
329.328
347.196
364.497
381.379
397
412.393
426.695
439.974
453.296
464.562
475.016
484.79
24.0832
47.634
70.8025
94.578
117.992
140.943
163.248
185.93
207.28
229.271
250.14
270.956
290.689
310.85
329.369
347.369
365
381.379
397.544
412.681
426.821
441.026
453.177
464.557
475.304
23.6008
46.8722
70.8308
94.414
117.631
140.236
163.273
185
207.425
228.758
250.082
270.407
291.163
310.316
329
347.369
364.497
381.425
397.394
412.393
427.481
440.519
452.832
464.562
23.3238
47.4131
71.1126
94.541
117.393
140.73
162.782
185.586
207.328
229.107
249.97
271.266
291
310.316
329.369
347.196
364.837
381.587
397.398
413.319
427.2
440.402
453.071
24.1661
47.927
71.5122
94.5569
118.14
140.464
163.591
185.691
207.87
229.218
251
271.266
291.163
310.85
329.328
347.635
365.121
381.698
398.408
413.091
427.142
440.71
23.7697
47.4342
70.6045
94.3663
116.902
140.293
162.693
185.219
207
229.218
249.97
270.407
290.689
309.782
328.722
346.914
364.232
381.708
397.175
412.061
426.517
23.7697
47.0744
71.0211
93.771
117.427
140.129
163
185.219
207.87
229.107
250.082
270.956
290.661
310.227
329.12
347.174
365.407
381.65
397.363
412.698
23.3452
47.3814
70.2567
94.0851
117
140.129
162.693
185.691
207.328
228.758
250.14
270.379
290.496
310.015
328.732
347.651
364.607
381.083
397.237
24.0832
47.0425
71
94.0851
117.427
140.293
163.591
185.586
207.425
229.271
250
270.623
290.723
310.061
329.621
347.248
364.446
381.376
23
47.0425
70.2567
93.771
116.902
140.464
162.782
185
207.28
228.473
249.578
270.237
290.176
310.358
328.641
346.55
364.247
24.0832
47.3814
71.0211
94.3663
118.14
140.73
163.273
185.93
207.531
229.059
250.218
270.697
291.44
310.319
328.877
347.277
23.3452
47.0744
70.6045
94.5569
117.393
140.236
163.248
185.238
207.171
228.817
249.826
271.118
290.589
309.793
328.897
23.7697
47.4342
71.5122
94.541
117.631
140.943
163.267
185.551
207.625
229.107
250.89
270.897
290.691
310.438
23.7697
47.927
71.1126
94.414
117.992
140.616
163.218
185.691
207.617
229.863
250.38
270.74
291.11
24.1661
47.4131
70.8308
94.578
117.414
140.246
163.028
185.311
207.933
228.878
249.722
270.633
23.3238
46.8722
70.8025
93.8616
116.932
140.036
162.69
185.699
207.087
228.432
249.9
23.6008
47.634
70.8378
94.0691
117.414
140.357
163.67
185.421
207.183
229.124
24.0832
47.3814
70.7248
94.2603
117.444
141.014
163.083
185.219
207.589
23.3452
46.7547
70.4344
93.8136
117.597
139.943
162.413
185.173
23.4307
47.2017
70.7248
94.6678
117.239
139.989
163.083
23.8537
47.5079
71.5891
94.3716
117.388
140.801
23.7065
47.8539
70.7743
93.984
117.644
24.1661
47.1699
70.5195
94.3716
23.0868
46.5725
70.6116
23.5372
47.676
24.1868
