70
5.09902
11.1803
17.2627
22.561
27.8927
33.5261
39.2173
44.9444
50.1597
55.9017
60.4152
65.5134
69.8928
75
79.6492
84.2912
88.3912
91.9674
96.4261
100.424
103.228
107.07
110.277
113.177
115.395
118.309
120.553
121.758
123.227
124.952
125.936
127.142
127.475
128.098
128
128.141
127.566
127.279
126.115
125.172
123.491
122.066
120.905
118.701
115.832
113.649
110.788
107.615
103.812
101.045
97.0824
92.6553
89.1067
85.0412
80.4301
75.8024
70.7248
66.3702
61.2944
56.7979
51.0784
45.8803
40.1622
34.4819
28.8617
23.5372
18.2483
12.1655
6.08276
6.08276
12.1655
17.4642
22.8035
28.4605
34.176
39.9249
45.1885
51
55.5698
60.7454
65.215
70.4344
75.1665
79.9312
84.1724
87.8635
92.4554
96.6075
99.5691
103.586
106.944
110.023
112.401
115.521
117.953
119.369
121.05
122.984
124.169
125.575
126.143
127
127.098
127.475
127.142
127.098
126.147
125.419
123.968
122.776
121.852
119.867
117.239
115.248
112.606
109.622
106.042
103.479
99.7246
95.483
92.0978
88.2383
83.8153
79.3221
74.4312
70.2353
65.307
60.9262
55.3624
50.2892
44.643
39.0512
33.541
28.2843
23.0868
17.0294
11
6.08276
11.4018
16.7631
22.4722
28.2312
34.0147
39.3573
45.2769
49.93
55.2178
59.8164
65.192
70.0357
74.9667
79.3977
83.2406
88.0057
92.358
95.5249
99.7647
103.315
106.621
109.202
112.579
115.248
116.927
118.87
121.062
122.495
124.145
125
126.143
126.479
127.142
127.098
127.346
126.649
126.178
125
124.085
123.438
121.709
119.365
117.597
115.209
112.446
109.124
106.794
103.276
99.2472
96.0469
92.4175
88.2043
83.863
79.177
75.1532
70.3847
66.1287
60.7289
55.7853
50.2195
44.7214
39.3192
34.1321
29.0172
23
17.0294
5.38516
10.7703
16.5529
22.3607
28.178
33.6155
39.6611
44.4072
49.8197
54.5619
60.1082
65.0692
70.1783
74.8131
78.8162
83.7616
88.3233
91.7061
96.1769
99.925
103.465
106.254
109.895
112.805
114.756
116.966
119.419
121.103
123
124.145
125.575
126.151
127.098
127.346
127.883
127.44
127.224
126.317
125.674
125.3
123.822
121.758
120.208
118.068
115.521
112.45
110.345
107.056
103.233
100.21
96.7988
92.7847
88.5889
84.0952
80.2309
75.6108
71.4703
66.2193
61.3922
55.9017
50.4876
45.1774
40.05
35
29.0172
23.0868
5.38516
11.1803
17
22.8254
28.3019
34.4093
39.2046
44.6878
49.5177
55.1725
60.208
65.437
70.214
74.3303
79.404
84.119
87.6641
92.3093
96.2081
99.93
102.883
106.733
109.836
112.009
114.438
117.107
119
121.103
122.495
124.169
124.952
126.147
126.649
127.44
127.224
127.236
126.574
126.178
126.052
124.808
123.004
121.659
119.754
117.414
114.586
112.699
109.636
106.019
103.175
99.985
96.1769
92.1358
87.8465
84.1546
79.6994
75.6902
70.6116
65.9242
60.531
55.2268
50.04
45
40.05
34.1321
28.2843
5.83095
11.6619
17.4929
23.0217
29.2062
34.0588
39.6232
44.5533
50.3289
55.4437
60.803
65.7343
69.9714
75.1798
80.0562
83.7735
88.6002
92.6553
96.566
99.6895
103.755
107.056
109.458
112.112
115
117.107
119.419
121.062
122.984
123.976
125.419
126.178
127.224
127.236
127.475
127.059
126.909
127.028
126.016
124.471
123.329
121.655
119.52
116.932
115.256
112.414
109
106.33
103.354
99.7447
95.8541
91.7606
88.2326
83.9345
80.05
75.1332
70.5762
65.2763
60.075
55
50.04
45.1774
39.3192
33.541
5.83095
11.6619
17.2047
23.4307
28.3196
33.9411
38.9487
44.8219
50
55.4707
60.5392
64.8845
70.214
75.2396
79.1202
84.119
88.3233
92.4175
95.7079
99.985
103.484
106.118
109
112.112
114.438
116.966
118.87
121.05
122.262
123.968
125
126.317
126.574
127.059
126.909
127.028
127.413
126.657
125.399
124.483
123.069
121.165
118.849
117.414
114.826
111.647
109.179
106.452
103.078
99.368
95.5092
92.1792
88.0738
84.3445
79.6304
75.2396
70.0643
65
60.075
55.2268
50.4876
44.7214
39.0512
5.83095
11.4018
17.6918
22.6274
28.3196
33.4215
39.4081
44.6542
50.2494
55.4707
59.9333
65.3911
70.5762
74.6324
79.8123
84.1724
88.459
91.9239
96.421
100.125
103
106.118
109.458
112.009
114.756
116.927
119.369
120.806
122.776
124.085
125.674
126.178
126.909
127.028
127.413
128.062
127.562
126.59
125.897
124.74
123.065
121.017
119.817
117.478
114.529
112.259
109.772
106.626
103.092
99.4585
96.3172
92.3959
88.8144
84.2912
80.0562
75
70.0643
65.2763
60.531
55.9017
50.2195
44.643
5.65685
12.0416
17.0294
22.8035
28.0179
34.1321
39.4462
45.1774
50.5668
55.1543
60.7454
66.0984
70.342
75.71
80.2309
84.7172
88.3629
93.086
97
100.125
103.484
107.056
109.836
112.805
115.248
117.953
119.616
121.852
123.438
125.3
126.052
127.028
127.413
128.062
128.973
128.725
128.035
127.562
126.657
125.208
123.422
122.45
120.354
117.631
115.551
113.296
110.368
107.005
103.586
100.623
96.8762
93.4345
89.0898
85
80.0562
75.2396
70.5762
65.9242
61.3922
55.7853
50.2892
6.40312
11.4018
17.2047
22.4722
28.6531
34
39.8121
45.31
49.98
55.6597
61.131
65.5134
71.0211
75.6637
80.3057
84.0952
89
93.086
96.421
99.985
103.755
106.733
109.895
112.579
115.521
117.388
119.867
121.709
123.822
124.808
126.016
126.657
127.562
128.725
128.725
128.316
128.062
127.413
126.194
124.68
123.944
122.102
119.62
117.745
115.741
113.053
109.882
106.705
103.947
100.404
97.1288
93
89.0898
84.2912
79.6304
75.1332
70.6116
66.2193
60.7289
55.3624
5
10.8167
16.1245
22.3607
27.7308
33.6155
39.2173
43.9659
49.7293
55.3173
59.8415
65.4905
70.2567
75.06
79
84.0952
88.3629
91.9239
95.7079
99.6895
102.883
106.254
109.202
112.401
114.495
117.239
119.365
121.758
123.004
124.471
125.399
126.59
128.035
128.316
128.226
128.222
127.863
126.909
125.706
125.24
123.693
121.491
119.854
118.14
115.732
112.787
109.895
107.378
104.077
101
97.1288
93.4345
88.8144
84.3445
80.05
75.6902
71.4703
66.1287
60.9262
5.83095
11.1803
17.4642
22.8473
28.7924
34.4819
39.2938
45.1221
50.8035
55.4437
61.2046
66.0681
71
75.06
80.3057
84.7172
88.459
92.4175
96.566
99.93
103.465
106.621
110.023
112.294
115.248
117.597
120.208
121.659
123.329
124.483
125.897
127.562
128.062
128.222
128.413
128.281
127.534
126.574
126.317
125
123.016
121.565
120.075
117.886
115.117
112.446
110.114
107
104.077
100.404
96.8762
92.3959
88.0738
83.9345
79.6994
75.6108
70.3847
65.307
5.38516
11.7047
17.088
23.0868
28.8617
33.7343
39.6232
45.3982
50.1597
56.0357
61
66.0681
70.2567
75.6637
80.2309
84.1724
88.3233
92.6553
96.2081
99.925
103.315
106.944
109.417
112.606
115.209
118.068
119.754
121.655
123.069
124.74
126.657
127.413
127.863
128.281
128.413
127.91
127.236
127.224
126.178
124.455
123.223
122
120.071
117.516
115.109
113
110.114
107.378
103.947
100.623
96.3172
92.1792
88.2326
84.1546
80.2309
75.1532
70.2353
6.32456
11.7047
17.72
23.5372
28.4429
34.3657
40.1995
45.0444
51
56.0357
61.2046
65.4905
71.0211
75.71
79.8123
84.119
88.6002
92.3093
96.1769
99.7647
103.586
106.231
109.622
112.446
115.521
117.414
119.52
121.165
123.065
125.208
126.194
126.909
127.534
127.91
127.632
127.224
127.44
126.649
125.172
124.149
123.179
121.499
119.151
117
115.109
112.446
109.895
106.705
103.586
99.4585
95.5092
91.7606
87.8465
84.0952
79.177
74.4312
5.38516
11.4018
17.2627
22.2036
28.1603
34.0588
39
45.0444
50.1597
55.4437
59.8415
65.5134
70.342
74.6324
79.1202
83.7735
87.6641
91.7061
95.5249
99.5691
102.416
106.042
109.124
112.45
114.586
116.932
118.849
121.017
123.422
124.68
125.706
126.574
127.236
127.224
127.13
127.613
127.122
125.936
125.16
124.487
123.102
121
119.151
117.516
115.117
112.787
109.882
107.005
103.092
99.368
95.8541
92.1358
88.5889
83.863
79.3221
6.08276
12.0416
17.0294
23.0217
29
34.0588
40.1995
45.3982
50.8035
55.3173
61.131
66.0984
70.5762
75.2396
80.0562
84.119
88.3233
92.358
96.6075
99.6393
103.479
106.794
110.345
112.699
115.256
117.414
119.817
122.45
123.944
125.24
126.317
127.224
127.44
127.613
128.32
128.082
127.142
126.57
126.143
125
123.102
121.499
120.071
117.886
115.732
113.053
110.368
106.626
103.078
99.7447
96.1769
92.7847
88.2043
83.8153
6
11
17
23.0217
28.1603
34.3657
39.6232
45.1221
49.7293
55.6597
60.7454
65.3911
70.214
75.1798
79.404
83.7616
88.0057
92.4554
95.6713
99.7246
103.276
107.056
109.636
112.414
114.826
117.478
120.354
122.102
123.693
125
126.178
126.649
127.122
128.082
128.133
127.475
127.142
127
126.143
124.487
123.179
122
120.075
118.14
115.741
113.296
109.772
106.452
103.354
99.985
96.7988
92.4175
88.2383
5
11
17.0294
22.2036
28.4429
33.7343
39.2938
43.9659
49.98
55.1543
59.9333
64.8845
69.9714
74.3303
78.8162
83.2406
87.8635
91.2414
95.483
99.2472
103.233
106.019
109
111.647
114.529
117.631
119.62
121.491
123.016
124.455
125.172
125.936
127.142
127.475
127.098
127
127.142
126.57
125.16
124.149
123.223
121.565
119.854
117.745
115.551
112.259
109.179
106.33
103.175
100.21
96.0469
92.0978
6
12.0416
17.2627
23.5372
28.8617
34.4819
39.2173
45.31
50.5668
55.4707
60.5392
65.7343
70.214
74.8131
79.3977
84.1724
87.6926
92.0978
96.0469
100.21
103.175
106.33
109.179
112.259
115.551
117.745
119.854
121.565
123.223
124.149
125.16
126.57
127.142
127
127.098
127.475
127.142
125.936
125.172
124.455
123.016
121.491
119.62
117.631
114.529
111.647
109
106.019
103.233
99.2472
95.483
6.08276
11.4018
17.72
23.0868
28.7924
33.6155
39.8121
45.1774
50.2494
55.4707
60.803
65.437
70.1783
74.9667
79.9312
83.6301
88.2383
92.4175
96.7988
99.985
103.354
106.452
109.772
113.296
115.741
118.14
120.075
122
123.179
124.487
126.143
127
127.142
127.475
128.133
128.082
127.122
126.649
126.178
125
123.693
122.102
120.354
117.478
114.826
112.414
109.636
107.056
103.276
99.7246
5.38516
11.7047
17.088
22.8473
27.7308
34
39.4462
44.6542
50
55.4437
60.208
65.0692
70.0357
75.1665
79.0253
83.8153
88.2043
92.7847
96.1769
99.7447
103.078
106.626
110.368
113.053
115.732
117.886
120.071
121.499
123.102
125
126.143
126.57
127.142
128.082
128.32
127.613
127.44
127.224
126.317
125.24
123.944
122.45
119.817
117.414
115.256
112.699
110.345
106.794
103.479
6.32456
11.7047
17.4642
22.3607
28.6531
34.1321
39.4081
44.8219
50.3289
55.1725
60.1082
65.192
70.4344
74.4043
79.3221
83.863
88.5889
92.1358
95.8541
99.368
103.092
107.005
109.882
112.787
115.117
117.516
119.151
121
123.102
124.487
125.16
125.936
127.122
127.613
127.13
127.224
127.236
126.574
125.706
124.68
123.422
121.017
118.849
116.932
114.586
112.45
109.124
106.042
5.38516
11.1803
16.1245
22.4722
28.0179
33.4215
38.9487
44.5533
49.5177
54.5619
59.8164
65.215
69.3397
74.4312
79.177
84.0952
87.8465
91.7606
95.5092
99.4585
103.586
106.705
109.895
112.446
115.109
117
119.151
121.499
123.179
124.149
125.172
126.649
127.44
127.224
127.632
127.91
127.534
126.909
126.194
125.208
123.065
121.165
119.52
117.414
115.521
112.446
109.622
5.83095
10.8167
17.2047
22.8035
28.3196
33.9411
39.6232
44.6878
49.8197
55.2178
60.7454
65
70.2353
75.1532
80.2309
84.1546
88.2326
92.1792
96.3172
100.623
103.947
107.378
110.114
113
115.109
117.516
120.071
122
123.223
124.455
126.178
127.224
127.236
127.91
128.413
128.281
127.863
127.413
126.657
124.74
123.069
121.655
119.754
118.068
115.209
112.606
5
11.4018
17.0294
22.6274
28.3196
34.0588
39.2046
44.4072
49.93
55.5698
59.9416
65.307
70.3847
75.6108
79.6994
83.9345
88.0738
92.3959
96.8762
100.404
104.077
107
110.114
112.446
115.117
117.886
120.075
121.565
123.016
125
126.317
126.574
127.534
128.281
128.413
128.222
128.062
127.562
125.897
124.483
123.329
121.659
120.208
117.597
115.248
6.40312
12.0416
17.6918
23.4307
29.2062
34.4093
39.6611
45.2769
51
55.4617
60.9262
66.1287
71.4703
75.6902
80.05
84.3445
88.8144
93.4345
97.1288
101
104.077
107.378
109.895
112.787
115.732
118.14
119.854
121.491
123.693
125.24
125.706
126.909
127.863
128.222
128.226
128.316
128.035
126.59
125.399
124.471
123.004
121.758
119.365
117.239
5.65685
11.4018
17.2047
23.0217
28.3019
33.6155
39.3573
45.1885
49.7695
55.3624
60.7289
66.2193
70.6116
75.1332
79.6304
84.2912
89.0898
93
97.1288
100.404
103.947
106.705
109.882
113.053
115.741
117.745
119.62
122.102
123.944
124.68
126.194
127.413
128.062
128.316
128.725
128.725
127.562
126.657
126.016
124.808
123.822
121.709
119.867
5.83095
11.6619
17.4929
22.8254
28.178
34.0147
39.9249
44.5982
50.2892
55.7853
61.3922
65.9242
70.5762
75.2396
80.0562
85
89.0898
93.4345
96.8762
100.623
103.586
107.005
110.368
113.296
115.551
117.631
120.354
122.45
123.422
125.208
126.657
127.562
128.035
128.725
128.973
128.062
127.413
127.028
126.052
125.3
123.438
121.852
5.83095
11.6619
17
22.3607
28.2312
34.176
38.8973
44.643
50.2195
55.9017
60.531
65.2763
70.0643
75
80.0562
84.2912
88.8144
92.3959
96.3172
99.4585
103.092
106.626
109.772
112.259
114.529
117.478
119.817
121.017
123.065
124.74
125.897
126.59
127.562
128.062
127.413
127.028
126.909
126.178
125.674
124.085
122.776
5.83095
11.1803
16.5529
22.4722
28.4605
33.2415
39.0512
44.7214
50.4876
55.2268
60.075
65
70.0643
75.2396
79.6304
84.3445
88.0738
92.1792
95.5092
99.368
103.078
106.452
109.179
111.647
114.826
117.414
118.849
121.165
123.069
124.483
125.399
126.657
127.413
127.028
126.909
127.059
126.574
126.317
125
123.968
5.38516
10.7703
16.7631
22.8035
27.6586
33.541
39.3192
45.1774
50.04
55
60.075
65.2763
70.5762
75.1332
80.05
83.9345
88.2326
91.7606
95.8541
99.7447
103.354
106.33
109
112.414
115.256
116.932
119.52
121.655
123.329
124.471
126.016
127.028
126.909
127.059
127.475
127.236
127.224
126.178
125.419
5.38516
11.4018
17.4642
22.3607
28.2843
34.1321
40.05
45
50.04
55.2268
60.531
65.9242
70.6116
75.6902
79.6994
84.1546
87.8465
92.1358
96.1769
99.985
103.175
106.019
109.636
112.699
114.586
117.414
119.754
121.659
123.004
124.808
126.052
126.178
126.574
127.236
127.224
127.44
126.649
126.147
6.08276
12.1655
17.1172
23.0868
29.0172
35
40.05
45.1774
50.4876
55.9017
61.3922
66.2193
71.4703
75.6108
80.2309
84.0952
88.5889
92.7847
96.7988
100.21
103.233
107.056
110.345
112.45
115.521
118.068
120.208
121.758
123.822
125.3
125.674
126.317
127.224
127.44
127.883
127.346
127.098
6.08276
11.0454
17.0294
23
29.0172
34.1321
39.3192
44.7214
50.2195
55.7853
60.7289
66.1287
70.3847
75.1532
79.177
83.863
88.2043
92.4175
96.0469
99.2472
103.276
106.794
109.124
112.446
115.209
117.597
119.365
121.709
123.438
124.085
125
126.178
126.649
127.346
127.098
127.142
5
11
17.0294
23.0868
28.2843
33.541
39.0512
44.643
50.2892
55.3624
60.9262
65.307
70.2353
74.4312
79.3221
83.8153
88.2383
92.0978
95.483
99.7246
103.479
106.042
109.622
112.606
115.248
117.239
119.867
121.852
122.776
123.968
125.419
126.147
127.098
127.142
127.475
6
12.0416
18.1108
23.3452
28.6356
34.2053
39.8497
45.5412
50.6952
56.3649
60.8276
65.8635
70.1783
75.213
79.8123
84.386
88.4138
91.9348
96.3328
100.265
103.005
106.78
109.932
112.77
114.935
117.784
119.971
121.116
122.528
124.197
125.132
126.289
126.57
127.142
6.08276
12.1655
17.4642
22.8035
28.4605
34.176
39.9249
45.1885
51
55.5698
60.7454
65.215
70.4344
75.1665
79.9312
84.1724
87.8635
92.4554
96.6075
99.5691
103.586
106.944
110.023
112.401
115.521
117.953
119.369
121.05
122.984
124.169
125.575
126.143
127
6.08276
11.4018
16.7631
22.4722
28.2312
34.0147
39.3573
45.2769
49.93
55.2178
59.8164
65.192
70.0357
74.9667
79.3977
83.2406
88.0057
92.358
95.5249
99.7647
103.315
106.621
109.202
112.579
115.248
116.927
118.87
121.062
122.495
124.145
125
126.143
5.38516
10.7703
16.5529
22.3607
28.178
33.6155
39.6611
44.4072
49.8197
54.5619
60.1082
65.0692
70.1783
74.8131
78.8162
83.7616
88.3233
91.7061
96.1769
99.925
103.465
106.254
109.895
112.805
114.756
116.966
119.419
121.103
123
124.145
125.575
5.38516
11.1803
17
22.8254
28.3019
34.4093
39.2046
44.6878
49.5177
55.1725
60.208
65.437
70.214
74.3303
79.404
84.119
87.6641
92.3093
96.2081
99.93
102.883
106.733
109.836
112.009
114.438
117.107
119
121.103
122.495
124.169
5.83095
11.6619
17.4929
23.0217
29.2062
34.0588
39.6232
44.5533
50.3289
55.4437
60.803
65.7343
69.9714
75.1798
80.0562
83.7735
88.6002
92.6553
96.566
99.6895
103.755
107.056
109.458
112.112
115
117.107
119.419
121.062
122.984
5.83095
11.6619
17.2047
23.4307
28.3196
33.9411
38.9487
44.8219
50
55.4707
60.5392
64.8845
70.214
75.2396
79.1202
84.119
88.3233
92.4175
95.7079
99.985
103.484
106.118
109
112.112
114.438
116.966
118.87
121.05
5.83095
11.4018
17.6918
22.6274
28.3196
33.4215
39.4081
44.6542
50.2494
55.4707
59.9333
65.3911
70.5762
74.6324
79.8123
84.1724
88.459
91.9239
96.421
100.125
103
106.118
109.458
112.009
114.756
116.927
119.369
5.65685
12.0416
17.0294
22.8035
28.0179
34.1321
39.4462
45.1774
50.5668
55.1543
60.7454
66.0984
70.342
75.71
80.2309
84.7172
88.3629
93.086
97
100.125
103.484
107.056
109.836
112.805
115.248
117.953
6.40312
11.4018
17.2047
22.4722
28.6531
34
39.8121
45.31
49.98
55.6597
61.131
65.5134
71.0211
75.6637
80.3057
84.0952
89
93.086
96.421
99.985
103.755
106.733
109.895
112.579
115.521
5
10.8167
16.1245
22.3607
27.7308
33.6155
39.2173
43.9659
49.7293
55.3173
59.8415
65.4905
70.2567
75.06
79
84.0952
88.3629
91.9239
95.7079
99.6895
102.883
106.254
109.202
112.401
5.83095
11.1803
17.4642
22.8473
28.7924
34.4819
39.2938
45.1221
50.8035
55.4437
61.2046
66.0681
71
75.06
80.3057
84.7172
88.459
92.4175
96.566
99.93
103.465
106.621
110.023
5.38516
11.7047
17.088
23.0868
28.8617
33.7343
39.6232
45.3982
50.1597
56.0357
61
66.0681
70.2567
75.6637
80.2309
84.1724
88.3233
92.6553
96.2081
99.925
103.315
106.944
6.32456
11.7047
17.72
23.5372
28.4429
34.3657
40.1995
45.0444
51
56.0357
61.2046
65.4905
71.0211
75.71
79.8123
84.119
88.6002
92.3093
96.1769
99.7647
103.586
5.38516
11.4018
17.2627
22.2036
28.1603
34.0588
39
45.0444
50.1597
55.4437
59.8415
65.5134
70.342
74.6324
79.1202
83.7735
87.6641
91.7061
95.5249
99.5691
6.08276
12.0416
17.0294
23.0217
29
34.0588
40.1995
45.3982
50.8035
55.3173
61.131
66.0984
70.5762
75.2396
80.0562
84.119
88.3233
92.358
96.6075
6
11
17
23.0217
28.1603
34.3657
39.6232
45.1221
49.7293
55.6597
60.7454
65.3911
70.214
75.1798
79.404
83.7616
88.0057
92.4554
5
11
17.0294
22.2036
28.4429
33.7343
39.2938
43.9659
49.98
55.1543
59.9333
64.8845
69.9714
74.3303
78.8162
83.2406
87.8635
6
12.0416
17.2627
23.5372
28.8617
34.4819
39.2173
45.31
50.5668
55.4707
60.5392
65.7343
70.214
74.8131
79.3977
84.1724
6.08276
11.4018
17.72
23.0868
28.7924
33.6155
39.8121
45.1774
50.2494
55.4707
60.803
65.437
70.1783
74.9667
79.9312
5.38516
11.7047
17.088
22.8473
27.7308
34
39.4462
44.6542
50
55.4437
60.208
65.0692
70.0357
75.1665
6.32456
11.7047
17.4642
22.3607
28.6531
34.1321
39.4081
44.8219
50.3289
55.1725
60.1082
65.192
70.4344
5.38516
11.1803
16.1245
22.4722
28.0179
33.4215
38.9487
44.5533
49.5177
54.5619
59.8164
65.215
5.83095
10.8167
17.2047
22.8035
28.3196
33.9411
39.6232
44.6878
49.8197
55.2178
60.7454
5
11.4018
17.0294
22.6274
28.3196
34.0588
39.2046
44.4072
49.93
55.5698
6.40312
12.0416
17.6918
23.4307
29.2062
34.4093
39.6611
45.2769
51
5.65685
11.4018
17.2047
23.0217
28.3019
33.6155
39.3573
45.1885
5.83095
11.6619
17.4929
22.8254
28.178
34.0147
39.9249
5.83095
11.6619
17
22.3607
28.2312
34.176
5.83095
11.1803
16.5529
22.4722
28.4605
5.38516
10.7703
16.7631
22.8035
5.38516
11.4018
17.4642
6.08276
12.1655
6.08276
