70
1
1.41421
1.41421
2.23607
2.23607
3.16228
3.60555
3.60555
4.47214
5
5.83095
6.40312
6.40312
7.07107
7.07107
7.81025
7.81025
8.60233
8.60233
9.43398
9.43398
10.2956
10.2956
11.1803
10.7703
11.7047
11.4018
11.4018
12.3693
12.1655
12.1655
12.0416
12.0416
12
12
12.0416
12.1655
12.1655
12.3693
12.3693
12.6491
11.7047
11.7047
12.083
11.1803
11.6619
10.8167
10.8167
10
10
9.21954
9.21954
8.48528
8.48528
7.81025
7.81025
7.2111
7.2111
6.7082
5.83095
5.38516
4.47214
4.47214
4.12311
3.16228
3.16228
2.23607
2.23607
1.41421
1
1
2
2
3
3.16228
3.16228
4.12311
4.47214
5.38516
5.83095
5.83095
6.40312
6.40312
7.07107
7.07107
7.81025
7.81025
8.60233
8.60233
9.43398
9.43398
10.2956
9.84886
10.7703
10.4403
10.4403
11.4018
11.1803
11.1803
11.0454
11.0454
11
11
11.0454
11.1803
11.1803
11.4018
11.4018
11.7047
10.7703
10.7703
11.1803
10.2956
10.8167
10
10
9.21954
9.21954
8.48528
8.48528
7.81025
7.81025
7.2111
7.2111
6.7082
6.7082
6.32456
5.38516
5.09902
4.12311
4.12311
4
3
3
2
2
1
0
1
1
2
2.23607
2.23607
3.16228
3.60555
4.47214
5
5
5.65685
5.65685
6.40312
6.40312
7.2111
7.2111
8.06226
8.06226
8.94427
8.94427
9.84886
9.48683
10.4403
10.198
10.198
11.1803
11.0454
11.0454
11
11
11.0454
11.0454
11.1803
11.4018
11.4018
11.7047
11.7047
12.083
11.1803
11.1803
11.6619
10.8167
11.4018
10.6301
10.6301
9.89949
9.89949
9.21954
9.21954
8.60233
8.60233
8.06226
8.06226
7.61577
7.61577
7.28011
6.32456
6.08276
5.09902
5.09902
5
4
4
3
3
2
1
1
2
2.23607
2.23607
3.16228
3.60555
4.47214
5
5
5.65685
5.65685
6.40312
6.40312
7.2111
7.2111
8.06226
8.06226
8.94427
8.94427
9.84886
9.48683
10.4403
10.198
10.198
11.1803
11.0454
11.0454
11
11
11.0454
11.0454
11.1803
11.4018
11.4018
11.7047
11.7047
12.083
11.1803
11.1803
11.6619
10.8167
11.4018
10.6301
10.6301
9.89949
9.89949
9.21954
9.21954
8.60233
8.60233
8.06226
8.06226
7.61577
7.61577
7.28011
6.32456
6.08276
5.09902
5.09902
5
4
4
3
3
2
0
1
1.41421
1.41421
2.23607
2.82843
3.60555
4.24264
4.24264
5
5
5.83095
5.83095
6.7082
6.7082
7.61577
7.61577
8.544
8.544
9.48683
9.21954
10.198
10.0499
10.0499
11.0454
11
11
11.0454
11.0454
11.1803
11.1803
11.4018
11.7047
11.7047
12.083
12.083
12.53
11.6619
11.6619
12.2066
11.4018
12.0416
11.3137
11.3137
10.6301
10.6301
10
10
9.43398
9.43398
8.94427
8.94427
8.544
8.544
8.24621
7.28011
7.07107
6.08276
6.08276
6
5
5
4
4
3
1
1.41421
1.41421
2.23607
2.82843
3.60555
4.24264
4.24264
5
5
5.83095
5.83095
6.7082
6.7082
7.61577
7.61577
8.544
8.544
9.48683
9.21954
10.198
10.0499
10.0499
11.0454
11
11
11.0454
11.0454
11.1803
11.1803
11.4018
11.7047
11.7047
12.083
12.083
12.53
11.6619
11.6619
12.2066
11.4018
12.0416
11.3137
11.3137
10.6301
10.6301
10
10
9.43398
9.43398
8.94427
8.94427
8.544
8.544
8.24621
7.28011
7.07107
6.08276
6.08276
6
5
5
4
4
3
1
1
1.41421
2.23607
2.82843
3.60555
3.60555
4.47214
4.47214
5.38516
5.38516
6.32456
6.32456
7.28011
7.28011
8.24621
8.24621
9.21954
9.05539
10.0499
10
10
11
11.0454
11.0454
11.1803
11.1803
11.4018
11.4018
11.7047
12.083
12.083
12.53
12.53
13.0384
12.2066
12.2066
12.8062
12.0416
12.7279
12.0416
12.0416
11.4018
11.4018
10.8167
10.8167
10.2956
10.2956
9.84886
9.84886
9.48683
9.48683
9.21954
8.24621
8.06226
7.07107
7.07107
7
6
6
5
5
4
0
1
1.41421
2.23607
2.82843
2.82843
3.60555
3.60555
4.47214
4.47214
5.38516
5.38516
6.32456
6.32456
7.28011
7.28011
8.24621
8.06226
9.05539
9
9
10
10.0499
10.0499
10.198
10.198
10.4403
10.4403
10.7703
11.1803
11.1803
11.6619
11.6619
12.2066
11.4018
11.4018
12.0416
11.3137
12.0416
11.4018
11.4018
10.8167
10.8167
10.2956
10.2956
9.84886
9.84886
9.48683
9.48683
9.21954
9.21954
9.05539
8.06226
8
7
7
7.07107
6.08276
6.08276
5.09902
5.09902
4.12311
1
1.41421
2.23607
2.82843
2.82843
3.60555
3.60555
4.47214
4.47214
5.38516
5.38516
6.32456
6.32456
7.28011
7.28011
8.24621
8.06226
9.05539
9
9
10
10.0499
10.0499
10.198
10.198
10.4403
10.4403
10.7703
11.1803
11.1803
11.6619
11.6619
12.2066
11.4018
11.4018
12.0416
11.3137
12.0416
11.4018
11.4018
10.8167
10.8167
10.2956
10.2956
9.84886
9.84886
9.48683
9.48683
9.21954
9.21954
9.05539
8.06226
8
7
7
7.07107
6.08276
6.08276
5.09902
5.09902
4.12311
1
1.41421
2.23607
2.23607
3.16228
3.16228
4.12311
4.12311
5.09902
5.09902
6.08276
6.08276
7.07107
7.07107
8.06226
8
9
9.05539
9.05539
10.0499
10.198
10.198
10.4403
10.4403
10.7703
10.7703
11.1803
11.6619
11.6619
12.2066
12.2066
12.8062
12.0416
12.0416
12.7279
12.0416
12.8062
12.2066
12.2066
11.6619
11.6619
11.1803
11.1803
10.7703
10.7703
10.4403
10.4403
10.198
10.198
10.0499
9.05539
9
8
8
8.06226
7.07107
7.07107
6.08276
6.08276
5.09902
1
1.41421
1.41421
2.23607
2.23607
3.16228
3.16228
4.12311
4.12311
5.09902
5.09902
6.08276
6.08276
7.07107
7
8
8.06226
8.06226
9.05539
9.21954
9.21954
9.48683
9.48683
9.84886
9.84886
10.2956
10.8167
10.8167
11.4018
11.4018
12.0416
11.3137
11.3137
12.0416
11.4018
12.2066
11.6619
11.6619
11.1803
11.1803
10.7703
10.7703
10.4403
10.4403
10.198
10.198
10.0499
10.0499
10
9
9.05539
8.06226
8.06226
8.24621
7.28011
7.28011
6.32456
6.32456
5.38516
1
1
2
2
3
3
4
4
5
5
6
6
7
7.07107
8.06226
8.24621
8.24621
9.21954
9.48683
9.48683
9.84886
9.84886
10.2956
10.2956
10.8167
11.4018
11.4018
12.0416
12.0416
12.7279
12.0416
12.0416
12.8062
12.2066
13.0384
12.53
12.53
12.083
12.083
11.7047
11.7047
11.4018
11.4018
11.1803
11.1803
11.0454
11.0454
11
10
10.0499
9.05539
9.05539
9.21954
8.24621
8.24621
7.28011
7.28011
6.32456
0
1
1
2
2
3
3
4
4
5
5
6
6.08276
7.07107
7.28011
7.28011
8.24621
8.544
8.544
8.94427
8.94427
9.43398
9.43398
10
10.6301
10.6301
11.3137
11.3137
12.0416
11.4018
11.4018
12.2066
11.6619
12.53
12.083
12.083
11.7047
11.7047
11.4018
11.4018
11.1803
11.1803
11.0454
11.0454
11
11
11.0454
10.0499
10.198
9.21954
9.21954
9.48683
8.544
8.544
7.61577
7.61577
6.7082
1
1
2
2
3
3
4
4
5
5
6
6.08276
7.07107
7.28011
7.28011
8.24621
8.544
8.544
8.94427
8.94427
9.43398
9.43398
10
10.6301
10.6301
11.3137
11.3137
12.0416
11.4018
11.4018
12.2066
11.6619
12.53
12.083
12.083
11.7047
11.7047
11.4018
11.4018
11.1803
11.1803
11.0454
11.0454
11
11
11.0454
10.0499
10.198
9.21954
9.21954
9.48683
8.544
8.544
7.61577
7.61577
6.7082
0
1
1
2
2
3
3
4
4
5
5.09902
6.08276
6.32456
6.32456
7.28011
7.61577
7.61577
8.06226
8.06226
8.60233
8.60233
9.21954
9.89949
9.89949
10.6301
10.6301
11.4018
10.8167
10.8167
11.6619
11.1803
12.083
11.7047
11.7047
11.4018
11.4018
11.1803
11.1803
11.0454
11.0454
11
11
11.0454
11.0454
11.1803
10.198
10.4403
9.48683
9.48683
9.84886
8.94427
8.94427
8.06226
8.06226
7.2111
1
1
2
2
3
3
4
4
5
5.09902
6.08276
6.32456
6.32456
7.28011
7.61577
7.61577
8.06226
8.06226
8.60233
8.60233
9.21954
9.89949
9.89949
10.6301
10.6301
11.4018
10.8167
10.8167
11.6619
11.1803
12.083
11.7047
11.7047
11.4018
11.4018
11.1803
11.1803
11.0454
11.0454
11
11
11.0454
11.0454
11.1803
10.198
10.4403
9.48683
9.48683
9.84886
8.94427
8.94427
8.06226
8.06226
7.2111
0
1
1
2
2
3
3
4
4.12311
5.09902
5.38516
5.38516
6.32456
6.7082
6.7082
7.2111
7.2111
7.81025
7.81025
8.48528
9.21954
9.21954
10
10
10.8167
10.2956
10.2956
11.1803
10.7703
11.7047
11.4018
11.4018
11.1803
11.1803
11.0454
11.0454
11
11
11.0454
11.0454
11.1803
11.1803
11.4018
10.4403
10.7703
9.84886
9.84886
10.2956
9.43398
9.43398
8.60233
8.60233
7.81025
1
1
2
2
3
3
4
4.12311
5.09902
5.38516
5.38516
6.32456
6.7082
6.7082
7.2111
7.2111
7.81025
7.81025
8.48528
9.21954
9.21954
10
10
10.8167
10.2956
10.2956
11.1803
10.7703
11.7047
11.4018
11.4018
11.1803
11.1803
11.0454
11.0454
11
11
11.0454
11.0454
11.1803
11.1803
11.4018
10.4403
10.7703
9.84886
9.84886
10.2956
9.43398
9.43398
8.60233
8.60233
7.81025
0
1
1
2
2
3
3.16228
4.12311
4.47214
4.47214
5.38516
5.83095
5.83095
6.40312
6.40312
7.07107
7.07107
7.81025
8.60233
8.60233
9.43398
9.43398
10.2956
9.84886
9.84886
10.7703
10.4403
11.4018
11.1803
11.1803
11.0454
11.0454
11
11
11.0454
11.0454
11.1803
11.1803
11.4018
11.4018
11.7047
10.7703
11.1803
10.2956
10.2956
10.8167
10
10
9.21954
9.21954
8.48528
1
1
2
2
3
3.16228
4.12311
4.47214
4.47214
5.38516
5.83095
5.83095
6.40312
6.40312
7.07107
7.07107
7.81025
8.60233
8.60233
9.43398
9.43398
10.2956
9.84886
9.84886
10.7703
10.4403
11.4018
11.1803
11.1803
11.0454
11.0454
11
11
11.0454
11.0454
11.1803
11.1803
11.4018
11.4018
11.7047
10.7703
11.1803
10.2956
10.2956
10.8167
10
10
9.21954
9.21954
8.48528
0
1
1
2
2.23607
3.16228
3.60555
3.60555
4.47214
5
5
5.65685
5.65685
6.40312
6.40312
7.2111
8.06226
8.06226
8.94427
8.94427
9.84886
9.48683
9.48683
10.4403
10.198
11.1803
11.0454
11.0454
11
11
11.0454
11.0454
11.1803
11.1803
11.4018
11.4018
11.7047
11.7047
12.083
11.1803
11.6619
10.8167
10.8167
11.4018
10.6301
10.6301
9.89949
9.89949
9.21954
1
1
2
2.23607
3.16228
3.60555
3.60555
4.47214
5
5
5.65685
5.65685
6.40312
6.40312
7.2111
8.06226
8.06226
8.94427
8.94427
9.84886
9.48683
9.48683
10.4403
10.198
11.1803
11.0454
11.0454
11
11
11.0454
11.0454
11.1803
11.1803
11.4018
11.4018
11.7047
11.7047
12.083
11.1803
11.6619
10.8167
10.8167
11.4018
10.6301
10.6301
9.89949
9.89949
9.21954
0
1
1.41421
2.23607
2.82843
2.82843
3.60555
4.24264
4.24264
5
5
5.83095
5.83095
6.7082
7.61577
7.61577
8.544
8.544
9.48683
9.21954
9.21954
10.198
10.0499
11.0454
11
11
11.0454
11.0454
11.1803
11.1803
11.4018
11.4018
11.7047
11.7047
12.083
12.083
12.53
11.6619
12.2066
11.4018
11.4018
12.0416
11.3137
11.3137
10.6301
10.6301
10
1
1.41421
2.23607
2.82843
2.82843
3.60555
4.24264
4.24264
5
5
5.83095
5.83095
6.7082
7.61577
7.61577
8.544
8.544
9.48683
9.21954
9.21954
10.198
10.0499
11.0454
11
11
11.0454
11.0454
11.1803
11.1803
11.4018
11.4018
11.7047
11.7047
12.083
12.083
12.53
11.6619
12.2066
11.4018
11.4018
12.0416
11.3137
11.3137
10.6301
10.6301
10
1
1.41421
2.23607
2.23607
2.82843
3.60555
3.60555
4.47214
4.47214
5.38516
5.38516
6.32456
7.28011
7.28011
8.24621
8.24621
9.21954
9.05539
9.05539
10.0499
10
11
11.0454
11.0454
11.1803
11.1803
11.4018
11.4018
11.7047
11.7047
12.083
12.083
12.53
12.53
13.0384
12.2066
12.8062
12.0416
12.0416
12.7279
12.0416
12.0416
11.4018
11.4018
10.8167
1
1.41421
1.41421
2.23607
2.82843
2.82843
3.60555
3.60555
4.47214
4.47214
5.38516
6.32456
6.32456
7.28011
7.28011
8.24621
8.06226
8.06226
9.05539
9
10
10.0499
10.0499
10.198
10.198
10.4403
10.4403
10.7703
10.7703
11.1803
11.1803
11.6619
11.6619
12.2066
11.4018
12.0416
11.3137
11.3137
12.0416
11.4018
11.4018
10.8167
10.8167
10.2956
1
1
1.41421
2.23607
2.23607
3.16228
3.16228
4.12311
4.12311
5.09902
6.08276
6.08276
7.07107
7.07107
8.06226
8
8
9
9.05539
10.0499
10.198
10.198
10.4403
10.4403
10.7703
10.7703
11.1803
11.1803
11.6619
11.6619
12.2066
12.2066
12.8062
12.0416
12.7279
12.0416
12.0416
12.8062
12.2066
12.2066
11.6619
11.6619
11.1803
0
1
1.41421
1.41421
2.23607
2.23607
3.16228
3.16228
4.12311
5.09902
5.09902
6.08276
6.08276
7.07107
7
7
8
8.06226
9.05539
9.21954
9.21954
9.48683
9.48683
9.84886
9.84886
10.2956
10.2956
10.8167
10.8167
11.4018
11.4018
12.0416
11.3137
12.0416
11.4018
11.4018
12.2066
11.6619
11.6619
11.1803
11.1803
10.7703
1
1.41421
1.41421
2.23607
2.23607
3.16228
3.16228
4.12311
5.09902
5.09902
6.08276
6.08276
7.07107
7
7
8
8.06226
9.05539
9.21954
9.21954
9.48683
9.48683
9.84886
9.84886
10.2956
10.2956
10.8167
10.8167
11.4018
11.4018
12.0416
11.3137
12.0416
11.4018
11.4018
12.2066
11.6619
11.6619
11.1803
11.1803
10.7703
1
1
2
2
3
3
4
5
5
6
6
7
7.07107
7.07107
8.06226
8.24621
9.21954
9.48683
9.48683
9.84886
9.84886
10.2956
10.2956
10.8167
10.8167
11.4018
11.4018
12.0416
12.0416
12.7279
12.0416
12.8062
12.2066
12.2066
13.0384
12.53
12.53
12.083
12.083
11.7047
0
1
1
2
2
3
4
4
5
5
6
6.08276
6.08276
7.07107
7.28011
8.24621
8.544
8.544
8.94427
8.94427
9.43398
9.43398
10
10
10.6301
10.6301
11.3137
11.3137
12.0416
11.4018
12.2066
11.6619
11.6619
12.53
12.083
12.083
11.7047
11.7047
11.4018
1
1
2
2
3
4
4
5
5
6
6.08276
6.08276
7.07107
7.28011
8.24621
8.544
8.544
8.94427
8.94427
9.43398
9.43398
10
10
10.6301
10.6301
11.3137
11.3137
12.0416
11.4018
12.2066
11.6619
11.6619
12.53
12.083
12.083
11.7047
11.7047
11.4018
0
1
1
2
3
3
4
4
5
5.09902
5.09902
6.08276
6.32456
7.28011
7.61577
7.61577
8.06226
8.06226
8.60233
8.60233
9.21954
9.21954
9.89949
9.89949
10.6301
10.6301
11.4018
10.8167
11.6619
11.1803
11.1803
12.083
11.7047
11.7047
11.4018
11.4018
11.1803
1
1
2
3
3
4
4
5
5.09902
5.09902
6.08276
6.32456
7.28011
7.61577
7.61577
8.06226
8.06226
8.60233
8.60233
9.21954
9.21954
9.89949
9.89949
10.6301
10.6301
11.4018
10.8167
11.6619
11.1803
11.1803
12.083
11.7047
11.7047
11.4018
11.4018
11.1803
0
1
2
2
3
3
4
4.12311
4.12311
5.09902
5.38516
6.32456
6.7082
6.7082
7.2111
7.2111
7.81025
7.81025
8.48528
8.48528
9.21954
9.21954
10
10
10.8167
10.2956
11.1803
10.7703
10.7703
11.7047
11.4018
11.4018
11.1803
11.1803
11.0454
1
2
2
3
3
4
4.12311
4.12311
5.09902
5.38516
6.32456
6.7082
6.7082
7.2111
7.2111
7.81025
7.81025
8.48528
8.48528
9.21954
9.21954
10
10
10.8167
10.2956
11.1803
10.7703
10.7703
11.7047
11.4018
11.4018
11.1803
11.1803
11.0454
1
1
2
2
3
3.16228
3.16228
4.12311
4.47214
5.38516
5.83095
5.83095
6.40312
6.40312
7.07107
7.07107
7.81025
7.81025
8.60233
8.60233
9.43398
9.43398
10.2956
9.84886
10.7703
10.4403
10.4403
11.4018
11.1803
11.1803
11.0454
11.0454
11
0
1
1
2
2.23607
2.23607
3.16228
3.60555
4.47214
5
5
5.65685
5.65685
6.40312
6.40312
7.2111
7.2111
8.06226
8.06226
8.94427
8.94427
9.84886
9.48683
10.4403
10.198
10.198
11.1803
11.0454
11.0454
11
11
11.0454
1
1
2
2.23607
2.23607
3.16228
3.60555
4.47214
5
5
5.65685
5.65685
6.40312
6.40312
7.2111
7.2111
8.06226
8.06226
8.94427
8.94427
9.84886
9.48683
10.4403
10.198
10.198
11.1803
11.0454
11.0454
11
11
11.0454
0
1
1.41421
1.41421
2.23607
2.82843
3.60555
4.24264
4.24264
5
5
5.83095
5.83095
6.7082
6.7082
7.61577
7.61577
8.544
8.544
9.48683
9.21954
10.198
10.0499
10.0499
11.0454
11
11
11.0454
11.0454
11.1803
1
1.41421
1.41421
2.23607
2.82843
3.60555
4.24264
4.24264
5
5
5.83095
5.83095
6.7082
6.7082
7.61577
7.61577
8.544
8.544
9.48683
9.21954
10.198
10.0499
10.0499
11.0454
11
11
11.0454
11.0454
11.1803
1
1
1.41421
2.23607
2.82843
3.60555
3.60555
4.47214
4.47214
5.38516
5.38516
6.32456
6.32456
7.28011
7.28011
8.24621
8.24621
9.21954
9.05539
10.0499
10
10
11
11.0454
11.0454
11.1803
11.1803
11.4018
0
1
1.41421
2.23607
2.82843
2.82843
3.60555
3.60555
4.47214
4.47214
5.38516
5.38516
6.32456
6.32456
7.28011
7.28011
8.24621
8.06226
9.05539
9
9
10
10.0499
10.0499
10.198
10.198
10.4403
1
1.41421
2.23607
2.82843
2.82843
3.60555
3.60555
4.47214
4.47214
5.38516
5.38516
6.32456
6.32456
7.28011
7.28011
8.24621
8.06226
9.05539
9
9
10
10.0499
10.0499
10.198
10.198
10.4403
1
1.41421
2.23607
2.23607
3.16228
3.16228
4.12311
4.12311
5.09902
5.09902
6.08276
6.08276
7.07107
7.07107
8.06226
8
9
9.05539
9.05539
10.0499
10.198
10.198
10.4403
10.4403
10.7703
1
1.41421
1.41421
2.23607
2.23607
3.16228
3.16228
4.12311
4.12311
5.09902
5.09902
6.08276
6.08276
7.07107
7
8
8.06226
8.06226
9.05539
9.21954
9.21954
9.48683
9.48683
9.84886
1
1
2
2
3
3
4
4
5
5
6
6
7
7.07107
8.06226
8.24621
8.24621
9.21954
9.48683
9.48683
9.84886
9.84886
10.2956
0
1
1
2
2
3
3
4
4
5
5
6
6.08276
7.07107
7.28011
7.28011
8.24621
8.544
8.544
8.94427
8.94427
9.43398
1
1
2
2
3
3
4
4
5
5
6
6.08276
7.07107
7.28011
7.28011
8.24621
8.544
8.544
8.94427
8.94427
9.43398
0
1
1
2
2
3
3
4
4
5
5.09902
6.08276
6.32456
6.32456
7.28011
7.61577
7.61577
8.06226
8.06226
8.60233
1
1
2
2
3
3
4
4
5
5.09902
6.08276
6.32456
6.32456
7.28011
7.61577
7.61577
8.06226
8.06226
8.60233
0
1
1
2
2
3
3
4
4.12311
5.09902
5.38516
5.38516
6.32456
6.7082
6.7082
7.2111
7.2111
7.81025
1
1
2
2
3
3
4
4.12311
5.09902
5.38516
5.38516
6.32456
6.7082
6.7082
7.2111
7.2111
7.81025
0
1
1
2
2
3
3.16228
4.12311
4.47214
4.47214
5.38516
5.83095
5.83095
6.40312
6.40312
7.07107
1
1
2
2
3
3.16228
4.12311
4.47214
4.47214
5.38516
5.83095
5.83095
6.40312
6.40312
7.07107
0
1
1
2
2.23607
3.16228
3.60555
3.60555
4.47214
5
5
5.65685
5.65685
6.40312
1
1
2
2.23607
3.16228
3.60555
3.60555
4.47214
5
5
5.65685
5.65685
6.40312
0
1
1.41421
2.23607
2.82843
2.82843
3.60555
4.24264
4.24264
5
5
5.83095
1
1.41421
2.23607
2.82843
2.82843
3.60555
4.24264
4.24264
5
5
5.83095
1
1.41421
2.23607
2.23607
2.82843
3.60555
3.60555
4.47214
4.47214
5.38516
1
1.41421
1.41421
2.23607
2.82843
2.82843
3.60555
3.60555
4.47214
1
1
1.41421
2.23607
2.23607
3.16228
3.16228
4.12311
0
1
1.41421
1.41421
2.23607
2.23607
3.16228
1
1.41421
1.41421
2.23607
2.23607
3.16228
1
1
2
2
3
0
1
1
2
1
1
2
0
1
1
