70
30.0666
59.3043
89.9444
119.05
148.933
177.609
206.184
235.136
263.401
290.259
317.241
343.169
369.432
393.634
417.609
440.729
462.554
484.517
503.945
523.809
542.075
559.422
574.867
590.119
603.371
616.484
627.809
637.86
646.042
653.295
659.462
663.992
667.612
669.672
670
669.718
667.701
664.126
659.64
653.517
646.307
638.168
628.16
616.878
603.805
590.593
575.379
559.973
542.662
523.809
503.945
484.517
462.554
440.729
417.609
394.443
370.266
344.026
318.121
291.158
264.32
236.072
207.135
178.572
149.907
120.033
90.934
60.2993
31.0644
29.2746
60.0167
89.2693
119.369
148.314
177.2
206.545
235.262
262.652
290.176
316.735
343.639
368.57
393.315
417.279
439.932
462.836
483.203
504.063
523.367
541.765
558.355
574.739
589.173
603.464
616.032
627.36
636.806
645.329
652.823
658.648
663.634
667
668.673
669.784
669.081
666.885
663.712
658.939
653.028
646.184
637.493
627.498
615.652
603.675
589.652
575.453
559.258
541.479
522.69
504.279
483.343
462.431
440.247
417.972
394.62
369.121
343.949
317.63
291.433
263.746
235.315
207.171
178.885
149.345
120.503
90.0888
61
30.8058
60.1664
90.4434
119.616
148.772
178.466
207.589
235.468
263.486
290.63
318.127
343.74
369.207
393.966
417.398
441.192
462.45
484.257
504.549
523.948
541.635
559.103
574.672
590.093
603.858
616.417
627.083
636.834
645.611
652.69
659
663.634
666.616
669.081
669.658
668.809
666.917
663.465
658.825
653.251
645.851
637.122
626.486
615.725
602.876
589.869
574.781
558.069
540.348
522.947
503.036
483.037
461.79
440.409
417.885
393.137
368.709
343.048
317.503
290.395
262.488
234.787
206.903
177.722
149.164
119
90.0888
29.4109
59.808
89.1572
118.533
148.529
178.017
206.349
234.828
262.528
290.589
316.863
343.035
368.576
392.777
417.455
439.606
462.361
483.65
504.061
522.863
541.432
558.162
574.739
589.734
603.56
615.487
626.508
636.616
645
652.69
658.648
663.001
666.885
668.809
669.377
668.839
666.784
663.492
659.266
653.242
645.864
636.523
627.065
615.481
603.755
589.864
574.312
557.754
541.455
522.664
503.671
483.455
463.06
441.458
417.555
393.961
369.049
344.246
317.805
290.512
263.336
235.936
207.196
179
149.164
120.503
30.4631
59.9333
89.4707
119.708
149.496
178.216
207.087
235.274
263.828
290.691
317.493
343.74
368.637
394.119
417.085
440.71
462.915
484.258
504.096
523.687
541.498
559.151
575.296
590.31
603.421
615.637
627
636.616
645.611
652.823
658.478
663.712
666.917
668.839
669.592
668.875
666.875
663.944
659.242
653.165
645.078
636.878
626.521
616.037
603.312
588.891
573.47
558.249
540.56
522.556
503.359
483.938
463.249
440.192
417.433
393.276
369.221
343.46
316.796
290.167
263.274
235
207.196
177.722
149.345
29.5296
59.1692
89.5879
119.62
148.678
177.89
206.519
235.519
262.932
290.327
317.246
342.808
369.066
392.826
417.297
440.402
462.664
483.53
504.135
523.026
541.755
559.054
575.265
589.574
603
615.637
626.508
636.834
645.329
652.32
658.939
663.465
666.784
668.875
669.545
668.887
667.303
663.982
659.267
652.494
645.617
636.553
627.379
615.89
602.675
588.466
574.395
557.886
540.948
522.848
504.48
484.784
462.654
440.811
417.49
394.264
369.265
343.313
317.309
291
263.274
235.936
206.903
178.885
29.6816
60.2163
90.4268
119.754
149.241
178.241
207.617
235.51
263.427
290.945
317.101
344.061
368.543
393.788
417.72
440.829
462.65
484.198
504.099
523.834
542.219
559.559
575
589.574
603.421
615.487
627.083
636.806
645.078
653.028
658.825
663.492
666.875
668.887
669.533
669.257
667.281
663.895
658.411
652.828
645.036
637.151
626.882
614.86
601.854
588.926
573.593
557.721
540.72
523.408
504.714
483.526
462.612
440.148
417.77
393.559
368.348
343
317.309
290.167
263.336
234.787
207.171
30.6105
60.959
90.5207
120.241
149.576
179.287
207.625
236.028
264.11
290.826
318.454
343.629
369.616
394.346
418.274
441.026
463.492
484.381
505.099
524.549
543
559.559
575.265
590.31
603.56
616.417
627.36
636.908
646.184
653.251
659.266
663.944
667.303
669.257
670.297
669.675
667.63
663.449
659.175
652.672
646.091
637.064
626.259
614.479
602.718
588.588
573.81
557.936
541.709
524.047
503.835
483.885
462.313
440.819
417.433
393
368.348
343.313
316.796
290.512
262.488
235.315
30.4138
60.1415
90.0278
119.633
149.616
178.34
207.171
235.765
262.992
291.239
317.065
343.751
369.242
393.954
417.609
440.965
462.82
484.5
505
524.549
542.219
559.054
575.296
589.734
603.858
616.032
626.872
637.493
645.851
653.242
659.242
663.982
667.281
669.675
670.452
669.795
666.967
664.055
658.898
653.68
645.954
636.431
625.947
615.419
602.565
588.952
574.282
559.216
542.662
523.508
504.603
484.004
463.476
441
417.433
393.559
369.265
343.46
317.805
290.395
263.746
29.8329
59.8164
89.627
119.817
148.862
178.059
207.099
234.776
263.577
289.995
317.32
343.513
368.951
393.451
417.642
440.41
463
484.5
505.099
523.834
541.755
559.151
574.739
590.093
603.464
615.565
627.498
637.122
645.864
653.165
659.267
663.895
667.63
669.795
670.518
669.041
667.488
663.678
659.826
653.411
645.182
636.007
626.726
615.168
602.742
589.299
575.417
560.001
541.939
524.112
504.525
485
463.476
440.819
417.77
394.264
369.221
344.246
317.503
291.433
30
59.9083
90.2109
119.474
148.933
178.314
206.344
235.595
262.505
290.369
317.164
343.233
368.481
393.412
417
440.41
462.82
484.381
504.099
523.026
541.498
558.162
574.672
589.173
602.47
615.652
626.486
636.523
645.078
652.494
658.411
663.449
666.967
669.041
668.893
668.678
666.202
663.702
658.592
651.658
643.796
635.768
625.519
614.296
602.1
589.428
575.177
558.244
541.532
523
504.525
484.004
462.313
440.148
417.49
393.276
369.049
343.048
317.63
30.0167
60.4152
89.8999
119.62
149.345
177.725
207.425
234.83
263.23
290.629
317.328
343.328
369
393.412
417.642
440.965
463.492
484.198
504.135
523.687
541.432
559.103
574.739
589.238
603.675
615.725
627.065
636.878
645.617
652.828
659.175
664.055
667.488
668.678
669.807
668.674
667.533
663.738
658.108
651.568
644.802
635.869
625.859
614.919
603.461
590.384
574.589
559
541.532
524.112
504.603
483.885
462.612
440.811
417.433
393.961
368.709
343.949
30.4138
60.0083
89.8888
119.854
148.489
178.539
206.344
235.187
263.097
290.338
317
343.328
368.481
393.451
417.609
441.026
462.65
483.53
504.096
522.863
541.635
558.355
574.008
589.652
602.876
615.481
626.521
636.553
645.036
652.672
658.898
663.678
666.202
668.674
668.887
669.111
666.643
662.336
657.141
651.659
644.075
635.312
625.664
615.462
603.604
589
574.589
558.244
541.939
523.508
503.835
483.526
462.654
440.192
417.555
393.137
369.121
29.7321
59.7746
89.9889
118.878
149.282
177.496
206.785
235.213
263
290.338
317.328
343.233
368.951
393.954
418.274
440.829
462.664
484.258
504.061
523.948
541.765
558.588
575.453
589.869
603.755
616.037
627.379
637.151
646.091
653.68
659.826
663.702
667.533
669.111
670.715
669.592
666.627
662.795
658.614
652.396
644.895
636.557
627.625
617
603.604
590.384
575.177
560.001
542.662
524.047
504.714
484.784
463.249
441.458
417.885
394.62
30.0832
60.4152
89.4427
120.071
148.57
178.18
207
235.213
263.097
290.629
317.164
343.513
369.242
394.346
417.72
440.402
462.915
483.65
504.549
523.367
541.265
559.258
574.781
589.864
603.312
615.89
626.882
637.064
645.954
653.411
658.592
663.738
666.643
669.592
669.79
668.147
665.661
662.771
657.912
651.676
644.653
637
627.625
615.462
603.461
589.428
575.417
559.216
541.709
523.408
504.48
483.938
463.06
440.409
417.972
30.4138
59.5399
90.3549
119.105
149
178.18
206.785
235.187
263.23
290.369
317.32
343.751
369.616
393.788
417.297
440.71
462.361
484.257
504.063
523.027
542.137
558.759
575.035
589.644
603.457
615.669
627.092
637.29
646.063
652.559
659.027
663.272
667.578
669.111
668.809
667.69
666.108
662.632
657.685
652
645.652
637.553
626.655
615.903
603.075
590.263
575.233
558.872
541.639
523.749
504.239
484.314
462.624
441.056
29.1548
60.075
89
119.105
148.57
177.496
206.344
234.83
262.505
289.995
317.065
343.629
368.543
392.826
417.085
439.606
462.45
483.203
503.192
523.381
541.07
558.507
574.252
589.275
602.688
615.337
626.828
636.908
644.715
652.504
658.092
663.759
666.636
667.69
667.956
667.701
665.632
662
657.685
652.672
645.886
636.296
626.834
615.26
603.693
589.888
574.729
558.622
541.828
523.414
504.505
483.845
463.212
31
60.075
90.3549
120.071
149.282
178.539
207.425
235.595
263.577
291.239
318.454
344.061
369.066
394.119
417.455
441.192
462.836
483.793
505.001
523.699
542.236
559.057
575.23
589.784
603.598
616.319
627.645
636.704
645.752
652.623
659.589
663.754
666.108
667.701
668.719
668
665.632
662.632
658.903
653.38
645.05
636.834
626.47
616.105
603.485
589.489
574.474
558.745
541.394
523.474
503.817
484.096
29.1548
59.5399
89.4427
118.878
148.489
177.725
206.344
234.776
262.992
290.826
317.101
342.808
368.637
392.777
417.398
439.932
461.863
484.096
503.817
523.474
541.394
558.745
574.474
589.489
603.485
616.105
626.47
636.834
645.05
653.38
658.903
662.632
665.632
668
668.719
667.701
666.108
663.754
659.589
652.623
645.752
636.704
627.645
616.319
603.598
589.784
575.23
559.057
542.236
523.699
505.001
30.4138
60.4152
89.9889
119.854
149.345
178.314
207.099
235.765
264.11
290.945
317.246
343.74
368.576
393.966
417.279
440.069
463.212
483.845
504.505
523.414
541.828
558.622
574.729
589.888
603.693
615.26
626.834
636.296
645.886
652.672
657.685
662
665.632
667.701
667.956
667.69
666.636
663.759
658.092
652.504
644.715
636.908
626.828
615.337
602.688
589.275
574.252
558.507
541.07
523.381
30.0832
59.7746
89.8888
119.62
148.933
178.059
207.171
236.028
263.427
290.327
317.493
343.035
369.207
393.315
416.984
441.056
462.624
484.314
504.239
523.749
541.639
558.872
575.233
590.263
603.075
615.903
626.655
637.553
645.652
652
657.685
662.632
666.108
667.69
668.809
669.111
667.578
663.272
659.027
652.559
646.063
637.29
627.092
615.669
603.457
589.644
575.035
558.759
542.137
29.7321
60.0083
89.8999
119.474
148.862
178.34
207.625
235.51
262.932
290.691
316.863
343.74
368.57
393.046
417.972
440.409
463.06
483.938
504.48
523.408
541.709
559.216
575.417
589.428
603.461
615.462
627.625
637
644.653
651.676
657.912
662.771
665.661
668.147
669.79
669.592
666.643
663.738
658.592
653.411
645.954
637.064
626.882
615.89
603.312
589.864
574.781
559.258
30.4138
60.4152
90.2109
119.817
149.616
179.287
207.617
235.519
263.828
290.589
318.127
343.639
368.881
394.62
417.885
441.458
463.249
484.784
504.714
524.047
542.662
560.001
575.177
590.384
603.604
617
627.625
636.557
644.895
652.396
658.614
662.795
666.627
669.592
670.715
669.111
667.533
663.702
659.826
653.68
646.091
637.151
627.379
616.037
603.755
589.869
575.453
30.0167
59.9083
89.627
119.633
149.576
178.241
206.519
235.274
262.528
290.63
316.735
342.654
369.121
393.137
417.555
440.192
462.654
483.526
503.835
523.508
541.939
558.244
574.589
589
603.604
615.462
625.664
635.312
644.075
651.659
657.141
662.336
666.643
669.111
668.887
668.674
666.202
663.678
658.898
652.672
645.036
636.553
626.521
615.481
602.876
589.652
30
59.8164
90.0278
120.241
149.241
177.89
207.087
234.828
263.486
290.176
316.766
343.949
368.709
393.961
417.433
440.811
462.612
483.885
504.603
524.112
541.532
559
574.589
590.384
603.461
614.919
625.859
635.869
644.802
651.568
658.108
663.738
667.533
668.674
669.807
668.678
667.488
664.055
659.175
652.828
645.617
636.878
627.065
615.725
603.675
29.8329
60.1415
90.5207
119.754
148.678
178.216
206.349
235.468
262.652
289.822
317.63
343.048
369.049
393.276
417.49
440.148
462.313
484.004
504.525
523
541.532
558.244
575.177
589.428
602.1
614.296
625.519
635.768
643.796
651.658
658.592
663.702
666.202
668.678
668.893
669.041
666.967
663.449
658.411
652.494
645.078
636.523
626.486
615.652
30.4138
60.959
90.4268
119.62
149.496
178.017
207.589
235.262
263.008
291.433
317.503
344.246
369.221
394.264
417.77
440.819
463.476
485
504.525
524.112
541.939
560.001
575.417
589.299
602.742
615.168
626.726
636.007
645.182
653.411
659.826
663.678
667.488
669.041
670.518
669.795
667.63
663.895
659.267
653.165
645.864
637.122
627.498
30.6105
60.2163
89.5879
119.708
148.529
178.466
206.545
234.785
263.746
290.395
317.805
343.46
369.265
393.559
417.433
441
463.476
484.004
504.603
523.508
542.662
559.216
574.282
588.952
602.565
615.419
625.947
636.431
645.954
653.68
658.898
664.055
666.967
669.795
670.452
669.675
667.281
663.982
659.242
653.242
645.851
637.493
29.6816
59.1692
89.4707
118.533
148.772
177.2
205.876
235.315
262.488
290.512
316.796
343.313
368.348
393
417.433
440.819
462.313
483.885
503.835
524.047
541.709
557.936
573.81
588.588
602.718
614.479
626.259
637.064
646.091
652.672
659.175
663.449
667.63
669.675
670.297
669.257
667.303
663.944
659.266
653.251
646.184
29.5296
59.9333
89.1572
119.616
148.314
177.341
207.171
234.787
263.336
290.167
317.309
343
368.348
393.559
417.77
440.148
462.612
483.526
504.714
523.408
540.72
557.721
573.593
588.926
601.854
614.86
626.882
637.151
645.036
652.828
658.411
663.895
667.281
669.257
669.533
668.887
666.875
663.492
658.825
653.028
30.4631
59.808
90.4434
119.369
148.708
178.885
206.903
235.936
263.274
291
317.309
343.313
369.265
394.264
417.49
440.811
462.654
484.784
504.48
522.848
540.948
557.886
574.395
588.466
602.675
615.89
627.379
636.553
645.617
652.494
659.267
663.982
667.303
668.887
669.545
668.875
666.784
663.465
658.939
29.4109
60.1664
89.2693
118.87
149.345
177.722
207.196
235
263.274
290.167
316.796
343.46
369.221
393.276
417.433
440.192
463.249
483.938
503.359
522.556
540.56
558.249
573.47
588.891
603.312
616.037
626.521
636.878
645.078
653.165
659.242
663.944
666.875
668.875
669.592
668.839
666.917
663.712
30.8058
60.0167
89.8053
120.503
149.164
179
207.196
235.936
263.336
290.512
317.805
344.246
369.049
393.961
417.555
441.458
463.06
483.455
503.671
522.664
541.455
557.754
574.312
589.864
603.755
615.481
627.065
636.523
645.864
653.242
659.266
663.492
666.784
668.839
669.377
668.809
666.885
29.2746
59.2115
90.0888
119
149.164
177.722
206.903
234.787
262.488
290.395
317.503
343.048
368.709
393.137
417.885
440.409
461.79
483.037
503.036
522.947
540.348
558.069
574.781
589.869
602.876
615.725
626.486
637.122
645.851
653.251
658.825
663.465
666.917
668.809
669.658
669.081
30.0167
61
90.0888
120.503
149.345
178.885
207.171
235.315
263.746
291.433
317.63
343.949
369.121
394.62
417.972
440.247
462.431
483.343
504.279
522.69
541.479
559.258
575.453
589.652
603.675
615.652
627.498
637.493
646.184
653.028
658.939
663.712
666.885
669.081
669.784
31.0161
60.208
90.7965
119.854
149.683
178.306
206.828
235.722
263.928
290.723
317.648
343.513
369.716
393.855
416.984
440.069
461.863
483.793
503.192
523.027
541.853
559.14
574.521
589.713
602.904
615.959
627.224
637.217
645.343
652.543
658.656
663.136
666.705
668.719
29.2746
60.0167
89.2693
119.369
148.314
177.2
206.545
235.262
262.652
290.176
316.735
343.639
368.57
392.563
416.559
439.241
462.18
482.581
503.477
523.367
541.765
558.355
574.739
589.173
603.464
616.032
627.36
636.806
645.329
652.823
658.648
663.634
667
30.8058
60.1664
90.4434
119.616
148.772
178.466
207.589
235.468
263.486
290.63
318.127
343.74
368.485
393.276
416.74
440.569
461.863
483.707
504.549
523.948
541.635
559.103
574.672
590.093
603.858
616.417
627.083
636.834
645.611
652.69
659
663.634
29.4109
59.808
89.1572
118.533
148.529
178.017
206.349
234.828
262.528
290.589
316.863
342.345
367.92
392.154
416.869
439.056
461.85
483.65
504.061
522.863
541.432
558.162
574.739
589.734
603.56
615.487
626.508
636.616
645
652.69
658.648
30.4631
59.9333
89.4707
119.708
149.496
178.216
207.087
235.274
263.828
290.691
316.836
343.118
368.049
393.57
416.573
440.236
462.915
484.258
504.096
523.687
541.498
559.151
575.296
590.31
603.421
615.637
627
636.616
645.611
652.823
29.5296
59.1692
89.5879
119.62
148.678
177.89
206.519
235.519
262.932
289.705
316.661
342.257
368.555
392.353
416.864
440.402
462.664
483.53
504.135
523.026
541.755
559.054
575.265
589.574
603
615.637
626.508
636.834
645.329
29.6816
60.2163
90.4268
119.754
149.241
178.241
207.617
235.51
262.84
290.396
316.588
343.588
368.11
393.395
417.72
440.829
462.65
484.198
504.099
523.834
542.219
559.559
575
589.574
603.421
615.487
627.083
636.806
30.6105
60.959
90.5207
120.241
149.576
179.287
207.625
235.478
263.6
290.353
318.022
343.238
369.265
394.346
418.274
441.026
463.492
484.381
505.099
524.549
543
559.559
575.265
590.31
603.56
616.417
627.36
30.4138
60.1415
90.0278
119.633
149.616
178.34
206.662
235.296
262.56
290.849
316.716
343.444
369.242
393.954
417.609
440.965
462.82
484.5
505
524.549
542.219
559.054
575.296
589.734
603.858
616.032
29.8329
59.8164
89.627
119.817
148.862
177.589
206.671
234.386
263.23
289.689
317.057
343.513
368.951
393.451
417.642
440.41
463
484.5
505.099
523.834
541.755
559.151
574.739
590.093
603.464
30
59.9083
90.2109
119.474
148.499
177.924
205.993
235.287
262.24
290.147
317.164
343.233
368.481
393.412
417
440.41
462.82
484.381
504.099
523.026
541.498
558.162
574.672
589.173
30.0167
60.4152
89.8999
119.231
149
177.418
207.162
234.61
263.053
290.629
317.328
343.328
369
393.412
417.642
440.965
463.492
484.198
504.135
523.687
541.432
559.103
574.739
30.4138
60.0083
89.5377
119.549
148.223
178.317
206.167
235.053
263.097
290.338
317
343.328
368.481
393.451
417.609
441.026
462.65
483.53
504.096
522.863
541.635
558.355
29.7321
59.4811
89.7385
118.663
149.111
177.37
206.7
235.213
263
290.338
317.328
343.233
368.951
393.954
418.274
440.829
462.664
484.258
504.061
523.948
541.765
29.8329
60.208
89.2693
119.942
148.486
178.138
207
235.213
263.097
290.629
317.164
343.513
369.242
394.346
417.72
440.402
462.915
483.65
504.549
523.367
30.4138
59.5399
90.3549
119.105
149
178.138
206.7
235.053
263.053
290.147
317.057
343.444
369.265
393.395
416.864
440.236
461.85
483.707
503.477
29.1548
60.075
89
119.105
148.486
177.37
206.167
234.61
262.24
289.689
316.716
343.238
368.11
392.353
416.573
439.056
461.863
482.581
31
60.075
90.3549
119.942
149.111
178.317
207.162
235.287
263.23
290.849
318.022
343.588
368.555
393.57
416.869
440.569
462.18
29.1548
59.5399
89.2693
118.663
148.223
177.418
205.993
234.386
262.56
290.353
316.588
342.257
368.049
392.154
416.74
439.241
30.4138
60.208
89.7385
119.549
149
177.924
206.671
235.296
263.6
290.396
316.661
343.118
367.92
393.276
416.559
29.8329
59.4811
89.5377
119.231
148.499
177.589
206.662
235.478
262.84
289.705
316.836
342.345
368.485
392.563
29.7321
60.0083
89.8999
119.474
148.862
178.34
207.625
235.51
262.932
290.691
316.863
343.74
368.57
30.4138
60.4152
90.2109
119.817
149.616
179.287
207.617
235.519
263.828
290.589
318.127
343.639
30.0167
59.9083
89.627
119.633
149.576
178.241
206.519
235.274
262.528
290.63
316.735
30
59.8164
90.0278
120.241
149.241
177.89
207.087
234.828
263.486
290.176
29.8329
60.1415
90.5207
119.754
148.678
178.216
206.349
235.468
262.652
30.4138
60.959
90.4268
119.62
149.496
178.017
207.589
235.262
30.6105
60.2163
89.5879
119.708
148.529
178.466
206.545
29.6816
59.1692
89.4707
118.533
148.772
177.2
29.5296
59.9333
89.1572
119.616
148.314
30.4631
59.808
90.4434
119.369
29.4109
60.1664
89.2693
30.8058
60.0167
29.2746
