70
6.08276
13.1529
20.2237
27.4591
33.9559
40.5216
47.4342
53.8516
60.0083
66.6408
72.9452
78.5493
84.3149
90.802
96.0469
101.316
106.075
111.072
116.276
121.037
124.619
128.701
132.231
136
139.556
142.077
143.962
147.054
149.188
150.659
152.411
153.31
153.551
154.117
154
154.159
153.639
153.444
152.591
150.881
149.452
147.363
144.312
142.468
139.989
136.473
132.74
129.248
124.619
121.037
116.276
111.072
106.075
101.316
96.0469
90.802
85.1469
79.404
73.8241
67.5426
60.9262
54.7814
48.3839
41.4849
34.9285
28.4429
21.2132
14.1421
7.07107
7.07107
14.1421
21.3776
27.8927
34.4819
41.4367
47.927
54.1295
60.8276
67.2309
72.9452
78.8162
85.4283
90.7855
96.2081
101.139
106.301
111.665
116.606
120.37
124.68
128.413
132.382
136.165
138.928
141.039
144.368
146.758
148.476
150.473
151.648
152.161
153
153.118
153.551
153.31
153.395
152.83
151.38
150.217
148.408
145.619
144.028
141.824
138.571
135.074
131.826
127.44
124.085
119.553
114.56
109.786
105.262
100.21
95.1315
89.6939
84.119
78.721
72.6154
66.1287
60.0833
53.8516
47.0744
40.6079
34.2345
27.074
20.025
13
7.07107
14.3178
20.8806
27.5136
34.5398
41.1461
47.4131
54.2033
60.7454
66.6108
72.6223
79.3977
84.8999
90.5207
95.6713
101.045
106.607
111.772
115.763
120.354
124.338
128.55
132.608
135.665
138.051
141.662
144.361
146.373
148.661
150.163
151
152.161
152.555
153.31
153.395
153.805
153.574
152.427
151.568
150.083
147.597
146.294
144.402
141.45
138.221
135.248
131.137
128.035
123.762
119.004
114.477
110.209
105.394
100.499
95.2943
89.8999
84.6936
78.7718
72.4224
66.4831
60.4152
53.7587
47.3814
41.1096
34.0147
27
20.025
7.28011
13.9284
20.6155
27.7308
34.4819
40.8167
47.7074
54.4059
60.4401
66.6033
73.5527
79.2086
85.0412
90.4268
96.0208
101.789
107.187
111.414
116.297
120.54
125
129.341
132.699
135.366
139.262
142.274
144.586
147.167
149
150.163
151.648
152.319
153.395
153.805
154.538
154.638
153.792
153.235
152.069
149.883
148.862
147.275
144.617
141.651
138.946
135.104
132.246
128.222
123.693
119.403
115.378
110.788
106.066
101.079
95.8541
90.824
85.0706
78.848
73.0068
67.082
60.531
54.231
48.0416
41
34.0147
27.074
6.7082
13.4164
20.5913
27.4591
33.8378
40.8044
47.634
53.8145
60.1082
67.2086
73
79.0253
84.6286
90.4268
96.3846
102
106.452
111.615
116.108
120.806
125.419
129.074
132.019
136.195
139.517
142.127
145
147.167
148.661
150.473
151.427
152.83
153.574
154.638
155.081
154.548
154.305
153.473
151.605
150.881
149.616
147.272
144.589
142.172
138.622
136.029
132.28
128.004
123.976
120.221
115.884
111.36
106.621
101.592
96.7678
91.214
85.1469
79.4292
73.6817
67.2681
61.0737
55
48.0416
41.1096
34.2345
6.7082
13.8924
20.8087
27.2029
34.2053
41.1096
47.3814
53.7587
60.959
66.8431
73.0068
78.7718
84.7231
90.824
96.6075
101.237
106.626
111.319
116.211
121.05
124.952
128.133
132.544
136.132
139
142.127
144.586
146.373
148.476
149.683
151.38
152.427
153.792
154.548
154.305
154.353
153.834
152.266
151.822
150.864
148.822
146.414
144.278
141.014
138.683
135.207
131.187
127.424
123.944
119.867
115.551
111.072
106.254
101.651
96.3172
90.4268
84.8528
79.3095
73.0616
67
61.0737
54.231
47.3814
40.6079
7.2111
14.2127
20.6155
27.6586
34.6554
41.0366
47.5079
54.8179
60.803
67.1193
73.0616
79.177
85.4283
91.3893
96.2081
101.833
106.738
111.83
116.902
121.062
124.487
129.139
133
136.132
139.517
142.274
144.361
146.758
148.223
150.217
151.568
153.235
154.305
154.353
154.693
154.486
153.219
153.052
152.398
150.655
148.519
146.659
143.68
141.605
138.398
134.629
131.126
127.91
124.085
119.971
115.741
111.126
106.733
101.607
95.8853
90.4489
85.0941
79
73.0616
67.2681
60.531
53.7587
47.0744
7.07107
13.4536
20.5183
27.5862
34.0588
40.6079
48.0104
54.0833
60.5392
66.6483
72.9178
79.3095
85.44
90.4434
96.3016
101.415
106.705
112.009
116.43
120.104
125
129.139
132.544
136.195
139.262
141.662
144.368
146.103
148.408
150.083
152.069
153.473
153.834
154.486
154.616
153.675
153.808
153.483
152.069
150.233
148.678
146.014
144.222
141.315
137.83
134.618
131.7
128.16
124.278
120.333
115.953
111.803
106.921
101.4
96.1301
91
85.0941
79.3095
73.6817
67.082
60.4152
53.8516
6.40312
13.4536
20.5183
27.0185
33.6006
41.0488
47.1699
53.7122
59.9333
66.3099
72.8011
79.0569
84.2021
90.2441
95.5249
100.975
106.471
111.113
115
120.104
124.487
128.133
132.019
135.366
138.051
141.039
143.024
145.619
147.597
149.883
151.605
152.266
153.219
153.675
153.056
153.483
153.483
152.398
150.864
149.616
147.275
145.774
143.178
139.989
137.084
134.48
131.244
127.613
123.976
119.854
115.974
111.364
106.075
101
96.1301
90.4489
84.8528
79.4292
73.0068
66.4831
60.0833
7.07107
14.2127
20.8087
27.4591
34.9857
41.1825
47.8539
54.231
60.7454
67.3573
73.7631
79.0759
85.3288
90.7965
96.421
102.122
107
111.113
116.43
121.062
124.952
129.074
132.699
135.665
138.928
141.156
144.028
146.294
148.862
150.881
151.822
153.052
153.808
153.483
154.175
154.467
153.675
152.411
151.433
149.375
148.125
145.798
142.864
140.218
137.877
134.893
131.469
128.082
124.169
120.503
116.108
111
106.075
101.4
95.8853
90.4268
85.1469
78.848
72.4224
66.1287
7.2111
13.8924
20.5913
28.178
34.4384
41.2311
47.7598
54.4059
61.131
67.6831
73.1642
79.6304
85.2877
91.0879
97
102.122
106.471
112.009
116.902
121.05
125.419
129.341
132.608
136.165
138.654
141.824
144.402
147.275
149.616
150.864
152.398
153.483
153.483
154.467
155.081
154.616
153.652
152.977
151.238
150.27
148.246
145.602
143.252
141.209
138.514
135.329
132.231
128.561
125.144
121
116.108
111.364
106.921
101.607
96.3172
91.214
85.0706
78.7718
72.6154
6.7082
13.4164
21.0238
27.313
34.176
40.8044
47.5395
54.3415
61
66.6108
73.2462
79.0569
85
91.0879
96.421
100.975
106.705
111.83
116.211
120.806
125
128.55
132.382
135.118
138.571
141.45
144.617
147.272
148.822
150.655
152.069
152.398
153.675
154.616
154.486
153.834
153.473
152.069
151.397
149.696
147.363
145.331
143.611
141.23
138.311
135.532
132.136
129
125.144
120.503
115.974
111.803
106.733
101.651
96.7678
90.824
84.6936
78.721
6.7082
14.3178
20.6155
27.5136
34.2053
41
47.8539
54.5894
60.2993
67.0671
73
79.0569
85.2877
90.7965
95.5249
101.415
106.738
111.319
116.108
120.54
124.338
128.413
131.37
135.074
138.221
141.651
144.589
146.414
148.519
150.233
150.864
152.411
153.652
153.834
153.473
153.405
152.315
151.921
150.526
148.489
146.758
145.344
143.265
140.602
138.13
135
132.136
128.561
124.169
119.854
115.953
111.126
106.254
101.592
95.8541
89.8999
84.119
7.61577
13.9284
20.8806
27.6586
34.5254
41.4367
48.2597
54.0833
61
67.0671
73.2462
79.6304
85.3288
90.2441
96.3016
101.833
106.626
111.615
116.297
120.354
124.68
127.863
131.826
135.248
138.946
142.172
144.278
146.659
148.678
149.616
151.433
152.977
153.473
153.405
153.629
152.856
152.738
151.648
149.907
148.476
147.363
145.582
143.171
141
138.13
135.532
132.231
128.082
123.976
120.333
115.741
111.072
106.621
101.079
95.2943
89.6939
6.32456
13.3417
20.2237
27.1662
34.1321
41.0488
47
54.0833
60.2993
66.6108
73.1642
79.0759
84.2021
90.4434
96.2081
101.237
106.452
111.414
115.763
120.37
123.81
128.062
131.795
135.794
139.345
141.767
144.461
146.823
148.111
150.233
152.118
152.971
153.235
153.792
153.379
153.574
152.83
151.427
150.336
149.566
148.122
146
144.17
141.598
139.302
136.312
132.442
128.577
125.228
120.905
116.469
112.259
106.944
101.356
95.9635
7.07107
14.0357
21.0238
28.0179
35
41.0488
48.2597
54.5894
61
67.6831
73.7631
79.0569
85.44
91.3893
96.6075
102
107.187
111.772
116.606
120.254
124.74
128.725
132.966
136.781
139.463
142.411
145.055
146.632
149.003
151.169
152.315
152.856
153.688
153.574
154.029
153.574
152.453
151.648
151.162
150
148.122
146.578
144.257
142.215
139.488
135.857
132.197
129.097
125.004
120.768
116.765
111.647
106.231
101.02
7
14
21
28.0179
34.1321
41.4367
47.8539
54.3415
61.131
67.3573
72.8011
79.3095
85.4283
90.824
96.3846
101.789
106.607
111.665
115.521
120.241
124.483
128.973
133.06
136.015
139.23
142.172
144.059
146.697
149.164
150.632
151.476
152.611
152.83
153.574
153.444
152.643
152.161
152
151.162
149.566
148.354
146.328
144.586
142.172
138.827
135.418
132.62
128.81
124.824
121.078
116.211
111.018
106.042
7
14
21.0238
27.1662
34.5254
41
47.5395
54.4059
60.7454
66.3099
72.9178
79.177
84.7231
90.4268
96.0208
101.045
106.301
110.345
115.278
119.754
124.471
128.81
132.019
135.484
138.708
140.89
143.781
146.537
148.314
149.452
150.881
151.427
152.453
152.643
152.161
152
152.161
151.648
150.336
149.459
147.733
146.294
144.201
141.152
138.004
135.518
132.004
128.281
124.808
120.208
115.256
110.535
7
14.0357
20.2237
27.6586
34.2053
40.8044
47.7598
54.231
59.9333
66.6483
73.0616
78.7718
84.6286
90.4268
95.6713
101.139
105.38
110.535
115.256
120.208
124.808
128.281
132.004
135.518
138.004
141.152
144.201
146.294
147.733
149.459
150.336
151.648
152.161
152
152.161
152.643
152.453
151.427
150.881
149.452
148.314
146.537
143.781
140.89
138.708
135.484
132.019
128.81
124.471
119.754
115.278
7.07107
13.3417
20.8806
27.5136
34.176
41.2311
47.8539
53.7122
60.5392
67.1193
73.0068
79.0253
85.0412
90.5207
96.2081
100.658
106.042
111.018
116.211
121.078
124.824
128.81
132.62
135.418
138.827
142.172
144.586
146.328
148.354
149.566
151.162
152
152.161
152.643
153.444
153.574
152.83
152.611
151.476
150.632
149.164
146.697
144.059
142.172
139.23
136.015
133.06
128.973
124.483
120.241
6.32456
13.9284
20.6155
27.313
34.4384
41.1825
47.1699
54.0833
60.803
66.8431
73
79.2086
84.8999
90.7855
95.4254
101.02
106.231
111.647
116.765
120.768
125.004
129.097
132.197
135.857
139.488
142.215
144.257
146.578
148.122
150
151.162
151.648
152.453
153.574
154.029
153.574
153.688
152.856
152.315
151.169
149.003
146.632
145.055
142.411
139.463
136.781
132.966
128.725
124.74
7.61577
14.3178
21.0238
28.178
34.9857
41.0488
48.0104
54.8179
60.959
67.2086
73.5527
79.3977
85.4283
90.2109
95.9635
101.356
106.944
112.259
116.469
120.905
125.228
128.577
132.442
136.312
139.302
141.598
144.17
146
148.122
149.566
150.336
151.427
152.83
153.574
153.379
153.792
153.235
152.971
152.118
150.233
148.111
146.823
144.461
141.767
139.345
135.794
131.795
128.062
6.7082
13.4164
20.5913
27.4591
33.6006
40.6079
47.5079
53.7587
60.1082
66.6033
72.6223
78.8162
83.7616
89.6939
95.2943
101.079
106.621
111.072
115.741
120.333
123.976
128.082
132.231
135.532
138.13
141
143.171
145.582
147.363
148.476
149.907
151.648
152.738
152.856
153.629
153.405
153.473
152.977
151.433
149.616
148.678
146.659
144.278
142.172
138.946
135.248
131.826
6.7082
13.8924
20.8087
27.0185
34.0588
41.0366
47.3814
53.8145
60.4401
66.6108
72.9452
78.032
84.119
89.8999
95.8541
101.592
106.254
111.126
115.953
119.854
124.169
128.561
132.136
135
138.13
140.602
143.265
145.344
146.758
148.489
150.526
151.921
152.315
153.405
153.473
153.834
153.652
152.411
150.864
150.233
148.519
146.414
144.589
141.651
138.221
135.074
7.2111
14.2127
20.5183
27.5862
34.6554
41.1096
47.634
54.4059
60.7454
67.2309
72.4707
78.721
84.6936
90.824
96.7678
101.651
106.733
111.803
115.974
120.503
125.144
129
132.136
135.532
138.311
141.23
143.611
145.331
147.363
149.696
151.397
152.069
153.473
153.834
154.486
154.616
153.675
152.398
152.069
150.655
148.822
147.272
144.617
141.45
138.571
7.07107
13.4536
20.5183
27.6586
34.2053
40.8044
47.7074
54.2033
60.8276
66.2118
72.6154
78.7718
85.0706
91.214
96.3172
101.607
106.921
111.364
116.108
121
125.144
128.561
132.231
135.329
138.514
141.209
143.252
145.602
148.246
150.27
151.238
152.977
153.652
154.616
155.081
154.467
153.483
153.483
152.398
150.864
149.616
147.275
144.402
141.824
6.40312
13.4536
20.6155
27.2029
33.8378
40.8167
47.4131
54.1295
59.6154
66.1287
72.4224
78.848
85.1469
90.4268
95.8853
101.4
106.075
111
116.108
120.503
124.169
128.082
131.469
134.893
137.877
140.218
142.864
145.798
148.125
149.375
151.433
152.411
153.675
154.467
154.175
153.483
153.808
153.052
151.822
150.881
148.862
146.294
144.028
7.07107
14.2127
20.8087
27.4591
34.4819
41.1461
47.927
53.4883
60.0833
66.4831
73.0068
79.4292
84.8528
90.4489
96.1301
101
106.075
111.364
115.974
119.854
123.976
127.613
131.244
134.48
137.084
139.989
143.178
145.774
147.275
149.616
150.864
152.398
153.483
153.483
153.056
153.675
153.219
152.266
151.605
149.883
147.597
145.619
7.2111
13.8924
20.5913
27.7308
34.5398
41.4367
47.1275
53.8516
60.4152
67.082
73.6817
79.3095
85.0941
91
96.1301
101.4
106.921
111.803
115.953
120.333
124.278
128.16
131.7
134.618
137.83
141.315
144.222
146.014
148.678
150.233
152.069
153.483
153.808
153.675
154.616
154.486
153.834
153.473
152.069
150.083
148.408
6.7082
13.4164
20.6155
27.5136
34.4819
40.2616
47.0744
53.7587
60.531
67.2681
73.0616
79
85.0941
90.4489
95.8853
101.607
106.733
111.126
115.741
119.971
124.085
127.91
131.126
134.629
138.398
141.605
143.68
146.659
148.519
150.655
152.398
153.052
153.219
154.486
154.693
154.353
154.305
153.235
151.568
150.217
6.7082
13.9284
20.8806
27.8927
33.7343
40.6079
47.3814
54.231
61.0737
67
73.0616
79.3095
84.8528
90.4268
96.3172
101.651
106.254
111.072
115.551
119.867
123.944
127.424
131.187
135.207
138.683
141.014
144.278
146.414
148.822
150.864
151.822
152.266
153.834
154.353
154.305
154.548
153.792
152.427
151.38
7.28011
14.3178
21.3776
27.2947
34.2345
41.1096
48.0416
55
61.0737
67.2681
73.6817
79.4292
85.1469
91.214
96.7678
101.592
106.621
111.36
115.884
120.221
123.976
128.004
132.28
136.029
138.622
142.172
144.589
147.272
149.616
150.881
151.605
153.473
154.305
154.548
155.081
154.638
153.574
152.83
7.07107
14.1421
20.0998
27.074
34.0147
41
48.0416
54.231
60.531
67.082
73.0068
78.848
85.0706
90.824
95.8541
101.079
106.066
110.788
115.378
119.403
123.693
128.222
132.246
135.104
138.946
141.651
144.617
147.275
148.862
149.883
152.069
153.235
153.792
154.638
154.538
153.805
153.395
7.07107
13.0384
20.025
27
34.0147
41.1096
47.3814
53.7587
60.4152
66.4831
72.4224
78.7718
84.6936
89.8999
95.2943
100.499
105.394
110.209
114.477
119.004
123.762
128.035
131.137
135.248
138.221
141.45
144.402
146.294
147.597
150.083
151.568
152.427
153.574
153.805
153.395
153.31
6
13
20.025
27.074
34.2345
40.6079
47.0744
53.8516
60.0833
66.1287
72.6154
78.721
84.119
89.6939
95.1315
100.21
105.262
109.786
114.56
119.553
124.085
127.44
131.826
135.074
138.571
141.824
144.028
145.619
148.408
150.217
151.38
152.83
153.395
153.31
153.551
7
14.0357
21.095
28.2843
34.7131
41.2311
48.0833
54.4243
60.5392
67.1193
73.3553
78.8923
84.5991
90.2109
95.4254
100.658
105.38
110.345
115.521
120.254
123.81
128.413
131.883
135.595
139.09
141.549
143.377
146.414
148.489
149.907
151.608
152.453
152.643
153.16
7.07107
14.1421
21.3776
27.8927
34.4819
41.4367
47.927
54.1295
60.8276
67.2309
72.9452
78.8162
84.6463
90.0278
95.483
100.449
105.646
111.041
116.017
119.817
124.68
128.413
132.382
136.165
138.928
141.039
144.368
146.758
148.476
150.473
151.648
152.161
153
7.07107
14.3178
20.8806
27.5136
34.5398
41.1461
47.4131
54.2033
60.7454
66.6108
72.6223
78.6448
84.1724
89.8276
95.0158
100.424
106.019
111.221
115.248
120.354
124.338
128.55
132.608
135.665
138.051
141.662
144.361
146.373
148.661
150.163
151
152.161
7.28011
13.9284
20.6155
27.7308
34.4819
40.8167
47.7074
54.4059
60.4401
66.6033
72.8354
78.5175
84.386
89.8109
95.4411
101.242
106.677
110.941
116.297
120.54
125
129.341
132.699
135.366
139.262
142.274
144.586
147.167
149
150.163
151.648
6.7082
13.4164
20.5913
27.4591
33.8378
40.8044
47.634
53.8145
60.1082
66.5282
72.3464
78.4092
84.0536
89.8888
95.8801
101.533
106.024
111.615
116.108
120.806
125.419
129.074
132.019
136.195
139.517
142.127
145
147.167
148.661
150.473
6.7082
13.8924
20.8087
27.2029
34.2053
41.1096
47.3814
53.7587
60.3075
66.2193
72.4224
78.2304
84.22
90.3549
96.1769
100.846
106.626
111.319
116.211
121.05
124.952
128.133
132.544
136.132
139
142.127
144.586
146.373
148.476
7.2111
14.2127
20.6155
27.6586
34.6554
41.0366
47.5079
54.2033
60.2163
66.5733
72.5603
78.7147
85
91
95.8593
101.833
106.738
111.83
116.902
121.062
124.487
129.139
133
136.132
139.517
142.274
144.361
146.758
7.07107
13.4536
20.5183
27.5862
34.0588
40.6079
47.4342
53.535
60.0333
66.1891
72.4983
78.924
85.0941
90.1388
96.3016
101.415
106.705
112.009
116.43
120.104
125
129.139
132.544
136.195
139.262
141.662
144.368
6.40312
13.4536
20.5183
27.0185
33.6006
40.4969
46.6476
53.2353
59.5063
65.9242
72.45
78.7464
83.9345
90.2441
95.5249
100.975
106.471
111.113
115
120.104
124.487
128.133
132.019
135.366
138.051
141.039
7.07107
14.2127
20.8087
27.4591
34.4819
40.7063
47.4236
53.8516
60.407
67.0522
73.4983
78.8543
85.3288
90.7965
96.421
102.122
107
111.113
116.43
121.062
124.952
129.074
132.699
135.665
138.928
7.2111
13.8924
20.5913
27.7308
34.0147
40.8534
47.4342
54.1202
60.8769
67.4685
72.9932
79.6304
85.2877
91.0879
97
102.122
106.471
112.009
116.902
121.05
125.419
129.341
132.608
136.165
6.7082
13.4164
20.6155
26.9258
33.8378
40.5216
47.2969
54.1295
60.8276
66.4831
73.2462
79.0569
85
91.0879
96.421
100.975
106.705
111.83
116.211
120.806
125
128.55
132.382
6.7082
13.9284
20.2485
27.2029
33.9559
40.7922
47.676
54.4518
60.208
67.0671
73
79.0569
85.2877
90.7965
95.5249
101.415
106.738
111.319
116.108
120.54
124.338
128.413
7.28011
13.6015
20.6155
27.4591
34.3657
41.3038
48.1664
54.037
61
67.0671
73.2462
79.6304
85.3288
90.2441
96.3016
101.833
106.626
111.615
116.297
120.354
124.68
6.32456
13.3417
20.2237
27.1662
34.1321
41.0488
47
54.037
60.208
66.4831
72.9932
78.8543
83.9345
90.1388
95.8593
100.846
106.024
110.941
115.248
119.817
7.07107
14.0357
21.0238
28.0179
35
41.0488
48.1664
54.4518
60.8276
67.4685
73.4983
78.7464
85.0941
91
96.1769
101.533
106.677
111.221
116.017
7
14
21
28.0179
34.1321
41.3038
47.676
54.1295
60.8769
67.0522
72.45
78.924
85
90.3549
95.8801
101.242
106.019
111.041
7
14
21.0238
27.1662
34.3657
40.7922
47.2969
54.1202
60.407
65.9242
72.4983
78.7147
84.22
89.8888
95.4411
100.424
105.646
7
14.0357
20.2237
27.4591
33.9559
40.5216
47.4342
53.8516
59.5063
66.1891
72.5603
78.2304
84.0536
89.8109
95.0158
100.449
7.07107
13.3417
20.6155
27.2029
33.8378
40.8534
47.4236
53.2353
60.0333
66.5733
72.4224
78.4092
84.386
89.8276
95.483
6.32456
13.6015
20.2485
26.9258
34.0147
40.7063
46.6476
53.535
60.2163
66.2193
72.3464
78.5175
84.1724
90.0278
7.28011
13.9284
20.6155
27.7308
34.4819
40.4969
47.4342
54.2033
60.3075
66.5282
72.8354
78.6448
84.6463
6.7082
13.4164
20.5913
27.4591
33.6006
40.6079
47.5079
53.7587
60.1082
66.6033
72.6223
78.8162
6.7082
13.8924
20.8087
27.0185
34.0588
41.0366
47.3814
53.8145
60.4401
66.6108
72.9452
7.2111
14.2127
20.5183
27.5862
34.6554
41.1096
47.634
54.4059
60.7454
67.2309
7.07107
13.4536
20.5183
27.6586
34.2053
40.8044
47.7074
54.2033
60.8276
6.40312
13.4536
20.6155
27.2029
33.8378
40.8167
47.4131
54.1295
7.07107
14.2127
20.8087
27.4591
34.4819
41.1461
47.927
7.2111
13.8924
20.5913
27.7308
34.5398
41.4367
6.7082
13.4164
20.6155
27.5136
34.4819
6.7082
13.9284
20.8806
27.8927
7.28011
14.3178
21.3776
7.07107
14.1421
7.07107
