50
563.214
151.476
927.407
881.419
736.158
671.107
590.493
119.549
564.429
886.948
571.774
424.078
251.883
834.847
487.395
907.477
800.96
333.856
966.667
843.515
981.265
454.297
97.1854
366.809
580.91
788.774
429.141
593.094
406.795
605.939
984.85
716.76
893.949
367.614
672.579
297.486
779.326
902.136
445.253
1027.48
578.019
462.774
830.116
492.854
325.122
985.614
554.833
288.175
283.002
555.817
504.66
390.807
179.137
764.139
126.649
584.378
39.9249
399.991
193.383
657.784
404.209
546.26
698.169
671.753
498.001
699.733
405.977
486.013
808.928
303.585
472.141
484.059
37.5366
553.932
577.543
48.5077
343.796
42.9418
425.206
309.537
685.846
589.958
581.243
513.595
282.193
527.731
120.416
464.759
514.995
333.542
275.182
493.867
641.481
713.594
155.724
298.639
298.69
841.466
818.587
734.888
520
614.121
47.1275
567.631
822.548
614.117
272.883
352.057
723.478
336.329
782.934
694.665
198.204
959.964
746.24
845.053
529.967
191.128
232.155
564.131
670.075
564.547
594.619
493.875
598.205
957.491
642.067
765.54
216.779
538.005
429.792
725.077
805.373
450.494
1015.06
446.575
367.196
830.925
360.05
176.921
864.276
505.665
257.2
330.946
155.769
495.665
690.635
610.942
886.111
539.548
145.523
686.683
762.056
865.155
212.25
760.853
313.129
196.939
879.532
515.241
119.403
457.451
807.224
863.524
638.007
467.223
283.656
1072.53
525.837
842.597
488.428
397.364
216.622
351
730.775
451.4
988.248
233.951
83.6301
590.351
508.434
477.269
474.27
516.284
539.171
816.375
295.611
401.542
647.38
745.242
348.58
768.118
481.5
859.786
420.476
10.8167
557.66
791.076
780.195
329.257
802.218
449.437
295.63
891.201
363.05
227.502
598.432
692.81
806.105
643.466
355.242
387.485
968.257
401.822
734.603
365.79
253.949
183.807
483.037
746.967
528.206
897.651
109.768
225.056
493.812
363.501
526.636
462.796
361.487
568.898
826.803
445.594
328.055
593.485
663.754
906.817
173.234
762.871
171.732
359.356
239.635
826.251
552.131
602.961
862.166
733.563
556.386
876.358
230.705
519.562
880.571
399.772
642.515
652.908
177.102
631.355
681.453
143.126
453.804
137.295
278.126
359.084
756.4
760.96
700.321
645.484
265.272
544.737
291.235
293.866
649.9
487.483
96.0469
644.854
816.96
756.419
287.847
477.746
461.123
880.251
558.882
798.326
765.032
922.703
253.931
813.531
484.905
196.604
449.419
493.737
388.027
1071.08
571.505
423.001
921.929
685.719
340.412
744.948
410.122
1053.54
812.505
911.759
791.046
1002.69
604.525
411.869
303.528
241.149
921.226
733.348
615
729.099
1099.46
258.312
431.519
987.832
272.595
360.118
531.32
620.71
579.772
732.069
635.007
87.0976
491.639
76.2168
753.923
385.721
669.931
799.425
796.656
621.631
778.163
393.636
604.626
935.043
227.2
494.013
582.269
159.54
680.01
509.513
87.983
280.578
124.852
451.283
428.981
811.683
683.059
705.683
473.223
379.206
642.536
168.44
460.483
636.003
448.876
253.19
608.024
724.239
835.746
282.124
365.826
308.039
593.619
864.017
629.693
308.146
346.1
770.347
370.904
830.013
741.208
215.035
989.936
792.054
891.157
534.537
181.033
279.1
595.003
717.178
545.03
621.209
494.265
627.116
992.134
684.807
812.466
257.387
584.529
411.439
764.55
851.189
474.934
1046.49
493.463
412.005
858.73
406.926
206.62
911.4
543.283
287.404
341.423
430.01
153.834
683.832
389.74
585.882
726.263
711.591
537.607
719.222
402.3
524.417
848.849
272.356
471.004
510.554
75.452
593.856
550.318
28.7924
316.244
55.6597
434.007
348.001
725.769
614.706
619.272
493.642
313.345
565.128
119.708
464.186
551.262
366.939
266.34
527.004
662.435
752.932
195.028
311.835
291.359
567.819
791.473
788.067
322.318
801.764
441.426
289.679
892.908
372.193
220.327
590.166
702.3
812.298
645.261
364.244
381.694
977.319
411.614
743.769
375.458
261.429
185.408
475.422
748.193
524.756
905.923
118.33
216.002
502.093
371.4
525.11
465.288
372.132
568.853
828.527
436.331
334.337
599.188
671.316
778.723
347.039
739.641
828.046
864.912
691.378
789.345
446.374
677.503
1000.85
164.247
474.605
610.878
229.172
746.097
442.946
161.617
221.903
199.06
516.392
501.288
878.276
706.256
760.543
419.887
455.337
716.76
194.487
514.875
685.808
494.365
308.026
650.249
739.173
906.755
344.693
379.563
290.663
597.814
590.871
63.561
608.556
578.468
143.59
1026.52
647.992
632.001
740.122
452.602
173.773
650.21
521.817
827.77
704.912
718
693.908
988.158
608.231
580.611
73.5527
352.006
693.123
723.711
703.287
587.65
1068.87
289.171
348.037
918.033
224.083
106.217
694.487
546.145
402.628
538.301
831.087
659.285
931.608
788.299
550.012
778.785
808.887
1036.39
207.183
165.245
473.895
433.668
805.263
244.436
417.387
155.657
442.055
823.423
649.179
929.269
527.376
739.603
126.606
670.773
862.766
288.383
844.732
645.068
471.683
638.376
573.847
520.116
997.67
463.729
258.147
120.304
578.564
130.614
48.3011
721.417
685.047
102.181
279.122
825.331
789.297
498.414
510.883
74.9466
1061.89
582.293
847.455
546.732
583.095
245.725
157.051
573.733
252.42
957.691
349.367
131.529
594.39
691.902
302.397
374.767
651.243
380.033
661.727
170.082
401.808
582.979
712.876
582.879
571.284
191.755
1055.42
644.063
592.862
796.565
515.772
217.442
687.879
506.661
890.647
745.982
776.435
732.538
1009.85
621.769
552.008
132.098
330.775
756.108
742.079
697.14
635.172
1094.76
283.584
376.948
952.095
234.523
166.331
668.766
577.735
455.975
596.054
177.609
748.188
810.008
224.181
150.003
942.55
872.819
551.192
637.179
126.574
1168.14
709.454
960.833
674.472
702.672
375.826
41.7253
607.126
257.123
1057.76
478.845
230.269
711.438
812.825
338.195
462.604
781.108
424.223
693.814
86
523.093
676.861
816.208
704.424
645.596
77.8332
324.423
778.245
751.927
474.038
462.588
92.1303
1017.26
534
801.205
498.471
548.034
198.217
200.808
555.684
254.702
914.847
306.059
125.925
547.519
655.515
289.56
338.681
606.844
361.204
643.271
217.249
354.244
542.977
669.487
1090.56
769.767
775.562
721.3
389.005
247.776
699.672
655.305
759.549
743.702
688.763
739.693
1067.62
707.52
721.685
149.05
491.066
625.423
812.818
826.904
609.926
1139.03
419.526
430.669
971.334
343.274
64.405
833.86
613.453
412.467
518.7
585.969
959.754
610.587
873.212
856.389
395.942
733.873
885.145
373.591
668.073
363.077
132.97
473.16
841.509
965.928
844.171
864.815
345.488
588.103
521.483
69.1809
813.765
679.203
140.464
826.797
1029.1
808.52
480.763
703.092
691.48
374.134
778.666
787.566
533.076
449.055
167.41
1029.84
516.73
806.901
479.818
481.449
176.477
255.988
620.717
332.002
934.615
258.089
59.1354
551.341
590.703
360.806
381.98
560.116
427.114
707.492
236.865
355.816
573.873
688.768
1067.24
959.285
615.118
775.671
255.033
1277.73
848.859
1080.59
814.924
850.937
521.674
124.427
647.769
308.709
1160.76
628.339
376.379
837.748
961.425
404.011
565.212
930.36
488.42
729.112
173.404
656.427
778.384
925.59
360.717
587.766
340.619
817.966
282.446
292.693
59.4643
327.439
677.835
604.156
949.386
666.659
797.004
258.24
585.209
824.825
231.206
679.121
710.881
518.376
472.179
657.417
680.525
995.359
424.662
343.705
203.578
357.494
492.108
750.047
375.741
499.77
316.261
514.514
896.092
649.138
863.445
386.804
652.323
240.842
701.257
845.201
352.768
934.979
556.159
414.629
735.751
475.178
365.318
947.103
478.051
216.19
186.132
476.592
440.872
715.713
531.297
573.485
520.159
824.597
459.854
533.385
109.604
306.863
585.243
566.039
591.565
417.743
900.988
214.441
183.883
745.227
127.953
183.371
633.24
375.666
244.131
392.929
520.65
613.082
73.7564
379.722
46.0977
404.12
272.606
652.196
584.199
555.09
545.825
246.13
490.344
146.003
451.486
492.667
317.189
271.662
477.007
639.973
677.602
128.004
307.669
324.347
1041.57
593.892
835.074
560.162
639.182
273.222
132.378
509.098
178.272
931.509
390.958
205.244
587.167
745.957
236.002
337.551
688.073
317.824
597.054
197.223
402.081
551.202
689.656
572.752
234.094
605.957
959.127
861.379
1168.08
760.307
983.455
134.937
859.189
1080.57
482.278
954.231
889.247
712.535
749.475
818.221
740.547
1230.6
675.35
501.212
352.483
339.006
37.4833
406.075
341.001
725.192
636.548
627.539
519.62
296.439
555.213
148.125
435.394
562.723
382.038
238.076
542.365
686.251
747.813
200.721
338.237
320.052
371.892
731.85
634.802
965.201
645.063
801.439
198.917
625.815
855.308
255.562
736.367
712.208
522.825
529.03
653.028
651.805
1017.43
451.108
332.285
180.898
384.068
304.416
691.003
627.116
600
548.234
259.625
517.873
162.086
421.859
538.568
363.034
233.206
522.973
680.801
711.576
173.234
341.006
339.346
398.283
736.848
933.536
767.534
922
270.409
475.079
545.619
111.072
750.405
641.6
219.155
776.238
1004.24
692.936
455.906
706.077
723.414
397.394
563.181
371.845
772.982
129.252
220.737
379.796
495.994
353
280.558
415.531
387.487
643.134
407.447
186.593
433.038
529.079
583.22
232.131
1054.87
506.142
267.591
718.892
846.499
319.025
458.023
807.549
405.561
668.973
119.57
534.439
672.681
815.628
351.104
626.139
673.152
677.886
516.072
1010.56
273.148
292.062
853.841
194.487
88.0227
692.117
485.242
329.31
465.087
861.487
501.004
378.671
577.47
867.62
96.2081
278.916
773.295
179.725
437.138
342.841
427.095
482.374
634.946
787.902
988.032
403.842
932.629
766.211
596.934
725
692.096
605.635
1124.22
586.776
382.545
245.935
279.551
384.069
366.742
480.026
382.273
302.397
507.752
748.615
493.875
224.511
491.203
554.863
600
585.878
414.893
440.965
576.327
483.823
764.954
220.735
405.278
630.876
742.496
582.386
497.49
304.056
386.048
457.039
555.8
764.463
195.576
198.003
178.718
844.2
720.834
207.634
863.379
1076.76
803.996
526.104
759.118
754.836
193.83
729.716
86.539
361.068
421.716
366.117
388.815
542.561
575.782
160.328
366.399
533.728
200.998
214.674
360.647
730.748
911.509
794.534
374.835
573.791
552.693
282.2
507.142
357.022
322.769
477.846
779.062
550.818
360.035
476.968
571.491
746.121
880.382
266.693
344.084
155.077
