50
544.868
784.235
533.346
881.27
354.261
717.326
54.1202
594.619
54.0093
803.884
665.048
119.08
626.974
240.869
208.849
894.613
235.722
729.603
474.688
870.658
760.466
892.121
39.3192
739.26
558.502
59.808
715.47
762.289
694.173
409.923
658.09
805.916
622.043
790.59
673.146
112.004
890.974
430.091
117.597
518.775
597.124
533.705
261.084
349.657
679.839
207.694
867.909
481.814
862.792
556.836
748.18
345.219
695.531
541.867
565.562
65.307
589.971
395.216
142
426.864
422.67
769.06
372.549
363.329
324.105
219.185
429.197
793.984
330.807
466.387
572.536
538.139
242.547
580.009
663.091
278.959
348.622
229.87
671.67
290.799
504.605
486.146
755.318
509.619
393.859
650.502
552.558
728.619
300.816
574.799
330.048
201.358
176.777
493.818
747.776
138.578
534.914
533.023
561.001
642.858
79.511
833.639
514.234
795.269
265.092
649.149
717.178
976.172
892.509
588.62
544.92
700.321
711.966
312.416
275.136
305.635
302.2
823.542
48.3735
321.137
774.269
225.858
396.232
901.943
735.936
300.528
467.189
175.419
109.49
399.249
831.318
441.938
515.105
701.822
521.51
857.013
330.388
741.761
556.386
445.102
592.724
211.142
449.589
147.054
959.951
198.406
455.409
585.123
753.314
506.147
724.959
888.554
555.901
1049.88
489.69
466.515
956.891
631.383
966.061
338.333
443.938
724.603
796.624
563.549
488.415
566.951
485.968
333.402
786.23
1053.02
778.599
247.2
858.676
377.588
611.736
187.971
635.796
889.056
111.606
415.751
19.6469
969.435
217.083
681.561
592.346
764.77
351.689
478.707
612.608
673.451
965.37
594.242
906.538
287.939
922.524
297.543
282.312
765.836
655.556
1092.85
690.661
29.1204
668.613
283.143
622.866
836.106
258.699
298.839
911.606
572.142
396.869
910.043
755.8
177.025
519.466
559.914
801.379
102.078
615.592
453.319
901.533
854.059
140.801
885.016
871.018
942.007
536.039
750.18
674.937
531.614
209.824
792.591
771.184
408.26
453.988
563.645
402.443
717.622
319.077
778.45
836.932
403.595
928.626
293.334
349.721
968.308
501.007
913.04
366.62
618.678
761.318
860.363
379.522
594.725
571.805
300.776
484.465
803.762
956.952
668.458
404.085
869.253
469.052
697.488
375.001
463.4
921.653
134.406
240.208
189.929
865.879
315.674
547.43
509.192
757.703
216.933
640.8
574.254
767.091
767.901
507.075
725.503
308.026
647.636
656.933
953.231
816.508
527.546
581.326
650.022
715.325
242.739
256.02
335.555
360.268
756.627
33.0151
299.628
704.183
165.076
421.561
890.329
702.353
229.898
495.758
98.6813
164.712
331.183
770.509
486.297
435.597
630.406
443.379
837.875
250.89
693.951
514.009
453.398
521.31
205.915
422.232
219.046
618.722
85.8021
843.616
678.976
141.496
609.066
252.161
251.406
921.227
245.748
740.131
525.595
924.43
797.928
931.608
23.8537
789.168
598.141
101.833
769.053
794.91
687.029
410.819
712.141
835.057
673.328
836.57
727.017
82.0975
923.364
483.037
170
570.919
589.924
587.58
261.09
376.82
708.95
261.633
921.024
513.825
908.384
637.408
334.97
144.003
478.305
476.366
812.287
411.254
303.916
381.435
218.552
423.458
762.129
269.874
403.272
624.187
499.965
214.084
625.994
638.847
213.937
388.021
295.169
655.483
226.85
480.513
436.125
744.108
566.612
328.892
661.037
592.585
733.989
352.036
567.786
391.22
245.601
111.647
524.832
712.029
143.892
480.36
831.434
713.309
168.656
680.65
187.758
238.648
934.847
287.253
779.192
483.231
864.491
790.889
919.753
62.0081
749.17
587.167
22.0907
711.241
797.739
747.974
462.854
648.991
844.328
628.478
808.757
655.966
160.705
926.329
407.79
99.6092
492.846
650.959
527.674
314.531
391.807
718.621
205.548
866.167
519.024
881.445
441.062
706.847
809.599
971.599
595.134
280.179
647.086
489.173
411.993
539.965
65.4599
88.3233
840.788
281.94
245.522
813.763
473.001
148.923
707.054
616.393
530.506
209.724
352.423
156.237
632.735
815.571
178.474
672.269
754.923
709.231
684.317
507.892
674.756
488.71
232.693
655.051
474.056
348.31
163.38
545.972
383.2
896.755
507.729
307.903
433.23
77.5242
564.144
903.408
376.575
493.028
688.93
638.544
357.946
705.494
782.536
297.674
266.43
291.431
799.29
272.132
624.348
563.022
887.082
614.469
378.038
792.054
684.973
869.048
259.233
709.271
425.854
335.68
210.509
632.724
851.317
276.203
598.318
533.443
355.643
129.468
780.139
119.436
610.856
419.906
837.924
659.193
794.423
145.911
675.047
462.082
164.222
681.029
653.774
586.276
297.188
635.53
693.577
567.092
709.913
668.435
114.215
782.127
445.513
173.669
538.817
490.009
508.025
153.47
235.372
567.462
204.365
825.757
372.759
780.545
861.188
586.059
683.264
427.619
373.738
791.336
1197.14
744.149
870.754
629.385
953.53
656.001
684.926
1054.18
674.881
152.069
273.222
1044.19
655.306
900.482
908.812
1111.07
527.024
761.134
939.364
707.108
1030.83
125.634
928.33
382.28
471.344
578.014
713.999
1157.8
531.046
956.39
402.244
1103.01
474.752
964.326
585.649
906.989
938.459
1059.02
232.034
844.432
734.244
191.982
765.105
956.62
934.607
650.588
689.638
1009.2
717.931
925.324
668.126
334.253
1083.91
421.07
222.407
482.744
837.483
585.239
501.953
568.213
885.242
316.564
923.049
685
997.984
701.231
165.557
580.401
290.869
711.905
552.762
683.405
246.333
546.008
349.906
223.063
555.162
559.697
607.231
319.82
514.471
608.56
437.727
585.769
556.321
243.033
688.145
355.106
181.342
447.931
516.601
387.253
216.28
172.122
483.728
133.09
697.553
283.346
657.307
685.335
311.464
621.136
819.996
246.376
275.204
925.648
558.149
397.554
921.847
744.103
170.839
548.019
581.653
792.228
99.2975
607.001
436.406
893.005
870.517
115.624
884.604
880.818
939.2
563.136
745.339
693.377
545.18
217.849
799.905
754.218
418.019
433.425
495.138
430.862
857.612
593.03
732.132
256.353
662.892
410.698
283.637
702.58
573.789
469.038
178.404
670.359
604.688
569.865
675.036
718.812
185.526
699.844
519.816
286.447
612.974
373.591
544.737
50.9117
158.382
480.202
287.2
835.675
299.827
741.974
640.815
971.343
426.864
531.29
751.482
704.4
430.935
772.5
854.365
341.163
236.907
339.426
873.717
300.27
696.761
620.919
962.651
672.055
400.026
869.508
755.641
946.559
258.565
785.705
482.321
408.936
267.38
707.142
917.212
353.624
650.342
426.755
398.483
493.855
513.974
265.962
228.633
462.082
272.382
451.367
761.649
522.036
252.873
522.274
148.054
340.588
327.42
532.062
561.606
265
389.423
319.92
690.406
145.602
478.976
322.014
426.568
280.36
407.413
290.63
412.869
579.759
568.705
908.39
269.295
551.599
842.401
156.895
669.403
1142.5
936.966
218.112
741.513
297.2
383.802
257.721
945.699
715.579
486.363
764.886
442.422
1085.59
337.153
905.632
740.357
708.632
663.049
71.2531
668.049
402.613
140.071
796.478
313.734
204.607
774.109
497.752
91.526
642.221
554.001
547.045
161.756
363.006
201.943
648.408
765.648
164.469
662.922
718.936
707.867
618.858
509.083
618.292
435.137
167.431
622.981
516.769
293.205
223.486
928.953
330.28
333.665
902.058
523.692
196.023
758.897
692.382
589.123
233.549
419.787
196.156
691.017
902.546
160.031
750.281
842.919
781.731
745.123
580.039
758.172
573.93
294.308
742.459
499.289
432.487
167.147
778.579
595.29
78.7464
753.515
796.202
704.45
425.329
695.08
838.187
661.272
829.4
707.758
103.407
924.822
462.45
149.563
549.598
607.29
571.294
275.443
380.518
712.037
245.367
906.406
515.272
901.521
297.713
728.044
193.494
401.721
885.712
707.199
261.704
475.035
127.059
134.164
362.464
789.001
460.41
467.488
655.092
476.341
836.414
283.069
705.613
522.736
439.936
545.954
212.869
423.615
186.196
570.032
424.802
232.131
591.168
417.106
443.497
298.263
266.43
269.98
535.303
572.151
353.862
488.256
514.347
548.471
538.811
365.679
444.136
254.197
198.063
419.577
505.516
129.356
333.122
689.162
782.736
748.025
460.819
626.936
830.534
607.012
788.893
634.391
171.283
911.206
386.7
77.5242
472.412
651.23
505.585
313.997
380.554
705.096
183.788
844.133
505.072
861.643
580.899
1009.2
789.462
86.2148
655.886
158.644
327.536
175.419
788.97
651.111
350.064
611.786
326.443
946.575
184
751.118
590.8
601.365
508.207
157.991
530.971
372.855
564.001
508.561
624.552
75.326
438.657
293.455
724.541
754.015
128.69
715.654
734.522
768.625
549.269
574.529
592.191
420.686
102.313
646.234
607.329
281.087
311.931
291.556
1011.51
532.989
851.317
822.925
1088.58
607.514
635.505
946.155
755.32
1033.47
97.1648
905.206
434.038
460.678
475.118
740.152
1096.19
478.44
862.421
774.282
518.185
639.92
684.697
838.548
337.2
622.852
668.824
464.017
759.385
197.773
656.343
149.893
200.112
406.559
451.602
902.962
287.785
742.321
699.861
186.078
394.443
102.259
739.138
706.224
270.296
549.459
240.52
942.576
127.534
720.32
574.172
632.093
450.632
237.192
534.91
446.753
513.936
361.843
799.766
788.429
107.168
785.433
786.804
840.853
530.911
648.267
617.414
458.254
126.151
703.378
678.251
325.466
372.007
235.287
286.028
679.743
524.535
344.362
532.663
363.435
790.547
163.218
616.008
444.42
448.08
423.691
266.43
373.676
300.887
495.891
823.486
332.459
577.603
721.2
598.161
786.366
398.497
711.591
521.863
353.96
614.083
317.907
397.756
72.9178
764.31
808.213
251.7
558.528
189.085
1015.1
183.619
769.604
639.832
727.706
470.916
299.401
617.066
546.155
881.347
529.06
223.517
620.21
510.586
612.217
189.747
333.444
663.146
293.421
936.197
474.944
893.804
826.465
862.091
872.336
637.195
673.339
715.964
548.389
220.737
771.936
648.151
409.606
321.702
313.058
93.6056
861.079
185
569.962
485.907
683.266
241.149
506.596
518.078
645.036
401.209
660.038
428.124
326.172
351.245
663.001
109.142
767.023
462.9
794.104
950.007
201.725
663.241
572.8
746.18
334.48
474.529
593.145
660.753
831.502
337.334
378.842
452.482
648.951
1043.38
417.538
832.388
595.021
456.987
562.8
326.021
340.918
436.232
463.496
190.003
495.26
335.529
882.239
326.497
777.003
332.182
298.719
709.846
142.243
587.001
582.843
652.127
200.385
387.857
661.774
386.518
686.997
626.844
332.662
457.962
