50
527.743
890.351
511.489
555.123
628.205
321.179
968.021
841.751
736.827
553.427
576.923
452.642
553.445
691.035
284.944
925.934
691.462
963.546
697.095
647.476
341.631
733.976
200.112
627.889
567.403
494.652
729.277
762.098
465.279
731.908
706.833
998.585
782.903
213.712
256.018
748.195
218.406
874.817
703.41
604.041
784.717
405.098
280.321
186.869
628.02
839.73
532.528
684.354
49.5782
747.595
104.019
842.255
180.854
384.766
553.199
903.433
313.287
400.5
711.419
503.627
706.343
907.491
760.066
520.511
204.6
672.027
271.621
257.266
216.234
615.376
708.82
148.762
799.671
784.462
438.406
855.694
106.93
456.882
339.119
681.559
729.91
539.431
777.825
680.371
313.512
608.582
772.414
364
396.699
615.179
383.537
360.007
190.536
913.933
26.1725
213.581
551.287
847.199
635.183
596.21
577.565
484.653
333.182
1036.65
375.481
424.859
440.284
450.362
552.444
883.956
459.367
636.259
251.448
1001.06
1000.18
676.622
157.69
1071.87
640.5
552.577
628.797
327.552
365.045
828.022
304.869
446.013
303.295
151.268
701.647
999.525
156.847
762.86
212.532
324.238
385.032
442.669
547.658
619.165
871.588
928.867
354.318
722.053
927.979
865.894
892.001
283.591
435.46
650.508
986.957
250.45
491.093
780.288
572.772
772.334
970.464
767.776
619.555
297.753
776.01
207.06
175.824
254.717
710.923
675.694
248.294
857.098
831.812
541.793
934.413
47.5184
559.89
443.055
785.072
822.01
564.179
767.151
772.785
315.154
712.365
852.087
462.346
499.249
667.36
424.746
328.976
125.936
996.201
130.096
174.828
543.004
816.885
458.399
983.285
396.97
1142.11
543.236
217.463
364.446
197.699
154.392
358.068
942.378
889.976
838.156
1098.7
1065.41
637.415
535.389
643.904
846.216
82.6801
62.9682
710.226
316.223
848.121
695.52
776.052
889.852
484.175
362.857
494.009
485.85
608.741
756.363
316.495
627.115
835.108
227.161
467.566
676.096
1016.26
383.713
829.084
1053.19
507.141
391.751
377.451
798.742
440.528
298.751
649.317
454.141
651.217
852.009
814.007
342.462
74.0608
494.684
405.771
410.144
286.575
481.967
823.486
44.2945
759.761
766.102
272.712
764.513
285.577
293.777
162.635
501.727
604.745
577.382
859.414
555.569
411.876
436.953
681.19
233.555
215.856
595.534
409.308
490.14
337.668
812.304
155.978
331.869
639.519
673.406
596.279
684.668
233.317
356.881
164.174
344.42
537.331
429.424
630.153
465.244
643.783
641.303
610.45
181.207
419.901
515.904
411.005
421.808
399.846
416.491
529.503
393.209
416.32
417.005
680.686
487.201
191.084
497.197
446.22
200.092
554.463
453.693
292.488
493.077
232.215
41.7612
304.138
558.574
600.601
373.162
594.811
307.405
798.777
733.361
463.643
772.58
645.564
787.579
958.088
1095.93
43.4166
353.293
251.127
712.158
737.052
638.21
475.442
1167.99
404.447
907.375
950.182
276.147
804.118
659.964
288.42
261.199
217.589
585.017
861.444
1170.5
550.727
764.032
273.578
735.378
386.012
183.306
801.958
706.102
855.308
668.052
818.37
530.232
636.531
968.344
1215.32
506.36
265.189
432.786
290.007
264.643
729.583
767.075
858.234
582.495
1174.57
1158.77
757.145
336.381
983.712
840.173
327.196
420.88
576.923
84.4038
954.364
554.549
685.328
635.228
215.035
628.339
862.733
256.33
795.167
527.731
142.941
565.417
711.67
437.371
629.651
893.848
1093.96
21.3776
881.606
1110.4
802.763
710.001
1023.17
815.118
1016.95
1216.87
1006.72
714.608
410.621
916.548
43.4166
90.0056
504.7
916.465
876.564
396.274
1105.52
1082.13
712.371
1168.87
295.873
733.921
597.415
912.231
1035.43
812.385
991.617
985.792
558.911
870.596
1085.51
663.431
629.162
916.852
675.119
549.962
126.194
1226.29
333.946
108.674
774.145
356.041
185.149
361.652
558.502
635.814
420.462
365.444
410.488
669.897
657.634
301.166
225.175
749.209
337.606
476.79
500.899
191.437
466.806
464.846
186.947
233.105
447.77
330.938
407.296
721.168
281.824
394.271
321.403
383.208
84.0952
296.921
341.884
273.271
502.646
590.539
518.391
377.461
604.325
540.678
208.06
27.7308
202.832
481.785
732.713
719.111
620.697
980.507
955.982
532.826
317.926
720.795
684.416
136.682
203.973
504.009
185.443
741.772
487.37
582.313
672.405
276.487
363.325
610.027
271.33
548.001
539.189
133.405
436.464
634.263
172.186
383.818
640.312
897.684
262.835
693.537
924.807
537.582
203.096
405.112
469.233
602.757
526.567
556.435
772.447
748.311
328.866
287.179
631.615
485.759
305.805
318.025
369.908
368.722
535.113
360.601
417.02
601.154
331.747
262.835
570.351
295.576
364.157
466.223
290.723
268.701
482.056
156.924
200.262
466.623
689.632
437.855
486.203
717.137
425.959
202.237
454.07
747.2
721.954
641.726
974.081
948.153
522.61
339.046
694.638
685.164
119.821
179.254
516.759
208.777
732.87
500.936
590.811
693.035
302.853
339.732
582.495
295.833
532.017
559.003
160.723
443.558
645.174
148.354
369.173
622.113
891.134
286.63
689.221
919.916
513.335
512.016
920.035
921.94
780.733
1173.82
1146.18
718.056
486.576
794.241
886.707
124.824
202.544
697.323
195.305
929.689
678.994
782.173
833.999
404.144
486.138
648.049
420.677
712.625
707.684
231.387
637.975
830.452
313.453
556.594
792.417
1090.81
247.752
890.834
1121.05
644.895
1052.52
885.54
1025.61
965.286
919.079
547.537
744.304
296.557
826.541
406.907
314.07
827.248
645.191
720.274
821.804
844.489
1070.27
746.718
238.466
136.059
727.643
453.045
935.453
613.909
710.011
919.092
336.4
405.489
463.298
890.755
720.675
757.856
942.559
239.117
324.23
238.008
691.383
713.59
597.706
439.841
1125.97
371.949
867.021
908.52
233.829
769.415
626.867
246.951
219.203
212.72
552.496
818.062
1127.29
516.443
723.145
246.868
699.122
342.608
141.485
759.282
663.027
815.611
643.506
786.336
496.903
615.117
925.756
506.961
380.716
395.066
350.907
533.866
884.096
64.0703
831.804
839.66
308.715
827.964
311.103
331.436
190.539
506.187
658.554
649.705
927.33
610.118
473.507
460.44
745.164
294.002
219.493
669.292
481.718
544.132
323.303
872.639
184.613
304.164
705.386
887.65
900.29
677.703
302.794
1159.69
535.068
756.709
818.413
247.524
604.788
770.689
237.716
333.014
53.4603
380.552
810.117
1123.4
360.174
790.475
90.5539
549.534
366.35
287.545
699.046
683.679
895.25
827.886
603.332
646.063
811.017
951.048
56.4624
461.286
878.454
840.619
361.735
1062.25
1038.71
678.352
1127.3
252.634
699.546
564.783
885.302
996.547
769.441
952.367
946.899
516.48
838.962
1044.04
625.314
600.12
873.476
631.706
510.271
83.006
1185.32
292.966
76.7919
733.665
429.303
871.831
786.773
367.271
1032.25
1004.65
682.069
1108.26
217.449
702.394
572.049
901.21
987.146
729.276
901.959
937.591
474.017
846.821
1025.54
619.395
613.778
841.863
597.85
460.666
72.5672
1168.65
281.192
106.231
685.379
524.218
537.663
288.016
603.001
577.53
430.712
697.003
212.002
440.211
380.254
703.159
617.554
323.241
577.779
570.996
126.811
596.313
617.224
313.849
456.685
412.698
170.985
220.291
378.942
763.944
211.059
418.574
354.539
917.986
525.542
454.12
516.531
240.882
329.879
687.554
218.296
352.605
354.528
125.603
549.962
853.972
80.0562
606.13
222.648
260.123
253.14
375.289
409.445
461.525
714.751
802.287
353.871
590.794
808.476
710.862
820.11
678.699
591.772
928.186
900.561
632.582
930.121
906.83
1196.06
954.095
371.903
180.405
923.801
411.611
1070.29
853.062
802.946
984.699
551.559
476.274
349.721
781.108
978.383
716.964
841.143
209.057
791.523
793.913
316.623
804.255
255.539
337.854
204.783
540.033
647.878
592.152
865.283
598.593
409.766
479.552
720.74
275.786
252.389
622.672
424.703
480.234
294.717
853.41
126.115
287.626
642.543
93.9628
636.387
243.895
815
620.716
707.987
808.644
401.648
361.349
542.156
403.279
590.397
675.779
235.476
559.808
764.001
192.38
437.733
668.157
979.331
316.228
784.597
1012.57
521.862
675.032
337.236
787.554
661.762
733.933
869.033
479.771
300.017
449.782
475
546.123
733.921
321.602
584.989
795.991
171.479
407.084
613.166
956.471
410.157
772.021
994.449
447.161
563.521
531.272
23.3452
118.6
273.251
365.699
597.456
910.606
320.832
546.057
172.105
486.596
125.252
135.978
525.967
453.6
649.327
609.793
593.96
412.244
603.878
721.832
899.512
542.388
664.568
658.217
224.437
548.403
778.347
253.442
726.125
540.059
83.7377
534.06
699.498
357.028
560.576
822.01
1045.61
78.0064
835.101
1065.93
722.098
548.056
439.331
782.938
795.333
517.355
720.668
746.496
267.642
703.086
817.813
443.299
500.688
624.424
380.564
284.297
172.702
962.925
129.973
222.299
496.082
141.651
267.367
342.831
594.22
907.987
298.319
553.09
157.686
466.164
129.294
157.471
515.676
454.403
657.548
630.242
571.741
430.757
625.353
722.897
343.657
478.207
607.319
912.554
431.408
504.765
274.798
584.399
149.03
77.8974
572.616
447.532
599.634
499.49
701.317
313.23
489.376
707.478
434.007
851.432
1165.31
413.368
819.297
136.213
602.862
396.548
288.111
746.384
719.809
922.367
829.247
656.129
655.937
808.51
988.041
582.28
867.606
49.6488
683.908
316.765
173.851
372.945
498.889
413.228
527.004
790.583
918.825
233.925
706.091
928.065
753.204
314.111
552.091
256.827
719.59
491.009
476.775
682.706
191.387
168.074
313.479
690.01
626.077
533.735
735.949
175.103
844.801
464.407
1032.84
743.142
788.48
989.409
454.38
465.022
442.254
884.002
854.478
780.195
940.332
226.559
640.956
288.626
189.929
323.446
455.343
391.638
486.695
748.323
869.207
273.923
656.507
878.444
720.457
705.897
652.302
424.125
581.818
399.18
165.641
108.78
439.393
798.73
316.033
489.744
237.977
478.218
282.765
247.697
610.257
594.66
811.816
774.269
547.793
582.417
763.121
861.492
451.486
622.384
302.121
486.749
750.96
962.48
147.136
751.663
982.357
666.061
214.182
425.033
328.824
529.276
549.414
579.297
338.923
555.612
596.796
638.787
524.47
675.296
541.599
729.038
371.652
523.474
785.285
245.577
481.763
790.78
434.753
601.925
826.533
365.396
266.361
549.637
633.096
374.585
589.406
268.496
442.191
896.233
369.77
499.604
225.801
1104.4
213.084
62.1691
662.333
892.408
1121.83
799.962
231.625
553.957
717.157
