50
593.956
363.743
335.179
281.313
343.083
295.237
320.975
630.17
315.66
263.37
597.147
463.276
466.76
289.389
704.376
8.06226
306.283
659.734
856.664
656.567
221.109
900.029
406.498
449.752
122.776
554.066
502.064
459.156
694.346
810.364
212.84
311.006
764.995
288.765
84.1724
466.486
299.187
757.879
798.309
830.099
633.316
856.977
374.723
321.237
610.532
74.9533
374.767
134.317
375.033
440.832
340.93
314.746
567.354
403.094
634.735
147.574
687.896
362.353
172.07
531.008
730.327
319.014
195.389
601.984
746.427
203.158
297.069
258.132
659.867
562.939
187.747
166.027
623.136
245.953
630.368
356.887
116.812
223.808
654.086
631.782
204.394
482.561
644.811
665.156
597.181
261.268
531.805
257.42
353.204
273.383
830.437
659.655
30.6757
629.929
705.97
477.938
796.343
433.343
246.658
129.85
89.1964
620.148
555.09
640.406
172.026
548.293
127.098
290.172
336.929
447.904
369.738
338.6
390
737.532
637.678
559.561
545.495
321.31
280.713
470.346
262.774
213.469
122.642
491.203
598.161
551.008
611.624
529.235
507.027
447.2
230.078
173.954
480.104
438.135
595.25
295.381
705.42
415.586
632.084
469.615
342.586
690.325
352.525
373.45
186.96
509.664
347.324
294.16
319.595
347.071
263.122
278.677
560.143
679.854
96.421
513.654
341.883
595.883
492.936
546.784
324.723
327.258
825.754
189.932
277.189
313.466
443.842
643.311
443.257
457.377
562.268
322.621
290.947
543.386
141.683
352.899
642.87
503.271
579.118
756.095
598.348
560.817
563.224
677.131
318.798
344.006
398.493
366.476
200.998
661.451
332.844
162.444
416.019
374.253
452.018
80.2808
351.518
373.259
506.123
90.802
429.076
289.375
458.835
390
591.849
429.815
393.573
680.165
130.599
170.294
331.549
303.266
458.053
265.324
413.038
529.06
386.039
409.258
485.009
279.693
340.711
462.29
337.242
486.806
596.84
549.482
407.541
583.422
543.529
434.191
333.709
315.431
490.65
181.731
518.078
176.23
642.403
674.519
650.459
252.606
663.465
138.351
173.692
415.933
576.032
346.781
219.911
517.476
864.419
750.025
560.183
630.817
432.177
404.085
463.418
390.001
159.154
246.077
621.003
727.86
551.649
632.994
658.259
553.965
425.621
135.532
60.4401
605.026
516.005
723.951
405.464
834.278
290.931
649.194
595.454
296.998
706.17
380.091
246.26
533.085
500.8
555.701
84.2912
487.935
215.615
349.543
251.072
448.974
302.076
345.059
395.545
698.774
573.893
478.038
604.792
256.258
237.124
392.659
275.22
296.042
164.003
472.258
585.253
469.572
524.748
523.674
417.852
376.085
300.885
195.243
491.675
504.248
590.717
339.744
675.074
428.229
545.903
429.439
288.903
604.14
266.627
393.249
593.708
62.0967
460.727
547.822
740.304
783.684
346.152
805.661
321.45
625.007
780.72
810.326
562.428
122.654
1095.23
476
557.774
205.789
714.643
799.233
675.536
751.367
854.462
127.224
10
837.545
152.643
264.462
774.328
608.858
870.285
1012.6
892.037
823.234
839.431
686.988
27.1662
636.234
393.081
75
268.078
693.141
652.645
441.291
47.4342
658.11
844.29
340.787
327.983
637.81
830.918
346.879
228.359
111.973
645.487
703.768
248.244
275.545
630.635
390.8
756.858
488.289
224.956
288.534
641.284
593.034
307.417
450.134
664.434
784.551
695.129
389.391
678.378
338.788
500.625
246.033
915.782
620.423
120.221
679.824
658.182
500.469
887.209
488.611
607.161
756.536
782.407
389.56
854.078
314.57
611.662
826.474
870.874
623.895
96.5194
1132.05
523.129
602.03
193.61
754.115
809.027
705.014
804.114
909.158
104.087
60.2993
889.396
205.922
247.168
779.179
612.134
917.878
1045.46
945.301
859.168
898.606
668.012
35.4683
690.821
383.084
61
289.278
678.561
422.928
299.08
426.001
167.003
444.406
271.118
390.017
397.408
651.038
504.829
418.001
651.061
193.052
200.861
341.259
291.295
380.189
216.49
447.689
563.604
409.816
452.912
510.467
337.765
336.216
382.273
259.239
495.581
558.477
576.91
379.095
635.435
474.853
475.631
385.358
278.729
533.548
201.159
446.052
656.833
835.18
308.781
362.068
604.633
810.262
375.133
268.287
92.7793
602.605
734.534
231.873
273.907
591.481
405.494
754.615
491.137
263.638
334.248
598.653
547.366
348.662
405.834
627.466
778.371
680.21
425.47
702.878
383.402
519.736
291.62
895.007
574.635
149.375
649.838
611.616
465.563
868.499
220.204
463.768
494.773
468.124
349.291
434.964
822.137
748.255
671.472
496.424
437.477
383.356
578.16
312.544
99.363
175.011
559.823
656.068
662.87
731.471
580.527
632.463
547.366
144.617
198.64
511.455
380.147
642.884
293.401
781.207
410.027
750.658
561.217
426.864
808.718
472.288
361.006
587.562
713.41
468.113
213.846
653.621
1026.35
922.664
687.584
685.992
604.675
570.789
589.275
528.971
143.377
385.918
772.347
872.83
679.413
773.886
798.66
712.138
541.202
77.2528
180.011
731.642
567.868
861.892
512.104
991.002
235.491
786.584
759.412
403.149
841.204
533.683
185.809
467.069
297.047
518.094
437.082
567.539
374.937
346.1
751.592
137.102
212.474
304.164
369.542
547.111
351.957
429.773
542.236
339.613
340.619
510.299
200.142
328.897
548.078
413.319
529.639
674.893
570.828
481.727
570.982
601.349
367.196
330.553
341.303
421.089
162.015
581.381
712.34
784.441
59.8164
374.856
439.232
812.528
377.387
331.122
259.665
759.64
186.301
588.069
331.187
110.027
165
805.762
801.455
86.2786
653.405
769.276
639.226
621.342
66.7083
368.087
148.661
230.972
313.555
863.209
828.937
213.063
722.732
879.241
609.643
821.309
304.657
667.612
864.399
663.666
219.477
906.848
414.509
457.797
121.165
561.69
505.61
466.044
702.409
818.426
211.301
311.464
773.036
293.002
79.3095
469.129
301.944
765.764
804.808
838.15
640.45
864.884
371.927
321.03
618.521
72.5603
374.012
141.209
373.289
727.496
1039.65
887.588
515.149
845.698
582.864
580.595
420.268
600.833
322.008
460.588
816.682
928.416
507.74
615.007
863.481
587.185
364.497
258.043
165.197
818.664
729.09
930.178
625.14
1019.34
84.8646
622.463
771.601
232.261
672.42
411.733
68.884
422.839
458.795
779.518
360.035
304.926
225.078
721.543
127.475
528.459
272.068
149.466
223.332
772.431
775.902
145.774
629.743
727.632
579.41
563.773
98.1835
333.29
208.331
177.341
365.919
805.563
803.001
227.108
674.125
855.096
571.694
763.142
254.012
870.531
727.578
461.637
461.936
858.818
518.472
921.083
647.131
274.345
234.691
866.712
810.672
304.724
672.655
892.716
959.632
893.546
410.099
739.376
287.237
599.894
77.2528
1124.16
837.404
269.483
903.471
870.278
728.234
1091.62
633.37
815.571
317.989
366.007
635.781
497.064
845.612
583.644
334.127
383.262
630.537
563.618
412.976
433.374
677.496
867.62
763.741
499.545
789.793
436.767
609.765
300.27
971.928
589.594
231.864
714.581
619.233
522.598
947.815
1068.08
483.16
554.707
98.3514
696.432
719.242
633.603
773.68
883.564
8.60233
113.596
855.852
200
150.652
686.781
519.461
874.057
976.341
915.21
795.222
890.232
572.171
111.4
666.953
286.923
157.318
217.187
582.114
637.151
548.931
991.69
382.551
543.33
440.967
486.338
493.123
1060.04
1088.83
425.945
951.69
980.3
612.06
690.809
323.427
118.207
443.221
273.066
655.001
903.221
1114.16
585.54
887.289
1170.13
850.918
853.071
88.4081
438.412
257.158
532.403
286.923
294.17
408.207
476.707
471.377
373.376
324.82
457.581
550.563
448.486
394.771
572.512
434.578
376.63
453.154
667.724
498.648
204.318
445.314
550.237
291.208
638.997
499.985
168.908
481.698
218.213
247.386
363.6
547.71
552.569
315.268
408.495
511.003
509.345
431.616
319.531
484.663
380.434
288.877
438.772
664.488
579.381
192.463
476.4
632.516
350.009
630.353
628.59
622.57
552.762
732.574
846.021
90.1388
195.829
810.571
218.634
59.7746
588.847
421.503
818.27
895.632
872.798
720.295
870.099
481.204
202.2
634.392
189.789
253.503
150.03
488.016
408.839
144.917
249.018
343.943
688.767
708.6
270.185
569.444
627.326
456.011
436.681
218.563
316.057
334.772
120.83
471.632
678.352
734.479
276.203
560.576
789.639
481.502
635.708
274.117
657.231
750.947
710.699
789.958
674.229
703.293
584.199
69.029
207.454
600.021
425.132
735.185
375.778
879.164
365.63
806.906
660.579
453.125
864.186
534.11
314.836
386.804
487.469
625.32
668.019
414.918
544.717
539.393
314.841
295.481
359.089
343.052
479.688
177.485
607.08
536.027
691.339
387.289
450.46
749.022
417.398
492.278
116.297
767.663
748.313
88.5099
599.056
750.522
701.592
659.13
165.711
477.051
141.598
325.776
222.713
898.768
776.171
121.828
723.683
822.75
585.001
860.619
877.834
852.048
80.1311
703.293
865.504
799.901
768.784
181.463
511.321
55.9017
395.066
162.308
1009.65
879.937
218.341
839.955
924.164
699.412
970.2
117.924
849.588
197.327
143.283
678.358
511.048
867.13
968.101
909.158
787.223
885.77
565.319
117.388
661.465
279.079
164.685
209.122
574.836
834.243
149.265
254.558
764.777
599.206
865.896
1005.61
889.163
816.648
838.907
677.032
27.8927
633.746
383.084
81.3941
259.357
683.143
685.007
825.219
724.846
701.719
105.385
435.344
67.0522
315.087
237.118
943.408
862.056
210.238
788.99
909.438
661.601
902.526
272.25
689.385
532.241
718.292
874.223
739.964
681.723
696.035
660.924
177.116
484.952
362.664
225.843
179.471
655.824
546.059
379.357
825.368
880.142
889.001
711.687
899.58
422.928
259.156
658.485
138.192
307.937
167.194
431.561
167.344
655.759
493.852
787.443
435.139
921.727
297.321
779.868
694.765
410.864
836.163
514.612
246.522
653.979
576.279
768.085
461.01
867.71
241.868
613.555
624.079
246.018
669.487
354.189
201.517
330.312
144.755
227.706
341.955
895.064
893.274
277.406
772.032
944.119
668.283
851.284
468.961
195.888
672.26
785.464
1029.94
558.158
780.7
1086.97
759.631
735.22
369.259
212.53
1009.86
917.041
257.387
855.248
962.915
724.467
968.666
543.007
695.041
841.724
382.005
627.682
898.014
578.138
648.124
1103.1
866.222
250.45
898.463
902.906
732.992
1068.01
682.004
855.852
299.775
729.011
488.723
50.8035
661.637
391.567
58.2495
279.571
690.122
649.114
706.321
491.304
822.521
443.247
199.01
300.806
337.818
739.432
479.805
