50
196.825
579.618
507.351
375.012
448.576
342.231
667.115
462.65
116.362
445.929
443.798
662.572
500.177
559.876
444.775
170.801
451.004
720.328
307.353
415.216
745.926
71.8471
554.437
500.385
351.319
499.252
279.115
203.961
192.575
356.725
768.059
527.774
140.014
645.565
49.679
418.24
212.72
663.392
314.078
326.221
572.158
352.836
307.883
794.081
548.689
696.983
309.793
478.819
793.953
743.404
356.181
339.567
270.407
172.029
473.989
473.334
313.177
318.354
513.386
465.929
546.667
457.656
455.782
44.7772
541.499
604.861
373.226
226.557
549.117
261.553
373.636
335.489
400.031
347.248
126.4
49.1935
208.031
245.66
684.901
336.442
200.639
461.088
245.177
338.681
115.802
466.567
306.687
164.584
463.039
399.401
112.089
714.382
598.164
619.342
310.097
598.565
699.138
1085.12
932.129
902.087
810.262
1206.15
533.429
495.614
1025.54
887.005
1164.6
962.168
817.188
958.274
735.534
329.645
954.066
799.465
968.806
1249.34
508.737
1117.03
1073.68
848.034
1076.78
750.953
721.69
567.107
731.668
904.996
1005.8
548.767
1203.45
534.581
704.026
678.425
1172.92
864.604
787.711
839.582
851.399
833.562
914.082
446.055
843.551
554.286
230.054
953.9
275.944
416.203
403.6
279.158
809.104
608.297
84.7703
528.532
373.873
510.192
699.042
395.001
352.695
897.206
801.904
447.098
183.742
420.324
579.155
130.602
50.9313
432.447
9.05539
419.03
394.011
563.051
529.515
921.942
378.41
555.612
203.158
555
629.365
458.35
356.387
320.93
418.245
693.578
428.803
313.23
953.319
944.566
870.201
653.759
954.059
918.157
550.616
483.694
546.015
799.758
436.818
191.909
254.159
616.63
247.946
790.117
134.852
304.113
823.491
927.095
180.887
349.368
678.027
436.225
395.153
308.469
157.889
273.403
459.2
388.631
518.001
582.52
1019.52
563.128
484.407
477.782
409.06
677.93
452.623
604.047
68.4471
485.899
792.67
154.042
384.981
1049.65
908.869
956.005
635.076
853.563
1029.61
106.705
346.655
468.108
560.286
435.115
766.116
268.213
787.13
286.246
682.561
313.683
622.637
388.897
631.672
234.674
350.704
498.616
341.391
369.542
650.588
408.447
171.724
246.13
342.212
178.676
505.792
106.212
378.164
388.24
490.567
254.608
246.678
280.964
541.303
125.284
278.649
649.129
173.078
537.175
616.733
455.834
357.502
708.062
502.739
407.141
418.714
453.584
401.289
681.2
354.469
708.994
310.098
610.447
216.668
548.362
443.708
542.918
223.271
439.423
392.005
361.522
364.238
566.46
394.899
65.4599
141.428
244.264
127.016
539.752
198.769
275.118
428.173
383.878
225.869
141.549
362.763
464.053
22.6716
310.408
565.442
101.242
570.509
563.072
480.139
283.087
627.065
546.717
813.674
781.891
356.742
800.106
132.378
787.445
611.245
671.789
496.46
955.484
661.608
702.353
253.16
145.825
734.809
151.162
238.355
696.503
278.742
458.847
486.541
641.094
519.582
801.768
249.906
657.907
91.214
716.582
601.263
528.28
108.706
578.775
429.439
597.335
693.265
373.355
832.039
961.716
767.586
689.807
1033.14
782.984
496.231
786.943
906.448
731.131
961.425
291.208
895.558
499.632
204.284
420.638
768.925
637.744
808.788
442.191
780.124
775.613
810.95
800.09
390.415
426.386
283.097
295.601
385.592
571.573
325.719
845.071
460.327
216.449
358.504
746.422
751.927
399.326
314.197
812.055
496.63
401.138
148.946
318.057
164.842
304.528
430.094
540.279
438.658
778.913
505.985
642.608
476.236
285.568
433.974
804.801
321.375
529.241
862.286
65.9242
665.111
606.209
370.061
600.664
389.051
318.402
265.52
451.775
836.757
642.72
210.523
757.085
69.857
498.182
317.695
779.742
369.758
436.147
657.362
372.743
424.156
860.566
553.137
764.739
365.207
437.017
867.674
445.457
439.246
430.769
707.939
315.075
305.182
857.31
823.985
362.498
203.148
493.463
516.988
205.623
118.423
347.805
81.5843
403.277
362.068
525.844
522.015
935.449
417.162
510.91
285.911
491.647
622.686
429.377
424.04
236.394
412.055
705.192
344.189
302.643
966.644
916.001
879.259
626.352
907.326
936.404
866.386
76.4853
967.228
144.028
469.297
872.048
1117.93
142.341
592.079
930.627
474.052
649.308
562.601
115.551
526.574
639.581
556.486
630.987
753.745
1189.92
797.12
582.2
731.263
451.412
836.876
606.542
855.038
231.158
676.938
974.4
117.175
593.189
1218.12
985.215
1121.35
751.216
872.963
1208.48
863.959
501.862
748.858
498.061
890.85
536.146
754.066
279.145
85.2115
724.5
245.247
325.523
756.305
370.871
415.823
464.889
598.572
446.808
678.955
162.003
625.653
218.403
710.252
514.837
491.272
23.7697
637.126
376.948
485.635
753.555
354.877
708.628
880.065
649.693
625.5
975.649
657.136
1004.04
115.732
504.034
937.325
1150.56
192.824
596.722
923.199
536.68
636.381
549.19
151.4
509.519
672.84
592.366
682.051
791.051
1229.77
808.387
635.796
713.025
512.77
878.483
647.173
850.8
245.935
707.025
1009.71
150.864
615.965
1258.66
1046.52
1162.53
802.948
942.245
1245.61
912.383
500.018
492.416
162.265
825.245
515.45
567.44
577.222
627.083
654.011
855.936
690.92
332.388
411.754
377.097
213.49
229.828
363.001
432.325
666.817
583.014
144.554
361.963
521.82
763.696
304.803
23.0217
855.582
411.34
260.45
425.691
171.493
296.083
591.991
241.58
415.74
893.991
1054.01
158.824
484.125
807.521
493.527
520.697
433.497
110.635
394.127
580
503.572
612.699
701.407
1140.52
697.883
571.616
598.041
467.428
793.228
563.249
735.436
149.164
610.627
916.415
107.079
514.048
1170.11
992.639
1075.11
733.027
910.761
1153.3
552.453
648.672
328.763
244.436
579.967
240.01
385.716
338.195
356.438
344.023
170.294
88.3912
224.321
287.117
726.24
375.201
205.73
475.909
220.411
377.489
148.718
497.122
266.627
209.335
506.028
355.924
149.482
755.45
618.45
659.897
334.97
603.013
741.596
624.721
747.685
745.904
972.816
401.787
895.424
872.8
794.796
888.218
501.059
503.87
334.215
444.162
578.727
728.848
347.386
971.731
427.108
393.459
443.054
903.067
764.676
526.161
515.197
796.895
601.299
590
142.299
515.275
266.257
100.245
626.419
976.828
623.013
583.104
739.346
710.862
753.414
1004.89
794.567
478.481
561.634
539.281
367.766
146.659
433.073
594.428
732.085
744.731
306.819
517.649
559.03
906.904
443.776
148.189
1004.24
542.362
174.287
533.094
145.602
455.536
724.887
121.396
475.38
823.971
346
555.044
471.781
49
443.095
498.944
415.194
490.8
611.805
1047.59
670.565
443.497
643.257
321.338
694.537
464.263
745.097
126.194
537.515
832.705
52.0865
458.705
1075.78
854.28
979.008
611.479
758.083
1066.37
352.966
484.109
150.266
141.283
479.843
175.514
249.273
248.685
415.496
350.241
739.45
217.166
421.578
234.73
464.844
448.786
303.318
271.774
361.188
240.033
510.393
477.31
144.845
770.8
778.332
686.732
489.931
813.058
737.408
808.617
289.871
375.832
823.049
418.896
501.009
549.477
683.615
528.683
728.748
244.806
710.859
236.172
793.918
592.368
576.483
82.8734
704.003
461.85
549.583
820.088
438.717
757.291
957.508
705.976
708.181
1058.75
702.12
625.097
572.106
393.01
571.074
326.939
260.542
200.172
385.975
773.796
584.11
144.921
715.793
27.1662
432.917
254.024
726.529
372.302
373.805
591.761
395.127
369.943
798.106
511.189
701.884
303.727
419.202
803.771
87.2067
546.996
129.031
396.289
398.648
565.743
487.115
840.13
278.002
571.136
92.9624
604.003
581.674
453.363
226.744
430.238
380.867
618.043
543.663
294.156
871.381
923.275
794.882
637.147
963.313
830.408
461.649
46.0435
385.331
369.087
538.925
491.044
875.235
328.024
536.128
171.479
549.16
589.958
430.768
308.872
346.136
380.296
647.784
458.225
279.122
906.62
913.782
824.757
623.59
933.714
870.338
429.334
526.422
444.325
530.848
642.548
1080.4
682.408
485.231
632.542
367.904
728.32
497.137
745.918
119.206
562.765
862.392
4.24264
477.7
1109.04
899.514
1012.64
651.78
806.531
1097.46
410.044
384.984
554.054
520.726
914.117
372.075
546.762
204.707
547.011
620.627
449.298
353.771
316.901
409.445
685.589
425.735
304.278
945.49
935.513
862.132
644.705
945.207
910.607
85.235
183.848
123.822
560.875
263.059
210.772
470.673
319.514
222.463
76.4788
422.689
431.335
47.1699
337.01
525.8
106.231
590.762
529.2
496.806
240.934
574.843
573.537
169.838
198.728
637.867
324.322
173.217
482.446
248.652
290.043
67.897
468.027
354.408
129.074
418.097
443.907
113.455
667.117
554.058
571.686
264.371
565.958
653.331
195.479
577.097
442.222
55.5428
646.4
207.531
232.744
113.442
606.157
468.882
222.002
391.939
531.701
272.883
602.528
394.351
505.624
120.95
397.574
605.083
439.278
284.823
245.008
549.586
386.674
100.688
149.883
459.576
552.342
111.306
221.35
642.235
219.529
468.722
442.557
373.893
180.325
531.075
454.921
565.117
632.217
868.405
784.037
353.425
583.486
701.445
991.535
534.605
230.341
1080.26
640.97
31.3847
463.269
72.0902
472.239
675.759
52.8394
473.701
304.902
572.972
356.104
339.531
175.277
566.683
220.511
350.463
680.36
225.719
596.154
720.47
524.427
463.622
814.015
553.108
655.642
152.053
288.113
134.529
631.421
431.213
254.024
446.861
486.342
284.851
657.417
424.537
560.629
169.8
398.447
660.553
695.208
639.022
533.104
195.533
517.584
449.144
655.067
629.051
373.526
899.2
990.871
829.297
709.542
1043.36
853.271
439.355
249.05
711.526
345.209
366.65
596.729
369.92
355.376
808.963
534.064
712.338
316.809
446.112
812.602
231.311
530.456
644.112
211.625
160.655
728.332
320.214
381.274
365.301
284.482
158.673
488.357
376.108
497.414
414.45
121.433
370.951
497.101
159.706
611.945
487.37
515.505
197.023
510.414
602.408
626.718
385.379
506.006
743.077
356.591
731.225
895.362
671.329
637.217
986.664
680.115
463.147
768.105
116.43
370.061
1021.06
855.25
925.973
588.191
791.003
1004.84
306.772
561.912
109.563
565.088
542.8
473.296
261.228
604.496
543.722
861.929
411.428
261.473
448.537
177.2
315.057
614.694
237.008
476.303
1108.95
901.18
1012.6
652.645
809.072
1097.13
671.745
634.996
581.251
345.584
670.119
647.341
469.946
97.2008
495.513
685.747
64.6607
406.995
290.833
222.926
513.936
400.151
613.636
112.04
350.828
505.389
724.244
