100
294.015
459.132
636.44
323.11
113.846
588.891
657.383
501.22
31.0161
565.618
84.534
200.744
409.414
842.589
453.084
45.4533
575.272
257.093
772.628
476.424
295.219
457.001
255.82
616.4
410.815
723.287
438.694
204.475
537.708
541.081
353.375
645.109
446.387
338.024
673.873
482.702
368.436
799.498
334.181
423.728
59.1354
110.603
139.27
153.395
163.135
133.222
952.001
546.057
572.085
999.322
504.938
452.991
511.305
397.555
412.083
557.487
441.616
513.693
349.986
517.429
93.0591
599.633
595.484
571.172
542.015
672.771
176.284
650.647
579.767
789.361
225.967
190.707
557.979
242.293
440.284
759.726
206.671
159.314
105.683
662.375
888.442
439.141
608.95
134.97
747.214
566.404
114.586
148.273
113.265
175.801
658.741
408.091
759.664
326.353
320.156
899.716
71.0282
478.942
165.496
714.832
916.059
344.217
406.989
712.879
704.074
339.638
269.007
788.12
221.371
112.699
690.018
847.005
639.958
339.401
298.766
489.908
876.249
649.006
579.211
450.245
136.971
447.126
626.216
545.066
711.959
224.243
264.622
592.292
363.655
419.345
577.294
98.9798
774.712
420.214
209.122
753.406
582.244
225.801
345.398
240.217
154.806
436.973
325.994
400.621
999.525
296.589
317.37
1048.93
542.816
724.812
234.546
668.868
552.497
576.251
711.52
244.135
632.374
256.363
365.843
707.865
780.806
670.178
531.866
856.973
452.134
545.282
805.745
796.905
406.709
300.06
834.632
149.054
646.094
569.72
99.4786
403.011
277.95
589.376
957.335
566.824
856.519
428.553
877.216
807.802
185.981
297.113
194.263
260.931
684.854
560.183
543.18
613.153
443.559
963.155
227.754
418.693
441.889
232.142
756.483
388.799
377.339
550.532
743.132
490.102
151.4
502.096
648.968
123.167
742.796
206.041
425.883
932.148
226.108
526.775
240.47
194.987
541.671
611.557
828.109
142.888
919.244
79.0569
660.551
894.472
486.153
500.1
920.377
324.008
712.933
466.31
621.631
670.797
789.256
132.699
732.129
400.281
567.342
577.139
310.335
393.081
327.075
758.465
870.919
898.568
793.883
493.789
71.7008
877.151
85.0412
305.997
543.737
62.2977
869.403
154.932
861.854
367.012
412.323
253.3
416.448
579.118
306.139
283.778
770.208
154.156
699.188
321.591
430.554
153.118
700.14
160.012
964.159
650.573
498.86
550.597
734.006
672.967
329.607
150.765
352.206
461.494
115.832
566.794
581.922
569.225
623.955
584.755
284.042
1001.27
189.621
352.423
690.809
502.204
617.301
434.001
892.036
540.948
574.659
757.644
973.795
666.731
299.366
695.881
836.121
227.2
939.108
426.564
595.585
1153.21
443.244
688.89
456.18
341.248
773.254
825.884
1060.18
372.839
1151.27
205.767
822.796
1115.1
707.831
731.416
1150.61
549.397
926.751
652.203
853.712
895.116
1003.62
351.655
957.109
578.433
734.951
768.44
483.647
607.161
515.694
922.05
1096.05
1123.82
950.008
720.49
194.651
1095.86
249.13
534.973
767.776
209.459
1089.88
286.458
1084.11
552.134
612.229
417.968
624.869
807.101
435.005
464.866
1000.33
285.24
900.454
543.975
649.16
83.2166
876.741
383.638
1196.22
840.424
626.001
710.077
961.102
833.778
556.141
194.165
508.214
612.36
228.239
750.42
731.804
749.697
779.647
796.645
513.118
1233.21
311.888
584.086
852.986
692.223
849.391
558.022
367.686
908.899
958.691
677.647
297.634
878.792
339.438
256.909
677.835
1130.63
775.766
340.649
617.739
576.542
1091.01
799.532
568.333
728.6
430.465
788.982
729.866
888.779
717.576
143.422
590.161
841.01
625.653
761.318
765.426
441.584
990.721
725.833
538.777
1061.78
643.619
567.374
372.989
219.456
296.223
449.678
474.768
448.397
1257.83
635.039
652.645
1306.26
798.585
733
558.914
682.18
732.025
845.208
725
574.394
620.311
591.409
410.546
917.008
917.288
886.095
815.983
994.157
478.819
873.011
891.162
1077.9
546.945
485.824
823.707
196.148
760.78
913.937
271.03
266.152
217.681
906.005
1200.01
757.446
906.786
404.308
1069.13
869.955
268.779
178.194
256.088
149.459
952.355
729.571
885.353
588.383
633.482
1209.88
326.038
723.171
334.253
591.665
689.638
600.202
138.221
514.689
196.023
308.598
317.404
883.577
431.928
68.6804
688.646
229.107
776.341
461.741
204.022
521.035
365.17
713.32
374.799
819.793
353.362
281.938
650.942
578.317
423.019
751.767
456.653
451.08
682.843
560.803
473.274
858.848
279.957
531.001
79.1202
195.059
252.24
87.8009
218.083
110.476
973.839
657.043
683.441
1019.25
549.855
368.543
624.836
315.945
421.142
605.644
359.427
626.765
258.095
629.802
94.6414
609.121
565.899
586.537
600.93
640.401
118.004
731.85
525.925
830.887
246.26
260.622
466.315
338.687
408.207
858.143
316.304
120.507
169.186
734.392
903.333
451.728
539.189
36.6879
739.743
502.482
223.573
194.659
218.929
240.052
698.705
411.418
863.385
229.367
350.801
916.526
184.196
556.705
78.4474
185.181
562.148
611.919
277.462
574.711
704.361
486.087
366.776
183.636
583.398
811.865
365.855
184.946
146.25
491.11
320.089
577.052
601.506
258.909
664.263
452.09
775.493
780.616
179.427
360.817
726.522
143.694
660.001
94.921
402.651
565.417
434.373
359.872
611.001
548.744
689.606
636.485
507.434
435.013
483.344
394.677
730.286
754.135
436.079
220.601
448.04
776
435.652
176.955
240.01
436.018
759.19
486.252
741.826
512.91
38.0132
167.863
65.8635
298.859
204.963
479.263
489.939
294.389
326.008
362.933
433.202
513.437
774.355
227.554
708.611
697.782
710.224
693.977
430.116
316.218
152.322
390.565
561.941
164.924
347.385
650.315
737.151
660.401
759.456
228.537
181.761
768.035
510.886
279.451
331.421
585.795
399.805
665.638
471.23
673.903
462.222
619.956
724.829
649.296
199.832
345.939
664.263
732.159
484.366
209.497
310.221
633.107
256.26
568.898
477.948
418.151
519.605
620.794
817.274
706.629
117.686
343.023
612.374
248.073
630.575
140.663
314.356
519.711
249.359
506.668
549.722
630.825
742.762
666.802
614.554
494.263
579.466
299.843
645.62
665.483
348.811
162.742
618.876
709.222
598.208
280.672
131.32
605.577
688.867
639.253
667.582
599.724
147.177
352.264
134.172
188.862
377.86
590.428
342.327
479.438
151.013
443.788
474.152
693.26
797.078
392.46
561.413
715.005
800.131
756.095
271.86
253.712
248.745
575.608
666.125
258.155
531.541
690.23
800.502
702.648
812.025
48.5489
297.7
629.991
658.751
340.372
259.083
634.382
313.356
767.626
494.353
750.366
420.044
423.066
774.783
558.71
583.561
537.912
261.084
540.167
676.069
572.165
690.204
242.217
259.008
116.276
610.999
222.767
775.722
543.339
237.548
390.866
243.6
177.629
471.926
240.95
586.123
161.251
141.428
437.778
625.084
115.603
521.162
517.009
409.02
578.253
402.505
529.533
734.24
174.393
195.064
782.231
343.338
783.506
244.806
734.97
467.36
344.42
767.965
222.468
730.327
199.249
516.168
540.171
692.202
500.64
283.106
754.965
575.15
212.702
770.554
515.516
439.047
354.133
891.713
482.138
612.892
258.544
408.326
655.671
549.482
271.017
714.112
461.411
850.029
602.03
705.97
797.031
448.01
585.008
462
566.125
435.198
485.956
268.076
726.909
391.435
714.447
436.488
163.518
665.552
595.585
74.4312
171.814
439.83
856.286
480.368
72.4983
555.212
286.4
794.916
502.739
325.484
465.626
242.903
610.234
439.906
717.029
469.521
174.723
518.035
556.925
361.137
632.608
468.787
319.24
695.432
485.968
358.482
807.976
364.786
411.477
90.1388
81.3449
114.586
184.141
180.812
163.884
970.159
529.774
555.306
1017.83
518.987
483.861
490.89
428.476
434.964
570.307
472.547
494.41
380.321
499.373
123.685
621.361
623.331
591.852
551.705
700.786
207.292
651.768
609.921
803.059
249.401
202.181
588.545
211.367
468.875
752.331
178.62
161.372
82.807
667.012
908.243
461.152
639.852
162.816
771.542
597.124
85.8836
127.016
83.1685
148.862
673.304
432.019
749.037
356.14
339.65
919.085
57.8705
482.37
179.602
591.752
739.358
274.022
639.906
166.832
539.579
968.303
310.221
395.285
182.099
337.5
522.664
669.214
818.507
162.028
898.57
227.754
770.092
932.276
427.155
510.633
926.789
284.431
768.135
352.847
608.363
704.909
710.631
235.281
762.609
509.487
676.202
666.033
429.514
463.039
433.267
629.385
897.839
924.624
660.915
449.722
216.945
919.361
235.274
283.323
489.624
211.473
908.012
304.109
896.541
472.957
315.398
119.419
332.291
537.409
156.668
400.05
734.687
20.2485
602.098
381.425
489.36
247.032
798.204
144.368
943.9
738.312
631.095
665.307
685.937
541.831
293.804
113.877
478.285
323.149
71.1969
663.272
701.108
668.3
738.6
503.659
264.413
991.88
338.009
369.356
560.558
595.615
604.438
569.59
148.014
469.265
796.589
460.909
127.64
492.958
283.064
754.4
478.592
357.883
400.065
171.33
535.855
431.195
642.671
493.001
201.206
455.126
502.3
295.296
560.847
431.111
255.221
653.322
414.88
285.049
741.151
371.135
339.466
125.877
123.422
75.1665
215.648
140.872
180.25
918.65
461.736
487.89
966.967
461.276
506.329
429.424
450.284
399.282
510.186
493.572
430.847
411.252
433.803
144.506
580.202
605.159
548.034
487.075
682.941
231.193
579.007
607.743
743.497
221.109
146.386
615.081
208.096
456.561
678.17
148.57
235.79
143.279
596.638
860.677
422.413
648.298
211.568
737.621
602.14
76.0263
186.325
85.703
192.094
615.657
399.825
676.098
391.796
296.22
870.451
17.1172
411.418
249.618
608.922
885.647
604.497
244.311
411.461
431.074
878.419
619.64
495.262
482.236
173.994
536.456
578.333
638.882
635.932
120.599
377.115
608.432
383.254
524.299
562.524
195.923
776.392
471.48
282.809
808.273
518.703
316.571
257.769
128.845
73.3348
352.483
281.604
323.707
1024.41
405.527
427.604
1073.54
562.228
649.758
347.19
593.842
533.159
603.929
637.587
356.181
549.796
367.18
285.17
705.386
748.474
670.398
568.649
826.078
372.368
616.105
755.526
833.676
364.232
271.936
756.725
72.2496
602.757
667.169
15
291.81
166.4
650.25
973.801
552.953
795.956
334.624
869.002
750.081
86.1626
184.491
89.6939
150.625
712.765
536.537
647.172
526.972
425.556
981.736
146.769
469.051
334.677
846.116
305.026
369.131
935.813
234.617
644.995
342.146
114.586
599.722
605.29
870.435
231.216
967.952
48.1664
599.008
897.469
571.319
539.157
948.591
408.574
705.204
578.285
672.447
683.006
878.41
157.013
745.373
351.262
509.558
541.406
256.457
389.2
289.399
874.486
883.589
911.378
911.478
570.012
62.426
876.708
51.0882
383.208
623.939
63.1269
872.237
59.6825
868.203
325.171
518.756
374.931
517.139
650.52
429.298
238.076
832.272
275.045
799.951
336.091
434.052
149.215
650.355
259.233
1011.83
613.254
412.835
486.334
805.201
790.244
411.661
246.982
283.29
582.334
228.449
523.253
511
522.679
557.396
678.97
362.174
1040.27
89.4539
398.648
807.634
465.228
667.989
345.081
541.299
853.605
811.326
683.492
287.211
504.571
832.905
403.448
718.621
522.522
615.013
523.53
815.534
987.471
793.349
305.262
505.025
657.033
447.903
761.856
288.085
428.706
645.468
155.824
705.992
659.564
821.061
919.981
834.808
811.183
680.26
774.163
188.322
724.554
738.564
231.482
337.654
812.604
803.202
795.076
480.375
286.419
799.893
780.401
838.209
756.342
791.808
330.678
522.816
329.006
317.238
527.755
787.949
368.816
655.08
53.2353
637.358
654.172
880.039
957.209
587.532
556.09
874.234
990.715
936.985
295.054
210.583
448.496
750.221
861.734
365.137
710.904
862.416
981.186
875.651
987.661
184.954
497.532
635.857
858.283
532.781
199.612
812.089
429.694
961.926
437.416
803.814
203.342
357.342
37.4833
309.006
358.504
514.429
653.618
75.3127
736.615
274.869
653.251
768.258
281.78
344.158
760.126
123.847
610.856
278.029
443.443
541.156
583.248
177.792
597.746
403.755
561.471
531.881
344.524
322.902
330.728
577.585
731.976
758.6
617.787
294.688
273.075
756.483
254.096
117.068
341.223
259.65
744.271
302.63
731.981
366.231
214.348
144.25
212.603
382.001
222.036
314.701
577.59
187
495.868
240.354
340.238
354.559
668.809
46.5296
781.944
601.3
552.42
558.106
535.008
496.971
131.712
270.298
398.848
310.319
218.014
536.008
598.54
543.386
628.79
378.889
97.6166
827.329
327.483
206.119
513.048
468.028
439.42
500.831
619.99
236.18
768.138
463.416
254.566
476.957
297.809
652.2
389.236
758.98
400.532
234.691
582.313
549.626
375.345
685.861
443.086
382.479
671.206
509.251
408.001
818.328
305.354
464.686
34.6554
142.004
184.613
116.017
174.909
107.787
955.232
589.186
615.442
1001.84
516.624
415.159
556.159
360.355
408.002
570.812
404.447
558.173
309.483
561.421
71.4003
596.894
577.43
570.702
560.016
653.955
142.274
679.027
552.742
800.5
223.6
210.867
518.186
281.233
420.405
796.373
250.944
137.568
125.877
686.578
888.723
436.734
576.453
90.3383
738.215
535.784
158.316
162.459
155.438
199.379
668.887
401.647
798.944
284.345
324.139
900.8
115.521
505.321
128.082
710.187
935.778
799.646
833.969
494.016
332.256
297.061
815.407
351.753
947.972
518
38.4187
647.309
462.93
187.8
705.431
237.794
843.685
419.634
263.706
677.897
803.002
206.197
617.483
537.997
442.468
699.445
546.938
655.459
991.385
87.3613
74.3303
1038.68
598.03
958.574
64.6607
904.869
693.41
604.293
943.778
63.6003
882.8
71.8401
628.269
793.278
927.099
753.321
543.656
995.281
707.148
446.839
987.947
771.152
610.856
504.053
1070.02
436.578
824.97
355.294
398.026
699.895
575.681
517.015
974.53
694.447
1057.31
703.87
962.042
1005.02
478.753
595.85
488.984
558.201
696.214
708.838
297.543
870.218
598.947
974.354
504.481
421.294
733.641
549.506
232.639
163.233
376.634
385.924
636.883
153.792
735.911
239.008
461.121
672.164
383.693
306.472
714.246
239.136
487.308
458.955
443.227
452.232
685.164
93.7763
514.401
203.593
367.535
358.001
142.524
167.027
128.503
754.973
653.242
681.036
798.815
368.23
248.809
653.589
196.665
204.619
425.118
233.808
646.974
193
640.881
166.111
386.529
341.344
368.462
438.945
417.775
113.6
608.265
325.467
632.542
101.912
206.306
360.028
488.222
184.253
779.318
431.057
349.451
359.78
589.619
680.706
236.592
367.022
197.19
510.727
319.565
353.272
398.47
358.095
432.14
502.188
190.539
805.929
197.03
174.634
694.897
285.927
438.755
300.486
321.885
665.745
446.753
739.282
687.439
430.108
726.428
605.345
955.6
908.443
292.098
514.058
821.655
326.253
813.34
102.083
516.144
708.969
412.331
534.899
745.877
733.483
871.556
812.927
691.601
616.283
668.259
234.105
850.12
871.062
267.167
342.987
598.352
908.694
596.728
360.669
331.665
588.643
889.407
654.272
869.244
697.781
174.201
277.13
208.031
393.215
256.72
663.091
549.932
406.005
270.946
546.759
610.257
642.281
949.547
396.02
767.162
870.761
895.109
877.31
477.21
146.769
333.768
494.872
746.202
80.7775
465.004
829.325
920.768
840.015
941.584
254.169
366.612
837.828
681.88
458.207
165.303
766.288
514.534
849.808
345.627
340.896
520.246
636.834
112.787
716.528
311.088
674.016
764.823
251.938
337.251
747.431
102.416
614.394
240.801
426.855
538.744
549.946
214.311
593.485
429.303
583.353
547.759
374.937
338.681
357.994
540.482
725.481
751.673
580.992
269.329
308.735
754.483
291.29
106.32
312.851
295.63
741.254
340.074
727.85
392.02
176.918
132.095
176.377
357.099
208.031
345.485
553.947
202.252
459.619
257.56
351.256
386.478
685.596
83.006
761.864
615.621
582.021
581.946
508.206
460.34
112.058
291.452
429.522
278.218
240.585
554.301
623.221
562.392
651.56
344.511
91.6624
810.014
364.694
208.038
476.24
486.77
422.995
532.26
539.648
501.855
792.17
235.697
893.475
149.566
484.929
795.55
540.023
465.188
859.896
385.083
600.088
586.001
604.156
587.759
844.858
131.32
649.896
237.497
395.051
428.777
143.024
292.282
180.094
885.784
786.486
814.138
926.616
528.765
164.879
773.401
114.56
353.624
585.226
156.707
770.406
54.9181
768.042
213.378
518.538
415.462
508.139
601.706
481.814
127.945
770.756
344.569
783.502
254.922
339.607
263.752
535.798
270.141
936.129
500.009
306.185
372.388
752.835
805.931
385.093
341.541
169.189
613.14
310.813
409.375
398.453
408.462
444.005
655.733
335.529
957.983
36.8782
337.867
821.864
352.847
599.694
240.027
317.493
295.941
400.671
379.033
589.286
585.211
464.431
154.871
104.785
410.946
238.523
374.339
351.063
86.3539
264.169
342.539
442.792
299.207
448.189
522.346
432.391
466.618
303.646
421.03
549.28
410.955
434.337
598.687
104.48
593.873
462.819
553.245
242.095
126.246
578.371
444.303
567.116
425.301
426.439
299.483
453.776
259.625
87.4643
513.873
451.666
232.648
542.885
351.454
292.036
266.79
694.606
553.913
394.588
424.266
470.953
613.492
542.952
216.123
509.868
228.895
628.797
508.119
468.181
576.39
461.693
586.366
475.303
588.211
234.61
263.105
469.221
573.638
202.608
514.503
416.395
82.7345
597.994
375.048
508.945
480.704
620.123
290.341
293.847
456.019
227.108
389.786
443.559
101.39
637.772
298.444
118.343
635.277
479.693
168.573
289.822
258.048
150.013
367.72
219.237
323.234
865.92
292.25
319.006
915.301
406.952
631.523
271.671
576.779
420.523
442.597
617.159
268.777
551.262
268.039
297.106
571.234
652.338
533.371
401.637
727.393
374.892
443.036
687.693
667.51
292.166
182.003
742.96
242.211
525.29
513.517
160.59
402.15
291.076
476.303
821.653
432.903
746.201
376.012
741.035
695.593
189.066
326.002
203.01
308.6
551.623
429.849
506.448
538.02
312.64
827.897
186.078
296.211
420.862
690.606
106.888
867.332
657.012
287.327
422.573
331.441
136.528
534.462
348.3
607.635
210.205
257.018
382.531
716.995
221.712
634.2
633.096
525.015
686.866
510.014
638.02
707.415
215.102
222.733
753.077
382.279
873.907
305.473
828.051
536.672
365.657
858.288
281.432
829.285
255.977
627.201
573.956
747.181
536.537
303.942
802.947
681.66
153.734
838.738
486.963
537.954
461.937
979.437
592.899
687.818
145.399
521.584
771.596
665.722
228.32
701.304
524.812
923.643
713.465
729.231
870.982
564.107
701.018
578.055
681.235
434.839
557.072
173.876
828.51
476.602
698.44
552.393
214.201
780.113
779.295
204.247
614.567
778.64
345.323
367.523
788.624
182.236
608.708
353.14
482.28
551.77
650.724
105.688
611.271
357.158
521.147
505.004
287.077
301.015
281.469
652.481
748.642
775.919
692.243
351.063
204.318
764.101
180.136
163.11
401.693
189.974
754
227.343
744.003
319.776
289.505
191.207
286.007
436.23
265.85
256.844
627.779
179.547
568.74
219.513
328.101
295.743
638.546
35
824.394
576.918
494.813
513.469
591.143
571.234
187.243
242.076
340
378.6
189.615
503.846
551.69
509.576
585.926
448.813
141.156
864.318
252.668
220.384
587.553
435.855
478.023
439.318
962.424
759.454
352.537
485.523
429.439
164.757
614.479
447.2
656.723
297.693
362.399
371.248
812.931
322.399
740.679
738.651
630.457
791.638
614.662
742.808
711.829
282.973
281.007
754.255
451.976
968.23
376.443
924.183
620.88
424.264
952.624
353.142
928.837
328.586
733.018
633.277
818.758
598.412
366.764
868.751
785.491
177.451
918.665
497.049
638.631
566.834
1071.67
692.701
773.575
45.3431
623.927
878.376
771.687
249.369
718.953
605.568
1006.72
819.364
777.08
954.623
669.718
806.388
683.574
785.281
472.8
642.055
113.217
929.534
570.827
713.227
659.176
302.055
886.928
633.228
909.797
549.04
536.144
951.311
385.721
720.988
542.628
665.301
691.208
854.942
150.695
753.401
379.77
542.196
566.604
285.408
401.513
312.934
836.462
892.216
920.014
872.353
551.705
15.5242
890.277
43.382
363.296
604.07
16.7631
884.568
97.7446
879.2
350.782
486.066
332.357
487.369
634.609
383.824
263.591
820.866
227.846
770.658
340.619
444.046
123.065
680.842
228.373
1006.8
639.332
454.05
521.015
789.788
751.322
389.924
199.7
318.039
540.534
180.325
551.095
547.935
551.559
593.102
652.754
341.658
1038.84
131.552
391.602
769.036
490.417
660.879
386.855
486.004
699.672
482.448
642.359
631.811
315.078
854.518
583.292
402.628
918.778
538.098
437.101
261.559
93.9415
152.82
350.571
340.619
337.322
1116.83
520.819
541.477
1165.46
656.442
648.13
455.171
594.003
599.461
702.352
638.001
466.897
539.485
480.313
297.325
781.4
796.822
749.166
672.579
874.444
376.821
733.344
784.207
934.807
417.412
346.66
748.097
83.3547
643.245
787.463
135.532
219.693
112.752
764.079
1060.77
623.286
811.055
315.767
937.783
769.756
127.311
98.9798
115.745
48.8262
809.846
598.892
765.768
511.3
497.403
1070.14
189.708
580.545
278.771
618.567
428.789
192.782
671.575
199.905
815.066
392.766
227.37
663.901
765.084
171.642
579.435
502.702
405.771
661.105
508.662
617.059
971.208
72.2496
72.45
1018.94
568.792
920.455
31.257
866.672
658.709
577.59
905.685
25.2389
844.4
39.2046
589.971
763.006
892.946
723.003
517.79
961.84
668.738
432.801
951.851
751.713
573.059
465.962
1031.91
405.527
788.703
360.924
363.402
664.088
540.316
500.589
951.528
660.564
1020.42
665.848
932.584
968.219
442.475
561.606
452.982
525.09
672.079
673.766
310.161
831.8
562.965
951.984
466.837
394.143
696.779
228.965
549.596
163.322
523.661
196.499
229.63
417.164
307.262
420.107
454.07
516.653
625.18
549.477
506.696
377.987
468.966
417.215
563.014
585.377
465.997
50.9608
549.627
617.571
520.854
188.799
62.9682
535.165
598.815
553.155
579.382
486.77
151.648
335.476
114.018
119.436
383.275
484.298
313.002
446.467
252.668
332.099
356.62
636.27
680.65
326.559
530.125
598.927
686.283
638.919
259.048
366.197
159.662
540.023
556.705
315.192
490.805
572.584
683.323
584.975
694.381
120.503
209.296
588.623
568.74
227.528
373.451
516.784
227.372
656.664
421.214
242.835
300.51
413.324
141.156
206.061
446.839
385.649
257.148
347.973
417.738
329.803
375.84
205.01
328.381
641.789
388.33
414.706
691.041
180.422
543.052
420.415
496.633
230.933
220.839
527.444
405.765
499.416
391.266
329.074
350.031
464.208
310.942
191.859
533.353
364.541
312.066
530.668
452.411
210.488
164.478
649.835
455.412
370.643
472.925
372.839
510.91
438.17
311.642
594.916
231.812
607.462
413.165
521.518
554.477
357.866
481.586
371.323
484.004
329.524
247.427
502.764
500.879
147.899
601.582
311.61
136.795
498.731
646.228
328.525
739.159
325.26
278.772
513.048
800.896
221.387
674.076
638.161
531.76
740.557
568.6
692.547
842.912
129.294
120.341
888.124
505.926
959.488
219.695
910.08
643.497
495.694
943.997
197.96
902.247
175.602
674.505
701.171
864.523
662.71
433.263
924.418
740.614
288.683
947.008
622.791
612.518
520.632
1068.3
568.149
790.234
168.324
509.425
790.595
674.016
364.146
837.828
635.94
1027.39
758.382
860.629
974.397
571.238
703.279
584.031
674.721
570.197
662.523
124.036
896.757
569.004
834.89
575.842
328.539
810.462
532.358
228.127
324.58
447.973
469.911
260.069
499.938
408.48
546.059
493.758
375.719
291.321
346.689
517.72
628.955
654.663
562.694
171.129
386.435
663.09
357.912
35.5106
219.729
371.903
648.6
393.249
633.891
373.568
153.808
221.923
130.177
258.211
290.658
349.367
453.819
304.613
398.453
220.617
290.723
475.481
631.915
165.846
659.822
556.478
573.106
551.09
411.709
446.894
11.0454
392.521
429.309
306.946
340.852
506.803
594.515
516.784
615.968
272.149
49.6488
707.599
411.311
136.971
459.887
442.109
320.755
532.738
713.306
333.156
116.726
661.233
581.079
126.827
379.749
312.117
209.304
463.113
320.545
420.409
921.05
213.378
237.607
970.365
473.001
732.536
174.725
677.621
512.062
500.244
718.249
175.696
650.423
180.247
391.561
650.492
746.194
611.452
450.999
820.03
472.449
448.496
786.853
713.057
393.127
283.028
843.915
245.508
623.899
473.223
181
469.835
348.92
495.698
884.206
521.46
846.966
466.104
821.862
796.114
247.649
375.693
259.417
346.205
607.111
523.116
451.249
635.888
406.399
888.671
267.067
332.182
498.623
425.011
610.778
380.171
454.737
649.985
636.592
771.307
711.132
599.701
515.986
573.6
299.787
759.066
781.031
341.27
246.595
537.678
813.881
528.247
263.251
243.731
526.302
795.266
580.401
775.881
601.519
74.3303
234.887
106
306.243
244.639
571.987
479.31
367.447
254.49
448.529
508.702
596.124
847.581
321.069
699.338
768.694
800.432
778.035
411.06
221.883
234.828
462.248
654
121.598
424.021
728.001
821.736
738.848
841.385
189.212
271.442
765.591
605.486
357.358
236.698
665.47
423.001
757.726
216.813
336.868
516.484
237.154
484.066
532.004
432.695
516.768
343.89
469.047
591.948
334.253
356.022
640.953
182.65
670.823
394.867
627.663
326.559
184.838
655.231
374.585
635.95
353.624
467.8
379.459
539.965
340.156
125.686
599.161
505.693
171.418
628.599
380.254
350.463
300.24
773.983
540.638
478.177
342.533
458.594
641.905
557.354
182.187
563.107
314.798
713.558
552.835
544.72
660.96
466.567
598.892
480.76
593.401
282.54
347.109
383.892
639.366
274.046
565.261
431.912
4.47214
635.039
545.183
543.606
62.3699
395.353
376.261
268.091
463.259
295.574
415.823
806.733
201.01
228.806
855.952
366.203
700.974
215.741
648.618
433.028
388.573
685.869
203.16
633.107
192.234
396.138
551.983
668.079
512.228
336.757
738.616
465.159
337.2
724.481
597.013
351.147
249.159
811.947
344.571
561.36
395.304
268.246
519.009
409.414
380.41
772.675
436.928
793.749
479.644
723.514
741.385
307.319
444.072
321.188
424.703
493.831
447.353
391.23
624.587
335.626
776.371
300.832
216.009
533.901
727.189
547.483
788.543
862.167
766.971
796.827
643.854
754.263
343.036
592.912
603.887
383.751
317.006
854.796
677.295
827.815
496.013
260.048
840.652
653.717
860.063
628.791
764.378
396.415
601.619
379.044
258.366
623.944
777.808
231.206
728.196
144.461
618.915
609.058
936.296
877.486
629.292
401.842
795.45
955.377
884.382
167.093
363.112
466.804
824.297
842.611
482.236
779.212
799.075
927.366
813.045
926.188
207.155
516.551
482.495
874.666
516.814
353.825
757.736
339.229
936.74
605.516
276.557
444.207
446.297
194.24
260.768
200.96
754.524
744.471
772.231
795.297
415.222
158.619
746.9
111.252
231.355
470.116
143.178
739.926
133.24
733.328
241.133
387.816
292.756
379.012
494.272
364.047
164.806
675.293
247.631
657.596
192.51
299.633
268.6
572.385
140.616
857.114
519.7
397.877
431.231
648.645
674.633
261.553
277.26
243.824
484.285
232.551
438.029
466.154
441.409
504.719
532.211
211.464
888.237
152.594
242.44
690.545
372.193
512.039
339.013
453.848
421.438
313.683
524.23
357.807
477.117
828.242
138.957
166.715
877.041
403.486
763.079
165.003
710.862
487.283
418.68
747.943
148.862
695.432
134.373
456.317
594.916
721.324
554.923
362.25
790.266
526.818
327.002
782.336
613.453
413.146
311.516
873.963
371.248
619.681
351.023
301.599
570.323
456.248
380.466
800.1
488.925
853.347
538.906
765.596
800.806
353.306
488.109
366.617
464.087
519.593
502.642
338.339
686.706
393.376
802.408
354.528
237.508
589.077
167.726
192.315
94.8314
144.734
76.243
921.083
582.07
608.802
967.598
484.554
394
554.372
338.492
373.375
539.189
382.539
554.893
292.043
556.577
37.5899
562.286
544.413
536.241
530.182
621.181
117.154
654.688
523.153
768.016
189.251
184.043
499.49
301.398
387.8
779.036
262.64
169.664
156.371
659.606
854.266
402.177
550.314
86.4523
703.727
508.303
171.991
195.059
171.82
229.271
636.218
366.995
784.819
269.631
290.512
866.413
117.661
480.037
151.003
108.227
258.002
255.327
243.387
1040.94
525.358
548.952
1089.08
584.614
556.92
473.426
502.288
512.821
633.591
546.366
480.801
449.886
489.778
203.384
697.559
704.592
666.821
609.594
782.081
283.572
691.506
690.273
866.901
328.42
268.634
658.77
144.101
550.215
770.746
140.911
163.003
37.7359
714.19
981.514
538.02
717.683
226.738
850.414
676.018
69
68.2642
55.0818
70.0928
739.03
510.883
758.789
423.066
414.165
991.728
108.407
528.787
208.216
285.787
209.201
253.693
966.621
422.291
446.875
1015.47
505.159
580.146
377.922
524.124
463.482
550.073
567.62
382.66
482.802
389.236
216.315
639.19
675.986
605.212
519.761
753.664
303.645
587.664
682.233
782.214
291.529
203.295
688.204
138.398
529.545
662.544
73.437
260.647
142.58
614.359
912.844
484.472
723.464
274.046
800.665
677.239
39.6232
176.003
53.1507
161.4
657.954
465.929
651.566
461.686
357.066
921.556
76.243
429.773
291.22
176.977
48.8467
893.412
657.565
684.877
938.088
482.676
299.822
637.559
244.663
340.344
539.424
288.765
636.171
197.342
635.689
71.8471
526.523
478.127
505.894
541.407
552.787
30.2324
687.905
441.543
759.055
177.913
224.929
404.684
395.434
320.412
832.237
357.028
208.195
240.277
682.552
821
371.652
461.053
54.6717
653.129
421.503
266.811
272.868
266.528
313.694
627.096
328.956
845.66
176.204
281.301
834.708
209.974
512.458
158.218
128.16
789.528
495.117
522.858
837.096
342.72
412.611
488.774
358.264
258.853
396.274
398.121
483.423
337.83
479.009
124.101
442.241
466.881
411.692
385.488
544.516
172.699
515.275
480.301
627.064
82.8734
48.3735
524.109
346.919
322.969
655.351
278.525
312.439
263.591
516.314
727.512
283.002
531.279
209.022
597.21
482.029
216.899
307.825
226.119
325.4
496.025
258.961
670.436
329.14
159.101
738.282
150.944
339.706
294.432
863.51
611.413
638.847
909.057
442.224
326.455
594.243
270.44
311.191
498.546
314.014
592.008
232.108
590.699
40.1995
499.652
469.844
476.366
497.61
546.235
52.1536
640.338
447.028
721.633
137.088
176.082
434.839
373.066
312.656
783.39
326.59
226.921
232.476
636.573
793.555
341.533
476.269
88.459
634.606
433.24
240.104
270.224
242.167
305.5
589.454
302.235
797.051
215.541
241.76
806.551
177.564
464.763
188.162
904.135
919.705
49.4065
462.196
830.163
978.853
825.206
553.155
423.402
819.86
956.703
879.428
933.351
887.924
369.103
511.003
387.551
470.116
487.811
866.751
554.229
640.02
220.756
731.936
772.426
876.386
1096.66
619.817
744.296
1014.4
1088.63
1052.77
479.101
88.3629
522.188
727.891
947.014
309.855
699.058
989.667
1097.12
1001.94
1110.52
314.682
564.837
824.175
905.055
632.064
69.0652
932.726
592.103
1050.36
27.8029
951.501
514.315
901.972
93.4933
849.605
619.195
518.469
886.853
70.2353
832.947
46.4866
588.077
710.427
850.873
670.58
457.421
917.318
661.974
361.708
917.723
684.003
552.081
449.539
1012.9
443.991
755.831
294.703
390.969
682.939
562.268
430.712
887.246
618.069
990.641
668.204
878.128
937.945
460.925
588.106
472.789
556.004
609.198
635.689
252.04
823.194
529.507
887.011
475.232
336.121
709.341
966.708
537.142
929.759
100
877.406
645.434
539.449
914.637
79.7621
860.684
61.4003
615.231
733.625
876.535
693.866
477.942
942.466
689.49
372.977
944.539
699.183
579.855
477.326
1040.67
463.44
782.839
288.487
413.207
707.442
586.055
443.847
904.956
643.809
1017.87
695.018
900.569
965.147
485.235
610.953
496.864
577.752
628.074
662.128
239.176
850.833
556.58
904.248
501.171
358.089
734.908
511.314
865.488
1026.95
862.736
598.191
472.8
855.671
1004.69
918.509
981.218
934.118
412.335
543.788
432.709
519.4
515.004
911.096
599.574
670.512
267.541
778.363
820.671
907.403
1145.79
659.043
785.593
1063.58
1134.67
1100.5
524.924
121.297
567.532
756.011
991.916
338.427
729.647
1038.25
1144.82
1050.45
1158.73
364.088
609.191
866.082
944.899
679.223
104.752
980.935
641.153
1095.42
553.719
567.289
520.511
188.558
57.0789
538.77
548.767
546.772
529.639
456.668
196.86
366.995
157.509
87.7838
420.672
462.283
284.965
469.553
284.429
305.36
317.151
646.004
634.476
336.868
497.081
552.309
654.022
600.171
240.626
414.701
164.478
560.673
530.612
364.012
509.895
529.819
644.485
542.554
653.204
154.486
210.381
551.496
559.464
201.4
421.171
476.303
180.036
628.287
901.237
56.0446
365.164
605.459
15.6205
895.237
113.265
889.549
364.589
482.548
324.04
485.108
637.342
373.43
277.541
824.924
216.067
768.29
350
454.528
111.508
695.216
226.559
1012.74
652.993
469.555
536
792.548
744.614
391.042
184.708
333.122
532.41
166.973
565.099
563.152
565.73
608.185
651.715
343.385
1045.81
147.054
397.619
762.483
504.008
666.417
402.375
847.038
648.741
579.149
886.612
24.0416
822.927
49.4975
566.128
759.761
883.684
719.757
520.482
953.718
646.131
446.865
938.77
760.322
555.561
447.303
1012.74
374.477
775.364
387.072
333.641
635.246
511.097
512.445
956.449
652.051
1005.38
640.664
930.204
953.463
414.107
531.654
424.323
494.616
676.24
663.069
339.065
809.452
550.575
957.539
440.64
395.904
669.126
333.11
574.04
44.1022
841.44
70
836.225
308.691
468.028
329.607
466.087
601.839
387.764
221.779
785.481
239.04
748.866
298.498
401.06
166.436
639.841
208.471
968.356
597.003
420.739
482.233
756.77
741.451
361.199
227.178
280.03
535.732
199.181
509.313
510.554
510.107
554.812
627.989
311.91
998.979
104.862
353.624
758.663
448.001
623.221
354.498
241.006
350.236
635.236
364.497
621.631
338.29
188.987
235.332
165.605
273.13
308.002
314.159
465.408
303.556
430.277
186.132
261.276
458.782
601.839
152.899
666.168
527.63
537.663
517.054
428.118
482.374
32.0156
386.999
393.859
338.374
334.432
475.178
560.308
484.827
582.603
302.166
21.9545
710.444
381.012
109.142
495.396
409.796
322.504
497.257
590.712
559.197
602.224
538.436
512.082
209.571
398.323
174.152
62.514
444.703
519.249
250.521
509.032
233.311
361.885
368.126
694.971
676.007
385.064
468.606
593.266
708.351
650.69
196.329
384.194
214.478
602.213
586.983
365.016
552.609
576.633
694.847
589.726
701.434
109.124
262.469
528.91
615.586
258.248
388.429
525.67
183.469
684.03
880.474
107.336
874.649
352.495
470.18
315.598
471.985
622.2
367.361
265.731
809.508
212.002
755.249
334.819
439.727
126.246
683.907
213.122
997.128
640.603
462.517
526.137
777.406
734.658
376.364
187.843
323.682
523.771
165.759
553.206
554.083
554.099
598.609
637.969
328.495
1030.21
141.947
382.001
752.394
491.565
650.824
395.74
819.2
25.4558
565.106
742.195
869.742
702.182
500.025
939.042
643.653
423.143
927.548
737.854
547.951
440.756
1006.7
387.331
764.323
364.638
342.243
641.663
518.33
489.124
935.222
637.577
995.699
641.327
912.212
943.552
419.734
540.565
430.488
505.024
655.25
650.072
318.699
806.675
538.777
936.082
442.757
375.769
673.406
816.008
266.852
516.382
393.249
510.17
623.771
454.609
180.272
799.543
308.623
790.253
291.666
384.012
208.885
590.715
259.615
972.137
554.347
356.35
426.855
777.069
797.296
394.792
294.961
223.725
596.705
269.03
464.004
452.09
463.246
498.145
665.398
344.703
997.254
34.9857
364.541
813.964
406.725
631.478
289.111
565.138
724.001
855.469
684.003
478.729
923.931
642.001
398.068
916.204
714.177
540.942
435.167
1000.89
402.061
753.292
341.123
352.911
649.36
527.077
464.51
912.899
622.896
985.98
643.009
893.471
933.618
427.089
550.986
438.361
517.035
633.262
637.009
297.733
804.508
527.194
913.504
446.401
354.979
678.837
527.276
506.826
502.081
506.36
583.614
87.3613
639.113
486.902
738.925
156.285
168.514
471.971
333.182
350.271
772.51
288.647
200.831
193.693
640.132
820.015
367.604
516.387
86.4002
666.973
473.44
200.823
232.648
202.418
266.312
606.854
331.171
782.214
247.487
259.538
832.45
140.089
463.643
172.386
205.516
40.0125
270.148
238.648
499.123
457.813
332.388
288.877
374.21
436.272
550.244
776.207
259.557
677.295
698.087
726.4
703.913
396.062
294.478
160.527
428.565
580.673
171.642
385.187
655.172
747.559
665.824
767.616
190.882
197.752
738.481
539.831
284.007
308.385
592.102
376.889
684.363
229.382
452.32
77.7946
447.903
648.322
132.774
486.893
384.502
482.255
366.049
813.042
157.813
863.751
745.049
686.003
699.893
592.987
423.891
232.835
227.405
531.202
208.389
190.394
680.227
739.471
687.514
771.283
396.365
223.081
918.062
424.378
340.001
442.387
612.217
536.464
630.206
233.335
270.74
479.438
424.134
350.373
283.29
347.174
403.001
559.371
741.583
259.023
642.748
662.735
702.293
674.604
365.034
318.025
134.833
446.154
559.464
211.287
400.262
622.454
718.533
633.445
736.913
171.898
177.924
702.414
531.606
252.66
330.397
560.444
337.511
662.842
502.479
524.015
197.345
557.202
265.876
364.012
351.336
731.79
640.07
423.521
411.597
557.097
697.175
629.728
155.206
437.887
251.024
648.457
585.683
427.52
597.65
549.154
673.294
562.755
675.635
157.582
295.083
469.189
633.979
265.481
440.56
503.294
124.92
678.643
522.56
694.874
161.012
498.206
462.223
559.13
395.884
890.8
233.6
913.248
822.539
760.087
776.934
634.604
399.45
301.702
241.075
605.26
178.017
219.021
758.022
816.192
765.297
848.545
424.986
297.545
971.385
487.263
414.754
418.82
690.01
595.921
702.877
676.172
412.361
736.11
160.153
221.063
384.61
418.466
290.203
826.803
375.996
238.321
267.711
667.785
793.54
345.735
434.235
84.1487
623.703
393.641
287.559
301.524
288.383
341.248
604.437
301.944
843.124
163.444
261.105
807.468
227.405
501.323
186.947
754.51
334.229
519.23
471.228
923.317
680.827
617.713
220.229
602.08
809.94
719.414
76.1052
551.48
445.953
845.398
724.244
599.633
794.292
624.001
759.394
638.318
748.979
295.894
487.23
287.904
805.248
435.018
547.613
596.124
175.647
805.522
618.052
399.055
507.442
236.932
813.683
163.487
963.993
754.722
641.349
678.585
705.36
552.153
314.014
96.1769
489.388
332.182
59.1354
678.731
713.785
683.495
751.992
521.392
284.598
1012.1
342.987
389.012
571.056
611.255
624.677
579.014
584.73
600.953
839.102
905.364
542.31
532.288
822.4
937.659
883.79
258.683
223.027
398.549
713.836
809.341
344.524
672.679
809.568
928.001
822.762
934.67
132.189
447.973
610.161
809.546
480.094
216.28
758.963
381.005
909.266
110.164
460.819
428.632
240.352
681.455
361.359
357.102
331.113
508.047
665.169
213.715
454.067
225.322
522.188
403.708
296.744
374.219
304.91
397.755
452.541
182.628
705.612
290.904
104.695
677.2
229.268
346.023
324.57
565.963
341.235
346.417
607.31
266.391
346.771
283.019
475.857
714.379
281.301
564.217
254.578
597.501
513.735
219.593
327.341
230.95
338.096
471.607
265.415
622.065
376.485
153.847
724.077
160.312
296.169
335.037
799.355
309.924
1116.49
760.591
557.738
635.385
886.477
788.733
481.568
161.385
432.453
569.113
177.815
671.375
659.274
671.193
706.134
730.171
436.835
1152.14
237.211
502.932
807.521
611.962
769.63
489.637
664.488
718.322
82.9759
295.325
175.901
717.884
1045.92
622.534
849.048
369.168
938.736
804.851
134.952
176.139
131.015
129.321
784.894
604.308
692.072
565.155
495.082
1053.92
202.704
538.365
349
818.835
600.7
528.436
543.824
577.492
537.904
172.514
237.154
373.729
343.682
184.166
530.226
582.722
536.523
615.847
425.293
131.529
861.694
286.049
226.385
554.434
462.088
474.031
473.63
652.173
913.48
804.503
290.043
754.979
650.911
1052.06
858.735
819.288
999.954
702.016
838.079
715.691
815.104
514.187
687.321
82.28
972.31
615.211
748.541
694.467
346.873
924.081
303.872
178.617
636.883
964.632
546.774
796.832
341.259
862.566
750.451
92.7847
198.323
98.2344
165.387
702.217
531.58
632.248
532.226
419.539
972.348
149.05
456.228
345.071
125.419
821.093
1019.96
567.567
647.436
154.842
859.852
614.142
222.281
120.739
211.178
171.047
805.882
529.136
908.547
323.538
459.762
1032.68
219.203
638.118
68.1175
739.365
991.049
543.59
701.328
203.199
852.8
661.35
102.961
44.4072
89.9889
73.5459
754.621
513.522
794.119
398.549
422.456
1001.87
126.649
553.982
173.349
475.38
405.08
798.379
723.084
530.004
748.484
648.624
781.04
662.838
775.33
224.27
450.059
361.531
785.937
415.019
471.534
613.622
185.44
810.364
452.451
639.613
875.134
221.508
611.236
933.484
1035.19
945.207
1051.49
280.573
492.164
832.164
823.848
568.62
19.6469
873.994
562.617
978.809
401.204
424.947
316.206
349.322
497.993
587.144
508.11
607.991
271.007
50.0899
698.087
412.03
127.456
465.13
433.62
310.937
528.186
502.666
418.202
53
715.034
732.626
718.034
774.706
617.414
366.62
1097.44
329.73
461.649
658.827
649.444
709.499
581.568
707.73
465.8
248.654
230.586
245.544
275.065
677.207
382.984
867.459
196.329
329.874
888.708
201.936
548.629
103.73
391.311
813.465
895.303
823.195
919.916
306.132
339.572
886.533
626.135
443.654
240.832
748.152
542.531
810.443
670.329
694.219
673.909
734.883
572.071
313.912
1044.81
303.982
408.795
630.114
604.013
656.884
549.649
137.131
14.3178
127.122
683.592
475.849
691.167
440.876
371.389
942.828
68.1542
463.492
256.205
123.037
50.5668
798.947
556.335
824.629
422.096
466.567
1046.08
170
595.601
180.892
113.159
696.475
485.004
704.259
439.301
381.876
954.699
75.6439
477.671
247.685
807.486
580.345
797.326
468.961
484.258
1061.62
177.8
590.377
231.277
321.002
583.789
683.036
347.908
282.979
630.753
282.087
777.08
730.906
362.088
117.209
505.756
409.591
343.012
486.647
994.628
649.223
826.378
691.651
387.939
925.13
371.357
840.217
386.095
634.899
255.932
579.646
308.131
269.602
429.172
883.975
564.925
992.32
428.439
234.883
631.02
