100
800.932
484.298
414.367
819.339
597.704
294.758
338.754
426.972
476.87
186.55
465.672
651.217
283.044
165.36
150.632
415.64
674.93
842.516
49.0408
285.272
493.098
241.812
91.0934
131.643
252.794
598.587
332.773
649.832
495.8
162.003
555.239
564.228
472.231
223.365
821.337
327.782
535.28
588.6
499.289
354.302
234.798
649.425
376.001
780.417
682.004
966.423
517.403
733.976
284.763
483.703
529.502
502.793
299.528
856.005
639.625
122.801
286.4
193.003
787.208
685.662
805.666
226.738
531.992
777.159
382.603
231.953
679.779
448.229
882.594
755.223
647.472
807.389
178.373
732.346
477.462
500.65
506.056
356.721
277.065
495.177
443.65
756.725
535.728
545.059
866.833
233.105
35.5106
583.469
220.735
181.604
851.742
91.351
570.085
511.544
497.097
747.734
536.202
670.457
524.695
328.976
454.401
306.772
497.049
570.307
910.873
766.593
787.493
714.608
344.061
227.491
564.732
960.427
792.733
401.807
166.715
986.392
755.278
980.294
626.407
1039
718.533
710.849
976.439
702.016
472.231
964.117
698.09
784.22
687.385
492.74
1015.5
604.602
451.976
571.424
419.887
223.182
302.645
1133.53
566.563
574.112
512.044
314.239
228.705
217.451
287.767
404.951
705.642
680.762
448.446
302.597
733.382
273.775
680.943
921.87
970.056
741.999
869.612
961.873
464.631
584.317
284.007
216.933
1172.83
653.387
743.683
1011.54
143.377
65.0692
384.416
884.053
924.883
79.712
727.496
463.985
994.176
613.777
754.221
689.049
458.486
818.604
283.551
521.349
122.784
677.621
836.051
291.548
712.792
889.116
225.639
794.899
252.05
993.888
637.706
247.358
671.027
766.593
276.588
257.73
366.617
439.551
242.745
588.878
469.093
500.65
385.648
129.248
270.431
302.789
648.278
463.906
167.171
253.032
778.438
442.041
651.694
486.31
725.844
409.928
384.064
647.472
468.078
151.819
698.034
426.241
501.193
438.549
276.065
702.533
319.708
427.739
249.467
326.891
106.832
90.802
806.179
251.446
391.778
195.31
335.09
209.688
482.265
114.739
337.615
383.24
527.881
211.946
35.6931
413.021
389.667
468.846
601.768
641.726
413.237
672.428
706.785
422.74
289.007
151.093
303.626
847.096
324.84
534.757
695.408
398.301
275.632
254.686
690.976
596.915
274.184
564.026
342.498
689.453
403.887
431.01
417.901
290.193
622.874
159.154
425.819
382.734
349.693
518.374
246.83
447.729
560.287
375.899
494.659
175.915
690.235
372.078
282.554
417.03
548.471
92.358
607.399
221.472
345.731
658.788
614.03
658.046
424.699
137.295
254.574
132.914
550.364
477.026
91
296.665
987.142
365.411
668.969
229.002
627.252
323.274
383.106
648.124
679.001
213.434
864.348
610.202
345.961
641.693
516.156
792.703
191.018
684.212
380.564
127.252
307.08
191.128
768.668
230.673
633.471
361.083
581.421
445.325
659.488
187.963
594.919
479.435
270.431
452.831
242.217
511.978
618.049
692.454
534.659
664.332
455.379
891.664
883.629
680.084
194.139
175.283
528.852
795.297
390.52
755.381
777.121
574.586
431.391
512.328
911.467
579.511
375.502
308.302
109.59
799.851
162.265
515.272
603.619
41.6773
845.208
173.623
187.609
554.707
418.007
448.728
181.218
265.887
561.726
591.899
375.597
202.684
802.763
569.137
519.117
618.441
763.063
214.114
734.663
530.97
807.265
620.948
623.039
674.047
470.18
475.034
669.362
984.177
754.605
523.162
414.706
727.891
783.918
911.463
825.497
1058.15
758.402
698.516
921.566
488.881
505.099
757.694
525.978
862.528
491.171
315.626
878.934
683.977
150.615
509.009
632.792
301.398
416.27
1095.72
601.981
340.767
450.708
41.7732
162.077
244.401
421.996
142.127
623.106
873.546
311.854
369.716
640.795
58.8558
451.678
925.246
898.08
692.804
610.397
743.874
168.003
650.865
444.865
94.578
1144.48
610.42
503.707
883.239
213.214
259.278
190.906
621.289
890.225
344.228
914.458
665.099
841.295
764.236
668.929
517.537
630.673
562.014
449.989
741.001
220.239
625.441
850.129
509.471
813.698
844.538
100.02
847.193
436.323
838.99
468.975
88.6848
483.001
531.462
394.069
567.07
873.808
835.405
879.059
640.294
311.448
271.665
324.234
705.54
685.046
295
335.172
1201.75
551.131
870.867
162.69
776.129
510.004
592.841
845.237
891.464
432.897
1085.35
828.169
484.926
856.037
714.004
1009.45
384.596
840.005
601.13
112.699
444.563
352.023
945.262
448.486
830.709
577.499
718.401
580.489
714.309
333.952
757.547
700.154
215.678
649.623
412.404
732.561
728.92
900.374
708.865
867.991
670.403
1102.35
1103.84
840.809
400.525
301.533
644.113
963.519
610.393
964.909
992.605
638.283
503.353
684.901
1121.72
773
422.474
263.211
111.893
1019.25
250.32
734.605
821.244
180.025
1054.44
294.593
56.0803
617.292
637.52
628.835
225.198
398.971
762.576
691.394
536.601
300.308
1022.37
784.212
647.679
833.01
974.873
363.16
348.855
268.337
312.642
148.273
298.811
489.369
283.535
456.695
229.382
282.151
486.954
655.454
267.479
410.3
541.956
528.607
254.008
168.155
409.137
360.494
138.246
518.846
274.882
381.105
318.446
272.971
470.004
250.428
526.642
42.9535
465.022
347.131
301.702
575.013
142.562
369.872
81.5414
490.832
407.303
702.343
327.2
439.323
146.014
563.131
234.764
273.651
178.07
572.2
388.167
394.555
399.811
173.066
571.424
539.491
511.265
213.063
357.113
499.73
620.136
84.4038
442.712
459.853
622.99
513.813
353.477
591.92
365.69
516.763
582.409
455.271
466.01
413.052
191.387
269.774
387.362
530.125
364.034
531.474
610.202
107.331
322.74
442.549
369.381
324.373
574.346
342.644
392.796
467.967
247.202
466.064
295.528
443.244
318.78
203.924
231.812
234.105
643.009
836.551
552.482
399.572
198.726
616.235
835.809
550.789
364.742
138.051
803.084
428.823
394.183
283.351
174.141
401.278
478.602
334.887
309.742
500.497
368.592
493.547
137.884
495.219
747.125
340.125
785.598
689.493
650.258
336.648
428.224
519.066
398.83
765.564
721.313
1016.13
675.497
681.076
205.767
804.545
499.009
621.293
177.553
859.2
453.363
321.599
122.691
203.578
528.342
376.789
725.217
473.97
704.195
803.797
393.158
276.116
463.321
118.849
943.941
850.924
616.424
546.074
209.468
862.675
805.762
764.463
167.586
662.317
157.927
315.382
697.749
514.382
710.797
828.387
934.247
248.202
330.438
785.281
548.549
171.19
874.486
430.099
740.665
173.312
351.871
764.411
361.697
442.164
667.632
50.774
249.359
556.885
736.682
540.882
542.786
281.114
548.104
721.898
417.561
430.265
335.215
802.442
591.021
442.159
314.721
362.927
200.282
404.634
251.849
105.948
570.938
165.109
305.634
258.536
496.166
548.008
236.58
732.7
555.81
547.793
535.699
398.418
316.269
276.366
579.853
556.943
843.348
574.098
488.016
153.052
817.769
326.057
504.51
129.375
675.763
251.446
463.289
319.781
234.957
361.884
276.74
525.461
463.496
607.853
630.147
591.422
241.149
270.254
262.374
777.64
703.122
432.723
381.754
370.778
730.852
830.887
723.592
228.232
667.387
149.94
112.004
655.637
335.935
615.462
799.181
770.655
220.411
435.44
699.392
590.875
321.224
696.761
509.902
639.795
227.561
153.525
589.01
157.842
254
558.564
300.123
594.849
770.203
588.847
589.071
329.892
589.318
752.16
366.886
480.885
367.947
850.21
634.807
492.931
365.493
399.011
171.047
446.799
206.306
97.0618
621.662
143.753
311.451
259.563
545.282
538.907
278.18
774.847
582.145
582.465
568.001
446.033
302.853
312.083
582.722
571.83
851.945
608.708
486.039
203.6
866.538
341.059
536.306
180.1
679.36
223.511
509.259
352.423
285.351
314.213
228.178
515.644
512.06
643.218
639.757
624.309
290.725
232.131
268.704
789.73
723.252
438.799
333.793
413.011
756.054
880.355
767.441
218.257
716.02
199.85
105.551
699.716
291.139
650.969
844.116
784.006
270.675
484.481
736.128
641.421
364.309
703.626
560.373
673.866
216.042
155.666
598.078
143.68
212.72
591.574
417.609
612.886
321.442
331.242
81.3204
385.572
619.139
666.814
182
267.03
578.063
396.558
193.093
65.4599
262.053
412.161
254.663
489.522
309.782
321.711
368.751
392.326
369.168
266.993
655.351
165.076
551.589
491.798
432.381
426.813
194.25
467.823
224.201
633.202
555.277
850.604
456.177
572.451
99.6243
585.486
368.023
413.824
120.108
717.532
453.141
260.256
258.054
31
604.401
520.601
637.678
242.043
481.586
647.09
472.559
64.3506
493.653
352.619
771.186
659.776
490.658
624.772
217.807
657.234
593
530.529
382.688
438.225
106.104
308.883
463.672
572.014
487.576
595.894
758.238
50.9215
204.088
557.133
344.623
176.207
721.521
262.64
519.294
386.518
311.13
612.55
349.654
485.189
452.913
195.351
222.279
620.343
486.259
59.0339
209.619
896.457
418.145
681.33
361.536
698.969
379.241
395.297
668.824
585.276
164.438
798.457
531.398
440.469
552.268
402.568
768.26
260.68
549.443
321.834
198.799
170.751
54.037
811.246
238.202
519.285
283.134
444.185
308.104
536.299
57.3062
461.408
444.45
406.174
338.186
107.224
476.765
482.105
590.893
588.294
673.787
448.152
793.847
811.775
546.443
242.528
66.6483
392.94
845.547
367.069
656.087
757.024
450.494
309.845
381.694
812.889
608.169
270.118
445.286
213.354
764.519
295.736
488.001
523.719
164.283
745.185
71.3092
296.589
431.567
394.857
501.172
143.785
371.831
579.967
457.957
451.842
105.095
766.303
482.254
382.005
529.759
667.65
78.6448
382.228
798.221
681.33
236.485
63.6396
1040.67
602.589
876.525
399.962
876.179
561.792
589.734
863.294
733.219
358.935
968.465
696.57
600.004
706.344
530.25
959.23
433.811
595.666
507.394
193.961
217.407
189.447
1001.65
431.335
638.223
460.418
464.786
333.002
444.802
163.248
522.483
635.347
454.78
469.596
234.796
667.147
462.641
728.157
773.886
869.09
643.361
930.59
976.807
600.628
424.53
132.378
381.581
1033.52
561.258
794.38
949.164
367
232.297
464.904
948.123
801.222
151.003
502.054
239.821
951.927
402.435
680.298
688.177
246.814
879.912
125.782
293.859
346
588.824
686.604
73.7564
520.431
774.499
422.513
624.837
97.1854
953.26
641.667
391.829
685.455
810.869
178.664
417.873
361.021
163.453
417.195
938.929
234.395
547.33
261.603
495.141
192.208
269.704
523.31
641.464
187.361
792.402
558.412
220.32
600.407
512.606
689.406
61.0737
721.11
325
252.414
383.964
271.131
637.1
143.01
625.608
327.471
637.636
510.701
758.04
279.578
629.21
393.914
279.63
454.843
302.696
424.802
690.096
664.387
402.246
544.063
350.463
853.801
817.02
712.702
79.6241
281.016
602.237
662.725
302.344
722.497
671.283
672.167
532.109
541.045
874.211
452.598
488.528
300.093
220.145
703.938
129.63
421.731
553.283
160.639
811.126
282.214
276.371
653.491
327.231
316.893
310.409
149.833
439.138
671.545
243.378
315.527
707.619
528.115
584.445
577.225
725.069
297.901
267.092
566.848
827.441
943.001
206.41
291.431
575.265
78.6448
241.897
289.209
247.631
731.034
496.478
733.311
627.02
221.027
689.018
721.283
511.283
364.445
981.661
486.704
661.693
751.56
657.828
253.712
397.313
798.815
538.235
945.009
847.312
1130.54
674.248
895.657
420.145
551
690.545
665.373
426.001
1021.29
776.258
80.05
300.801
326.671
903.208
773.886
965.137
377.839
685.606
942.495
260.693
386.681
808.893
483.708
1046.33
916.891
810.168
922.629
190.539
889.666
530.745
621.381
559.954
455.274
398.212
628.013
573.133
878.709
688.591
650.072
1030.22
381.694
134.183
727.585
306.575
230.868
1017.06
174.863
722.964
566.495
638.374
913.066
672.328
795.578
683.855
449.004
691.517
693.562
168.015
195.351
605.815
325.756
195.51
94.0851
184.318
464.211
326.827
499.236
360.2
307.774
422.005
467.68
336.309
301.652
731.749
245.668
604.14
570.491
505.466
345.636
252.579
535.553
305.36
713.619
636.553
931.696
528.337
650.471
153.883
605.991
447.001
490.829
159.201
798.569
509.166
190.646
188.799
63.561
642.963
535.076
713.398
285.188
551.632
728.408
391.261
145.671
542.868
315.273
851.987
738.921
570.019
662.864
136.488
733.444
607.111
578.342
362.614
465.124
132.518
361.012
513.658
615.374
557.169
637.21
838.834
129.275
154.651
622.101
350.294
96.3846
802.828
239.885
589.818
367.604
372.109
693.795
405.242
530.77
527.197
260.601
906.795
367.35
644.274
320.002
645.343
327.287
355.99
628.912
596.792
143.962
795.026
533.926
382.413
561.057
427.095
745.582
204.384
594.506
311.602
186.301
226.921
110.603
765.167
196.756
544.507
283.019
495.327
361.448
595.33
116.297
504.724
424.327
360.721
363.352
154.324
457.056
537.708
607.405
538.436
637.704
416.53
808.353
811.473
589.869
189.708
119.503
448.733
797.437
340.918
671.277
732.509
509.519
368.799
421.532
827.9
565.418
326.621
397.141
187.395
746.493
241.075
464.917
526.829
126.752
761.006
121.918
270.296
490.601
368.989
451.116
173.22
312.853
540.379
515.102
396.406
156.205
748.782
489.22
435.662
538.015
680.425
136.616
1005.83
627.092
885.443
459.739
905.914
587.554
602.462
875.263
702.054
364.927
945.899
673.513
637.276
678.012
494.923
953.706
464.14
539.752
499.853
253.213
178.639
186.815
1020.6
447.214
598.248
448.055
406.596
278.776
383.146
163.193
470.227
631.611
514.048
437.056
218.021
662.49
400.181
693.035
797.653
877.048
648.891
893.627
951.501
546.015
450.111
143.031
320.652
1055.16
563.674
758.98
945.421
304.133
168.689
418.724
910.528
816.444
88.3629
560.803
297.355
942.234
451.885
678.178
664.856
295.657
842.585
139.23
355.81
283.143
590.488
710.44
125.228
560.93
786.457
359.34
656.336
104.848
943.104
616.517
333.377
658.071
777.136
168.181
847.765
683.814
1196.48
978.92
859.211
732.06
723.658
311.191
774.661
224.109
380.636
988.48
345.769
511.047
486.806
901.604
588.411
614.655
1091.41
827.304
868.831
868.113
796.799
412.923
626.065
698.936
758.306
971.249
893.174
593.145
569.045
1218.56
571.106
812.183
546.934
785.43
312.835
863.098
669.418
652.077
117.835
179.025
566.127
866.044
929.53
787.443
924.014
651.945
246.856
512.282
936.144
922.692
602.364
107.075
756.984
981.578
1236.58
1093.25
423.473
1068.3
566.174
386.122
1028.16
168.074
937.591
1174.5
938.574
634.618
847.93
1025.25
1005.41
712.524
826.898
927.101
951.965
416.53
418.044
748.345
368.897
230.098
869.239
325.4
451.616
284.482
42.2019
118.68
295.736
591.064
290.222
662.882
490.123
141.824
547.417
540.048
500.972
174.451
792.856
304.03
486.763
545.154
453.062
403.268
190.906
631.007
347.197
745.698
642.953
924.262
470.558
704.119
281.519
445.576
501.22
458.992
300.975
818.706
629.41
171.304
325.042
196.023
786.308
696.681
778.132
178.059
484.282
738.301
431.523
215.455
673.339
478.28
839.955
710.769
616.478
806.702
222.324
685.797
442.747
452.731
530.27
313.345
282.294
488.611
395.034
753.268
487.863
499.081
823.811
222.407
84.0952
534.589
184.719
218.68
812.613
81.0432
522.251
535.373
485.471
710.139
527.251
666.108
478.759
776.965
304.81
363.816
288.531
44.1022
535.121
520.525
463.432
439.138
441.2
500.09
604.603
221.653
486.498
865.13
415.217
795.493
757.149
698.892
200.524
447.672
644.258
476.811
869.741
809.421
1106.23
722.287
793.061
288.919
768.961
599.653
680.592
271.089
960.221
586.614
222.396
15.5242
238.516
665.974
507.007
844.219
475.237
746.418
897.385
256.517
326.916
600.033
193.631
1029.59
924.105
721.388
683.495
111.647
924.135
762.056
767.079
275.204
638.569
242.539
443.788
704.16
652.43
752.08
820.715
1017.89
303.041
263.797
817.415
506.004
108.296
970.394
370.417
784.48
282.087
474.575
860.043
490.857
579.559
719.809
640.338
414.56
520.753
745.877
893.756
426.075
1054
816.002
356.114
854.206
742.491
940.946
311.207
910.975
581.96
206.526
524.45
413.304
824.119
404.178
859.379
574.91
802.661
664.509
842.563
404.109
822.592
655.124
55.5428
679.901
468.569
685.639
829.695
911.83
591.616
776.601
605.538
1107
1078.38
907.711
340.035
381.001
741.351
835.936
563.645
972.816
920.863
761.699
620.355
740.995
1127.18
671.45
547.781
103.788
164.305
960.169
140.769
681.032
810.364
197.254
1062.36
376.363
114.057
740.86
588.003
519.736
336.027
275.801
670.142
798.106
417.939
395.02
964.222
781.376
736.817
830.87
977.923
432.838
320.495
360.457
261.308
784.725
574.126
763.32
681.144
291.568
743.759
788.737
525.925
442.557
1050.89
556.478
736.57
829.543
736.424
211.625
475.269
861.22
610.023
1018.6
923.448
1208.08
752.891
966.156
479.522
612.212
760.929
743.443
481.506
1096.36
831.76
136.312
317.002
388.063
947.191
805.584
1033.71
456.453
764.181
1018.48
203.691
455.141
860.256
497.749
1124.06
995.207
881.719
966.086
222.895
968.31
588.069
695.308
579.855
525.978
452.345
682.912
648.914
925.908
767.127
720.322
1108.09
447.465
208.849
805.248
377.922
270.535
1093.14
251.766
801.491
586.694
697.381
988.389
728.406
845.015
762.42
127.64
335.722
592.638
258.643
681.179
493.964
131.867
548.985
526.594
531.534
132.28
774.276
293.437
444.595
511.332
415.933
445.394
158.808
622.557
330.752
720.98
613.892
891.413
432.56
684.416
290.241
411.418
483.944
424.953
313.141
791.182
628.415
212.532
362.631
212.434
792.783
713.253
760.51
137.594
445.028
709.26
473.097
214.411
675.463
509.828
806.648
675.506
595.921
813.298
263.008
647.978
411.602
410.814
557.517
275.078
297.834
491.693
352.847
757.668
448.371
458.394
790.09
226.433
125.718
493.293
155.416
256.129
783.166
90.0278
482.78
562.321
484.108
682.495
527.959
670.072
441.969
273.578
472.508
239.908
554.282
371.446
256.704
428.882
433.457
420.88
211.873
692.546
197.699
510.283
490.82
417.732
422.682
159.248
517.87
249.578
658.635
569.256
860.563
439.645
606.486
163.719
525.301
401.34
408.271
185.551
738.394
511.455
226.738
282.597
86.8332
668.132
585.821
676.251
192.354
461.27
663.272
463.056
100.319
554.698
401.961
778.795
659.606
521.392
688.567
214.767
648.457
530.83
485.242
439.906
380.158
170.66
369.943
420.073
634.669
466.503
546.034
764.493
103.942
156.042
529.205
280.018
184.765
738.082
199.722
499.649
444.177
367.887
631.256
408.902
547.457
440.596
563.181
510.926
504.587
464.617
404.646
526.522
619.367
265.686
462.243
882.005
418.571
773.735
753.791
689.54
177.158
432.302
665.944
480.01
879.991
813.298
1109.77
712.158
807.2
298.967
735.692
609.971
674.924
285.394
968.762
613.978
180.236
55.7136
236.104
702.103
547.753
861.687
453.988
734.654
903.038
230.79
324.785
630.908
237.697
1031.6
921.829
732.683
720.003
74.7262
917.73
727.011
743.455
318.55
608.823
255.519
468.633
681.985
686.627
739.98
794.059
1019.16
303.211
228.359
802.065
472.708
88.8651
976.729
334.598
772.975
325.386
496.018
866.691
515.8
611.582
711.456
468.466
269.676
104.019
724.498
43.6807
210.459
423.249
610.909
383.818
317.8
780.675
523.687
558.158
735.644
502.872
149.308
319.188
451.602
474.607
729.022
582.773
346.954
314.306
919.633
265.002
502.272
305.059
547.387
52.4786
653.093
519.643
407.966
213.263
261.048
359.806
573.502
619.098
524.33
791.523
378.227
83.006
435.74
677.278
637.024
323.348
233.42
567.807
686.428
941.473
783.809
373.209
770.958
333.054
103.586
719.603
169.744
627.159
865.73
675.244
368.657
613.453
714.866
726.158
517.62
579.149
672.066
642.652
369.33
113.442
482.597
65.307
84.22
559.49
652.936
396.807
357.577
429.93
325.51
604.847
183.221
540.133
168.621
328.16
255.977
178.639
662.076
99.8599
439.546
149.282
469.591
356
634.067
201.762
448.189
281.823
455.378
267.526
170.742
314.428
534.551
485.8
451.356
512.247
284.83
681.687
670.941
530.094
147.363
227.108
451.241
700.626
202.633
546.847
593.03
549.932
423.533
359.035
701.744
454.67
408.573
482.104
321.82
603.524
311.365
324.187
390.295
254.945
636.488
233.283
401.005
534.066
230.426
367.104
307.015
315.268
422.291
524.829
344.803
264.66
605.651
357.123
426.005
406.602
552.685
200.801
272.406
804.638
277.115
472.153
262.84
746.328
643.849
484.357
980.825
771.176
782.934
644.342
650.173
416.963
515.35
720.978
739.457
998.643
808.98
615.575
400.566
1068.22
517.186
733.677
372.11
816.375
307.065
654.313
449.515
468.787
243.877
45.1774
619.698
714.541
844.178
793.522
700.103
491.183
266.242
288.174
946.425
899.08
591.582
254.912
544.059
941.312
1079.71
973.746
199.424
918.151
383.627
281.043
906.015
257.775
852.053
1050.29
943.859
468.479
650
938.248
834.135
502.777
848.792
738.639
873.216
192.51
330.082
751.681
293.138
236.237
790.059
625.707
62.8013
215.362
355.258
522.664
444.504
234.062
720.128
499.38
512.445
639.231
416.677
210.753
250.912
485.687
478.732
755.683
538.282
389.236
211.092
838.013
249.724
461.806
201.04
582.348
151.083
549.154
423.817
304.381
300.242
281.016
421.587
486.428
573.873
543.994
694.508
280.236
183.984
362.609
694.724
633.394
342.348
320.832
465.46
670.966
856.771
717.975
315.317
687.887
229.14
9.05539
651.629
263.706
581.822
797.8
689.581
268.164
509.907
668.714
632.324
415.117
607.049
571.161
601.861
313.058
60.6712
502.195
51.9711
176.173
518.476
680.847
651.222
634.215
182.945
891.325
422.005
447.415
593.974
486.334
468.027
264.047
750.941
454.07
827.162
710.44
972.832
497.438
800.186
420.387
336.63
604.603
508.968
441.565
890.156
759.977
237.741
444.083
337.557
924.135
838.499
879.023
212.313
501.032
804.806
480.885
346.273
807.33
610.084
887.032
749.152
710.927
944.624
330.385
708.594
323.371
404.827
667.536
234.617
423.835
623.51
362.505
889.41
502.426
429.292
868.986
357.851
177.544
527.034
86.3771
341.797
876.868
71.3442
535.836
672.918
615.695
782.085
659.785
801.849
513.256
195.041
402.124
568.713
397.2
275.966
745.963
500.596
527.712
700.457
460.977
160.24
280.829
452.305
462.351
727.349
552.815
350.823
271.249
879.111
242.837
473.368
263.068
548.931
88.2836
611.433
484.695
365.075
253.403
275.496
373.631
531.507
589.001
518.924
755.969
334.574
126.531
412.292
671.45
622.321
316.18
273.805
528.251
667.236
900.222
747.503
356.299
730
291.556
61.0082
682.59
211.851
597.047
828.894
668.079
325.011
570.467
684.685
683.036
477.914
577.603
628.411
614.121
353.102
72.8629
476.957
23.3452
124.808
530.627
564.026
499.525
264.358
236.58
601.367
316.318
366.509
796.076
394.143
117.414
197.205
274.345
267.367
540.496
389.031
188.521
321.927
776.82
64.3817
307.197
334.201
370.13
198.215
652.494
590.512
404.12
400.385
469.162
245.717
461.069
425.118
328.641
847.67
334.612
264.327
567.736
479.742
427.674
127.534
418.115
597.93
476.056
806.187
612.514
528.91
636.233
363.86
206.497
553.809
349.857
433.094
696.07
475.189
341.41
589.362
519.812
628.685
549.364
392.347
615.575
444.038
527.079
155.801
286.833
180.228
282.305
363.001
632.653
798.448
453.856
918.935
798.221
770.75
384.302
562.1
562.083
507.871
838.01
812.739
1101.5
796.565
744.14
324
942.283
583.008
736.468
292.084
934.114
474.782
438.071
210.839
339.282
493.77
308.016
775.139
610.524
827.073
888.195
439.241
404.856
465.13
28.2312
1034.52
953.362
691.238
508.257
323.303
973.318
942.936
899.44
63.5059
800.182
280.786
363.167
832.258
493.32
834.029
964.84
1026.83
376.818
460.44
911.672
685.339
295.787
955.253
563.206
862.423
70.3491
410.113
847.231
403.243
438.54
786.069
723.305
293.232
313.019
411.03
304.345
577.666
108.747
608.52
306.452
649.931
529.371
790.099
316.901
631.383
345.928
321.896
445.789
326.167
375.623
709.33
637.737
343.913
483.418
294.961
821.261
772.906
713.001
38.6005
323.883
623.169
604.626
255.221
693.12
613.822
704.347
567.318
542.181
841.799
391.567
530.602
335.467
281.215
649.502
172.285
369.947
518.247
221.118
780.49
326.198
335.704
686.455
278.212
257.73
363.67
132.061
378.259
694.686
192.2
360.351
653.429
497.627
601.806
545.88
693.453
331.217
494.96
732.033
395.459
498.389
1059.04
627.481
237.034
445.822
138.058
262.937
385.519
510.768
92.0054
585.942
954.627
291.894
442.476
596.638
202.763
338.541
914.922
850.65
668.21
472.374
624.245
24.1661
686.746
539.935
235.053
1111.22
595.762
380.108
806.958
363.385
398.723
181.135
481.337
862.256
479.437
991.633
757.987
753.451
830.713
626.687
437.221
713.726
426.433
546.374
838.416
370.85
604.549
848.446
617.96
855.365
813.561
249.506
864.288
540.256
750.15
395.607
209.323
395.258
409.542
481.274
496.729
349.435
318.077
589.092
185.076
329.193
61.6117
468.129
394.808
691.475
344.176
409.695
134.406
604.371
204.502
282.843
163.573
553.066
345.22
421.014
403.586
184.665
529.16
503.076
478.553
255.705
376.198
484.691
636.398
102.083
399.891
446.061
614.376
512.548
326.259
549.627
381.694
522.683
624.427
489.695
444.545
454.622
182.833
228.58
422.235
487.494
383.51
567.468
602.764
116.846
353.726
465.249
412.147
337.326
558.679
381.012
410.239
445.944
204.431
449.04
252.958
400.772
332.385
337.083
239.91
888.894
357.375
718.022
469.221
613.978
475.337
636.134
222.91
648.02
603.013
260.99
536.985
300.167
635.711
631.59
788.521
653.159
791.107
582.344
990.883
997.71
731.894
320.264
192.107
544.706
912.781
515.454
853.298
903.753
555.728
415.308
573.663
1010.14
704.149
341.299
308.112
48.0104
924.554
224.555
640.4
712.969
91.9239
942.699
185.699
108.259
534.835
543.195
568.769
130.188
362.068
687.943
597.182
487.494
196.54
927.272
674.581
544.769
723.066
863.797
252.357
116.842
913.01
354.277
421.38
291.295
278.539
140.071
380.554
120.599
314.078
483.839
572.155
258.724
86.4002
512.36
311.353
514.48
707.221
746.877
518.941
715.545
775.068
396.49
384.167
145.499
222.194
953.806
430.265
580.484
792.783
295.413
168.808
248.906
732.667
703.734
175.385
613.179
365.759
780.862
466.476
532.219
490.561
329.28
664.603
151.489
444.303
278.772
454.44
623.051
224.397
533.159
666.851
288.376
593.57
145.647
781.108
441.118
212.763
481.154
598.499
93
838.475
266.271
481.603
271.428
390.717
254.197
487.177
26.3059
411.501
447.294
459.004
302.552
60.4401
478.762
428.165
559.623
621.007
690.357
462.082
763.197
793.444
496.258
282.028
61.4654
339.025
875.187
377.025
625.5
761.368
401.294
262.975
334.32
781.768
632.361
233.212
498.718
260.538
762.552
349.657
493.077
504.335
216.317
713.673
69.4622
342.58
382.897
404
534.589
156.978
420.954
600.861
404.605
492.866
92.2659
763.849
459.971
328.024
505.863
638.969
26.9258
573.428
842.57
649.832
1054.3
982.051
1277.33
859.221
983.58
474.814
802.853
784.797
830.945
462.408
1141.67
787.123
236.58
216.002
404.475
860.189
689.21
1038.8
579.12
877.88
1073.42
56.7186
491.076
799.881
357.347
1197.41
1081.81
907.838
876.945
209.745
1070.5
784.092
852.784
446.297
697.323
432.394
643.666
797.532
849.528
882.375
890.942
1184.01
472.356
320.214
935.719
550.115
251.766
1147.63
409.161
916.341
453.353
672.634
1038.13
690.803
778.784
862.14
501.1
198.879
565.438
455.32
733.486
286.063
536.202
254.031
422.191
343.246
268.203
285.82
633.202
529.054
355.317
441.376
225.078
713.981
674.206
615.575
70.7107
304.726
550.652
609.076
162.874
584.85
546.462
649.074
520.438
446.912
734.48
370.109
499.408
440.114
337.668
570.793
271.662
286.225
411.866
270.209
672.569
309.492
406.695
632.906
189.41
269.676
369.976
234.61
343.677
624.44
245.717
343.21
573.973
389.478
524.538
438.015
585.782
291.007
302.238
304.646
345.626
582.795
503.294
198.64
382.31
892.941
181.475
421.673
385.315
399.502
111.647
725.466
629.23
473.258
297.405
403.788
213.403
569.92
539.048
383.005
896.733
417.58
170.179
571.484
535.337
510.075
189.708
313.308
656.599
569.179
921.393
729.817
516.422
750.888
415.735
204.277
671.215
246.142
546.941
813.39
535.004
418.001
670.983
632.76
735.218
606.423
433.315
709.441
555.705
513.118
169.941
342.072
159.862
195.064
476.386
410.255
333.294
629.903
297.733
357.975
193.941
602.478
154.029
230.035
221.359
493.366
337.818
475.661
465.13
245.392
532.423
529.555
430.935
267.86
331.634
423.628
696.553
160.078
397.936
501.687
552.784
452.386
271.936
552.502
441.744
465.791
626.834
467.8
494.198
455.672
242.668
243.822
402.177
487.453
339.299
548.525
541.248
177.519
404.26
424.058
433.24
398.132
497.805
420.355
363.456
495.049
208.125
388.486
257.527
403.408
282.708
138.752
278.189
398.557
107.168
581.45
849.518
270.174
341.094
599.04
96.7729
416.108
885.308
856.342
651.659
581.155
708.397
150.586
616.117
423.71
97.4166
1103.21
569.723
470.16
842.065
237.447
260.768
149.164
592.912
849.085
342.427
889.416
644.189
800.96
736.098
627.204
477.177
606.565
531.963
429.331
721.84
241.35
584.401
810.882
493.779
780.417
803.23
129.248
810.104
418.412
798.745
428.253
73.2393
443.465
497.322
369.899
296.811
260.5
191.919
522.532
711.973
231.193
208.885
545.88
179.981
452.294
794.271
797.349
578.17
641.935
735.246
267.686
498.128
284.988
95.3834
1027.43
490.979
515.001
812.156
222.713
164.451
155.955
656.833
772.961
229.478
752.558
505.49
784.939
602.478
570.86
469.691
469.004
590.8
290.58
583.127
214.107
510.443
714.617
356.553
657.104
730.733
169.744
700.789
280.223
783.922
418.073
74.2428
447.371
537.919
232.243
479.129
385.004
819.098
896.501
519.243
466.881
841.842
186.043
694.295
1082.68
1094.15
874.239
854.037
986.572
406.425
764.453
484.554
213.338
1321.65
786.481
747.771
1102.83
85.8836
228.116
413.363
864.391
1067.82
294.864
942.765
679.23
1069.06
821.251
867.287
746.88
668.401
806.062
485.874
738.616
104.924
806.675
1000.27
506.7
907.846
1026.52
149.907
974.123
457.972
1067.38
696.283
254.348
716.761
775.242
460.298
425.484
472.952
451.558
325.407
81.8352
504.525
430.336
583.282
639.595
713.97
486.082
786.87
819.25
509.733
296.998
36.3593
341.177
895.094
401.647
649.278
786.995
393.361
252.539
350.967
805.308
653.973
215.425
492.687
247.297
788.691
349.193
518.514
530.134
208.694
737.147
44.4185
327.873
374.35
428.789
552.819
132.098
429.132
623.379
404.041
507.256
66.0681
790.013
485.462
333.353
531.087
663.193
29.5466
508.827
865.306
205.234
354.189
522.404
200.878
309.672
830.67
779.007
587.181
475.31
601.951
85.1645
594.916
456.207
195.256
1034.59
511.391
363.006
750.067
343.144
345.492
89.3588
487.647
783.135
419.305
901.615
671.923
703.911
739.636
551.85
381.115
625.501
425.699
463.001
753.293
345.492
522.009
761.94
538.365
763.443
735.316
236.415
774.442
459.724
701.296
334.607
158.483
344.061
390.267
395.942
667.803
311.284
415.963
32.7567
671.358
357.169
344.503
276.053
94.0213
504.802
428.544
566.484
315.094
503.12
609.04
525.856
91.586
395.072
314.078
744.157
646.31
433.767
525.187
276.877
656.917
679.3
588.49
322.219
518.015
48.7545
210.737
520.389
472.522
510.048
660.186
733.426
67.9412
299.221
588.043
437.833
227.706
681.719
362.25
538.677
324.637
218.323
571.321
253.198
385.877
463.518
715.238
512.39
697.266
879.546
940.286
574.321
769.703
611.514
1132.47
1094.46
950.468
354.515
430.336
790.866
811.223
577.066
999.892
921.053
815.153
673.303
782.139
1152.81
660.97
601.895
48.3011
217.368
964.997
150.629
690.29
832.822
242.986
1089
426.117
169.198
794.368
600.024
507.632
389.801
263.046
663.817
849.048
402.823
446.363
969.376
806.543
784.885
855.853
1003.53
479.767
243.6
329.28
361.199
258.99
625.514
586.345
384.138
462.265
518.212
276.93
407.718
361.602
306
834.411
306.349
325.22
583.682
451.669
383.69
123.223
480.388
581.165
424.577
745.618
548.345
553.838
576.439
357.146
240.674
490.103
412.147
369.607
631.922
444.617
317.959
556.975
456.64
576.534
534.401
375.586
573.788
381.608
552.765
189.264
265.831
224.511
341.281
299.848
446.179
387.559
501.734
622.039
671.001
442.11
705.301
742.243
439.241
298.304
118.004
299.541
870.61
354.318
567.797
728.896
381.809
252.794
275.036
723.664
622.326
243.633
550.408
319.313
724.224
395.02
463.366
453.441
271.371
655.477
126.016
401.92
365.137
379.859
537.403
213.3
450.627
587.153
369.381
507.277
140.769
725.083
407.372
283.049
452.004
582.115
57.2713
690.398
350.629
348.415
257.422
106.569
487.682
401.608
576.442
345.672
535.015
630.651
514.884
122.984
383.788
282.931
768.147
673.374
450.432
507.876
271.326
686.135
707.715
620.948
289.468
547.884
30.4631
202.062
552.871
457.832
542
692.272
757.951
97.6371
310.654
620.423
463.376
221.109
702.602
380.865
570.351
291.88
217.338
592.2
246.982
372.368
494.534
510.499
964.907
947.124
737.621
668.108
802.716
222.272
677.853
449.218
89.202
1189.46
653.441
562.499
937.763
162.788
235.688
243.526
678.663
934.753
322.442
922.044
666.982
897.571
777.821
717.948
573.809
638
620.029
453.486
739.682
173.104
669.893
887.698
504.608
836.978
890.021
50
878.918
435.764
895.397
524.666
108.688
540.231
590.298
404.042
699.034
571.161
451.187
203.59
292.308
314.391
599.722
619.606
494.198
842.867
414.664
66.242
487.743
646.743
616.359
297.516
222.2
616.533
671.007
964.283
794.789
423.628
793.202
379.438
148.862
732.274
154.302
627.647
877.584
646.077
407.59
656.101
715.03
756.902
566.198
544.912
710.144
640.547
419.529
144.309
453.028
104.005
85.703
558.427
229.811
252.21
823.328
694.553
897.598
349.357
654.682
888.801
260.716
319.34
730.274
411
999.648
874.818
746.847
842.711
114.809
854.2
560.223
616.417
484.257
461.79
320.039
550.44
562.15
799.218
658.472
654.753
984.439
311.169
87.3212
705.785
316.057
151.539
963.6
174.003
692.815
490.658
562.755
857.491
595.279
716.478
646.131
228.965
650.787
492.919
829.661
471
738.591
884.894
272.029
316.893
584.511
183.052
1017.88
913.473
707.842
668.362
116.825
914.617
763.765
763.443
262.88
637.672
229.212
428.515
700
637.043
744.356
818.302
1006.35
292.481
266.541
810.711
506.996
106.513
957.739
373.015
776.547
269.704
459.619
847.354
475.565
564.057
710.961
594.236
501.4
649.837
271.33
511.885
669.019
451.868
88.8369
488.191
322.256
795.621
686.42
507.277
614.44
197.426
685.697
617.608
560.892
354.645
465.296
86.2844
304.385
494.191
563.909
517.943
625.563
783.077
67.8823
205.526
587.968
366.38
152.742
743.172
275.036
549.488
358.688
311.777
633.669
347.207
477.947
482.25
204.022
449.752
784.36
823.192
669.66
916.866
580.042
137.801
515.713
818.323
806.169
486.129
20.5913
724.489
866.585
1153.55
995.659
431.335
983.401
511.15
303.765
932.054
51.264
831.232
1077.97
820.744
566.361
797.08
918.589
932.565
676.84
709.245
867.041
843.868
425.027
325.936
630.667
276.626
129.074
761.936
600.202
740.072
854.88
784.615
745.043
517.836
244.18
333.294
937.506
896.813
584.342
213.516
585.362
942.716
1107.51
992.634
244.591
944.014
415.462
289.116
925.294
223.233
862.833
1070.46
935.925
496.397
687.242
949.716
864.912
543.073
837.086
773.553
882.592
237.683
335.304
743.038
294.002
214.721
799.113
676.074
539.869
247.988
1091.25
578.775
356.093
783.878
381.215
409.61
171.657
459.07
843.104
488.643
986.704
756.524
729.809
824.323
606.595
414.403
710.589
403.407
546.517
837.607
387.796
586.801
832.265
620.144
845.005
794.185
267.778
850.452
541.909
726.466
373.466
219.272
372.055
385.488
480.189
307.847
592.562
609.263
223.66
655.538
592.818
678.956
544.132
505.618
804.876
385.778
512.227
370.54
293.155
624.385
203.961
342.148
481.807
229
743.172
311.006
354.419
661.551
248.04
262.086
356.901
169.145
367.72
664.85
210.877
345.411
628.039
460.132
569.846
508.587
656.299
308.585
360.555
912.161
429.076
685.615
816.838
399.441
256.457
383.901
841.609
674.541
207.562
473.026
220.513
820.649
337.5
547.935
565.777
189.518
773.437
8.06226
298.873
379.684
456.572
567.501
95.7706
428.789
645.789
419.806
515.834
38.4838
822.12
521.418
356.261
567.215
699.552
62.9682
1119.62
582.74
552.293
889.508
152.948
165.56
202.83
682.455
864.896
249.804
833.135
579.125
856.309
688.67
656.805
535.111
549.033
619.585
365
652.936
152.053
601.147
809.628
419.109
749.787
821.757
74.8131
796.043
348.369
854.752
484.146
41.9762
506.925
578.008
314.841
536.899
856.279
412.587
1240.87
1122.55
957.602
933.589
254.81
1108.03
789.365
874.874
501.623
713.852
484.663
698.788
822.192
906.236
916.311
908.481
1226.99
519.562
347.454
966.071
565.372
300.042
1194.08
427.387
950.508
508.665
726.808
1085.03
745.95
835.32
899.459
461.062
391.618
707.351
597.602
428.339
600.611
282.158
597.943
589.742
499.011
409.337
426.98
124.952
277.622
431.07
543.769
435.487
569.478
694.603
28.0713
255.149
509.166
353.726
240.071
657.18
295.758
466.074
412.249
270.446
548.266
313.6
456.084
396.168
481.416
704.001
679.372
359.388
156.847
640.953
735.73
1022.59
858.656
409.005
851.804
410.761
184.835
795.521
89.8276
693.661
941.191
704.344
450.983
693.675
781.097
809.069
591.222
599.404
754.372
706.748
404.061
195.533
511.713
148.246
30.0167
624.552
1034.46
949.977
694.416
530.69
296.331
967.478
920.77
883.125
89.0505
780.108
269.046
370.163
816.277
513.346
823.661
947.233
1026.23
363.551
435.412
900.045
662.903
270.298
957.549
538.925
852.649
96.0833
415.473
848.863
411.886
455.548
777.443
143.405
355.276
830.289
987.704
216.002
860.97
597.79
1005
736.568
792.668
685.773
584.527
768.838
400.981
659.826
21
728.41
916.657
425.715
821.979
947.357
114.018
888.867
373.805
1003.71
634.478
194.743
658.976
730.134
374.414
320.39
820.868
872.482
86.764
718.713
456.127
930.974
593.255
695.012
624.348
441.172
755.079
257.769
521.035
123.329
621.073
789.978
285.142
681.652
835.231
192.065
754.944
230.419
930.575
572.951
190.421
606.007
702.038
236.104
501.243
704.376
381.872
817.245
594.348
656.427
653.46
478.9
333.569
544.648
434.954
391.184
676.826
352.278
440.856
676.158
471.432
674.24
657.608
264.849
685.922
392.44
654.563
283.233
160.854
304.14
382.896
321.753
743.303
882.3
1174
1015.24
445.486
1003.8
531.174
324.353
951.792
68.2642
849.641
1097.63
833.13
586.871
817.068
936.91
953.155
695.848
720.503
887.41
861.915
439.072
346.263
643.852
297.002
149.305
780.186
863.188
652.406
672.575
369.835
534.843
240.969
468.129
612.248
704.102
679.478
721.306
974.272
264.909
153.688
738.012
398.001
50.448
939.31
260.069
713.006
376.303
488.404
830.22
514.675
624.461
655.355
648.423
384.838
956.233
534.303
704.935
662.035
378.847
815.321
206.4
444.154
195.003
623.362
767.691
212.269
635.649
829.584
278.548
721.959
173.899
956.454
611.658
270.118
649.074
756.469
208.569
263.591
968.618
171.172
698.745
851.978
284.143
1111.17
469.153
217.479
840.244
611.359
498.735
436.177
258.043
658.898
892.539
392.445
490.633
973.267
828.08
825.901
877.091
1024.96
520.389
908.137
178.045
623.462
711.203
68.1542
948.395
215.139
83.6002
577.001
526.277
533.349
172.586
318.864
659.007
634.417
448.135
231.424
911.173
675.296
576.59
724.357
867.579
276.74
819.825
284.675
323.785
840.301
432.558
827.896
976.873
998.407
381.886
497.966
908.302
712.733
336.715
921.257
597.403
854.758
7.07107
373.251
814.84
360.189
381.526
776.023
542.019
682.825
156.285
940.571
335.626
194.805
716.582
450.409
385.332
329.342
148.708
531.159
753.143
288.175
363.534
823.952
657.651
676.665
706.805
854.63
374.092
230.627
555.642
482.902
554.707
692.688
782.039
97.2677
285.955
631.155
450.552
190.707
729.198
361.001
583.976
287.767
247.524
618.777
276.101
398.279
510
645
266.16
573.736
791.228
680.594
266.372
509.868
660.706
628.945
417.732
598.312
569.653
593.59
321.591
51.6236
493.325
47.1699
178.463
510.17
885.338
186.188
146.349
564.217
458.416
477.33
173.358
279.007
596.444
609.314
398.422
210.775
843.291
610.123
542.042
659.365
803.592
236.783
781.467
1030.98
770.925
531.753
768.419
868.703
894.43
655.44
660.436
834.249
793.656
426.676
283.185
580.339
234.61
87.7268
711.962
292.828
381.084
463.043
571.239
87.7097
429.377
651.117
423.426
518.299
34.4093
829.396
529.43
361.454
575.253
707.611
70.7107
638.853
596.095
575.634
236.476
343.513
712.447
704.791
481.965
304.795
980.225
756.458
652.908
805.68
949.649
357.419
716.096
901.049
404.856
803.256
934.445
123.309
871.751
353.566
997.253
629.143
193.065
654.997
730.034
355.985
253.047
537.113
371.066
220.622
675.29
303.416
493.43
384.896
264.282
565.799
304.961
444.325
422.74
618.683
244.951
165.424
884.301
106.621
605.596
503.746
515.009
779.631
552.241
682.985
559.923
446.927
713.577
468.603
553.596
79.0253
910.077
616.825
422.651
662.837
795.239
156.822
401.487
819.984
142.172
461.863
717.597
614.121
730.278
660.855
806.774
447.733
895.911
270.453
684.112
342.843
438.047
786.365
464.247
575.125
622.939
869.549
403.1
919.411
548.082
110.422
567.318
626.508
379.328
552.502
602.88
566.083
770.255
608.173
747.125
519.455
856.081
547.993
348.484
592.773
721.871
83.5703
371.335
813.231
357.405
376.431
777.109
442.435
49.5177
197.003
464.431
464.957
537.134
305.531
147.872
509.231
639.151
