100
445.798
268.164
437.471
376.586
331.833
580.404
425.691
475.079
302.617
403.16
491.547
458.26
290.869
531.241
341.341
246.333
512.439
350.116
354.035
524.123
516.568
577.727
586.775
733.483
392.237
546.155
495.275
193.941
302.28
296.15
539.231
376.958
421.284
236.14
659.591
435.68
683.468
207.966
710.776
355.788
162.111
339.094
492.537
396.232
190.003
393.411
718.734
339.094
182.486
298.565
106.151
226.736
333.566
495.404
178.474
634.133
799.582
544.262
368.582
323.805
410.144
323.989
661.986
276.8
177.589
256.632
587.878
231.692
262.071
273.629
463.017
390.314
242.837
643.441
357.951
87.9318
381.536
750.243
639.078
227.37
329.097
216.788
534.439
589.207
467.471
354.201
284.93
785.138
640.21
409.738
154.149
277.078
268.939
524.462
122.287
534.271
484.418
87.983
661.399
192.769
613.186
593.283
483.182
842.214
346.706
144.125
334.426
133.454
815.437
389.597
158.534
224.644
116.387
487.779
140.89
664.287
671.658
462.525
879.801
964.76
192.211
552.888
707.255
911.858
204.414
437.508
550.205
262.406
128.725
786.298
788.685
680.842
612.552
596.142
486.458
320.815
500.57
783.791
348.264
633.682
573.746
696.764
393.859
562.939
565.128
670.547
286.225
498.025
517.397
493.235
773.146
279.516
452.554
693.211
633.937
562.385
785.909
735.702
368.155
367.49
539.075
209.995
600.808
548.689
525.411
383.271
502.61
669.347
214.646
746.802
526.089
444.072
326.253
528.186
814.996
578.281
953.619
233.754
536.493
553.336
855.243
824.26
641.748
769.765
666.478
616.677
996.524
379.258
595.068
624.593
353.96
294.462
391.042
715.405
260.762
491.248
927.311
452.24
420.701
317.322
669.108
254.372
277.683
291.295
215.448
629.859
299.723
89.2693
356.131
127.945
302.761
244.806
477.117
556.152
379.269
751.166
772.868
368.897
541.303
520.986
721.693
323.279
248.002
368.555
226.214
271.415
633.679
597.501
497.226
535.421
438.321
480.505
222.158
503.438
620.649
155.641
448.363
440.051
589.644
283.805
400.005
539.12
549.28
94.3663
321.809
356.073
305.164
601.619
366.515
330.08
576.036
618.052
452.488
629.019
543.281
259.85
217.8
494.759
39.0128
410.67
360.472
449.004
294.287
318.906
520.896
308.462
617.981
412.323
436.578
316.931
355.106
648.372
563.181
771.57
42.2966
454.802
422.129
670.759
657.043
482.996
577.444
473.815
601.54
808.075
267.27
422.036
433.207
184.261
391.862
198.6
558.57
348.92
330.492
755.066
67.2309
135.085
237.453
303.266
727.058
689.246
667.602
268.151
284.114
539.008
807.49
579.97
192.211
568.251
188.68
777.568
275.231
896.984
467.9
804.797
481.415
198.92
393.032
775.281
252.286
138.521
646.574
616.887
727.585
314.746
479.605
315.07
21.587
468.038
591.582
496.227
675.635
339.507
160.562
116.662
821.726
609.296
52.3927
446.951
758.973
397.243
144.886
527.516
210.737
621.753
816.241
613.439
217.867
512.079
196.987
707.819
379.401
271.487
245.703
385.519
418.647
374.039
192.388
293.026
644.573
175.642
663.127
760.276
790.994
680.098
450.285
733.498
480.542
679.512
484.025
369.908
429.635
765.596
648.514
293.626
212.174
31.7805
403.838
297.257
504.402
448.486
259.65
508.587
240.01
268.002
842.589
339.713
106.977
799.302
518.924
318.911
112.071
249.303
311.22
698.204
639.816
635.409
243.403
301.684
504.248
776.66
548.402
136.312
563.717
132.816
712.362
309.658
829.776
433.97
782.679
526.308
154.159
362.891
743.303
199.379
74.4312
601.726
610.889
660.379
269.156
412.835
372.001
76.3806
506.063
540.937
535.004
608.685
293.43
100.18
170.816
756.638
553.543
55.9017
494.361
693.467
355.598
99.4786
463.427
151.162
555.213
778.775
554.058
284.609
563.586
249.552
640.681
318.529
278.649
231.607
431.885
390.288
306.811
126.178
339.081
590.31
118.533
596.398
725.449
724.309
618.321
483.596
686.396
415.486
613.049
531.413
365.699
393.418
705.596
584.871
276.319
237.036
93.0054
344.942
233.825
554.661
429.441
267.72
441.852
174.725
240.01
805.909
286.526
158.051
762.493
455.95
334.951
359.255
207.041
592.993
559.904
532.752
351.336
206.7
403.923
672.964
445.162
96.8969
451.983
219.107
683.769
236.373
825.611
533.174
673.678
460.825
252.517
465.929
640.515
137.899
100.499
514.029
498.944
664.364
360.251
433.018
340.507
122.711
429.516
463.971
458.926
621.001
210.402
183.096
160.705
726.799
488.559
82.7345
434.65
667.281
264.14
47.4131
431.654
121.631
574.502
681.224
500.1
302.949
510.722
218.403
647.932
376.92
175.034
119.541
372.361
284.318
319.532
142.468
284.113
521.162
90.2109
583.824
625.207
709.366
572.658
400.78
602.133
391.22
632.143
470.591
477.669
294.703
652.32
548.381
386.43
341.88
166.235
408.187
288.045
499.232
537.777
165.366
432.834
226.046
133.255
707.52
219.966
241.868
664.244
418.39
444.144
540.565
946.787
868.684
882.921
137.058
519.216
750.99
1024.46
796.4
372.667
805.062
231.482
872.388
498.389
942.51
309.739
1031.95
678.316
193.373
234.389
990.662
435.137
304.243
838.528
853.401
768.357
242.076
520.159
487.004
257.934
679.049
768.969
705.113
705.352
533.892
242.231
328.283
916.594
768.85
282.519
639.191
850.68
599.008
347.333
644.15
378.811
643.852
1022.48
756.68
337.748
689.418
397.336
744.14
369.92
508.906
477.429
583.412
639.426
449.071
331.308
497.49
808.991
355.013
738.047
971.286
861.575
807.468
668.913
918.906
591.156
696.029
674.667
144.222
640.07
901.471
763.284
121.754
50.6952
216.005
375.293
329.548
686.036
247.524
497.041
593.03
308.475
489.311
1050.16
517.081
164.402
1006.79
644.647
86.0233
482.171
545.023
439.455
554.582
46.0109
337.52
565.383
358.314
275.073
270.897
426.063
768.616
125.483
942.213
740.124
535.798
308.38
459.126
672.051
538.979
270.559
305.591
480.504
320.495
797.934
567.078
596.789
282.023
282.631
258.213
467.954
286.086
766.626
263.865
390.09
234.307
807.332
518.941
263.008
297.027
757.001
269.666
247.099
531.433
295.743
729.968
599.643
552.762
346.508
378.001
215.727
786.309
572.071
32.573
112.606
245.652
216.104
485.721
337.083
194.879
538.134
279.034
699.168
535.994
814.588
634.669
219.738
570.959
507.036
785.092
326.377
671.43
261.48
693.412
628.92
587.042
511.723
325.613
605.063
484.586
362.664
740.644
43.8634
564.409
424.859
160.378
621.264
305.655
391.921
580.877
510.549
620.46
265.859
72.0139
903.842
526.621
200.661
83.2406
151.347
578.913
279.159
750.449
621.898
601.951
833.893
1034.13
114.983
696.239
794.89
988.911
60.407
521.15
645.617
210.06
253.16
767
862.863
708.414
754.135
711.908
629.763
296.84
643.007
776.894
423.249
723.398
701.077
639.027
364.111
675.236
709.136
625.704
356.114
599.471
520.899
579.121
777.772
139.846
425.042
827.058
777.262
697.244
771.438
790.475
500.33
484.889
683.007
308.691
647.174
633.669
666.52
338.923
595.527
650.093
79.404
705.318
484.134
587.718
235.459
545.388
811.676
721.76
1047.4
309.071
468.979
524.215
945.423
934.088
757.166
823.074
732.32
760.012
1078.08
510.71
608.547
699.668
459.848
151.42
456.248
832.325
122.102
496.122
1032.74
214.283
790.97
589.855
218.929
282.708
228.642
503.87
464.583
644.003
356.168
669.032
568.166
877.771
375.705
828.495
687.832
848.657
252
440.477
570.677
73.6614
462.615
511.531
723.893
503.934
824.277
680.836
765.632
99.7246
786.532
530.428
350.036
627.12
707.086
373.563
125.642
638.364
828.785
360.694
299.042
544.812
300.927
492.709
542.019
216.301
178.639
849.071
906.711
732.977
519.172
621.76
547.753
490.112
785.866
328.988
476.765
537.41
738.888
86.406
521.852
397.394
212.038
440.622
222.056
721.361
56.8507
341.604
567.374
851.279
938.946
286.555
205.412
268.794
834.01
870.261
721.001
649.841
587.519
889.951
942.8
553.919
392.771
575.522
442.01
243.46
354.013
794.687
211.981
281.4
952.498
835.83
485.015
132.548
141.651
87.6584
512.79
273.905
682.388
566.202
562.723
777.63
963.114
184.816
677.676
726.994
918.828
107.912
453.719
580.194
149.402
260.192
702.684
792.582
636.883
717.67
653.401
611.677
230.009
627.764
709.913
355.013
656.193
649.216
586.517
299.808
615.41
686.568
568.268
287.863
536.146
451.276
511.77
708.807
160.378
360.867
779.778
758.526
651.694
706.018
718.668
454.216
429.331
654.941
249.624
575.201
565.829
629.623
278.684
529.748
585.342
96.6902
647.105
424.796
568.304
196.543
474.318
744.11
702.539
980.292
243.033
419.687
461.299
877.698
872.122
698.247
751.194
661.336
741.288
1008.55
463.833
538.015
629.859
399.602
182.016
386.161
773.76
141.51
426.198
968.942
544.077
703.574
976.793
752.622
327.844
801.411
153.444
754.17
543.129
811.167
202.596
998.694
746.663
108.977
125.782
941.65
382.781
266.378
770.652
847.193
637.64
106.254
394.411
568.037
289.339
736.006
692.511
764.024
573.349
480.835
181.816
381.525
797.768
681.39
294.567
710.518
731.79
548.008
322.591
539.743
324.969
511.332
963.299
660.846
434.342
770.388
460.014
612.863
238.73
522.015
468.859
650.415
606.053
338.638
270.174
558.975
723.238
312.834
616.001
917.767
736.438
702.868
718.288
844.29
486.418
562.082
747.319
148.003
595.134
798.755
654.441
43.0465
179.636
261.926
240.416
215.641
764.455
186.454
511.121
478.038
215.448
464.812
991.86
452.994
247.348
949.091
544.255
189.855
383.423
609.765
404.243
286.527
305.221
424.029
805.246
79.6304
974.476
734.94
577.125
276.176
453.766
664.567
583.843
291.741
307.189
525.933
354.858
826.482
565.15
617.171
236.123
262.772
232.243
511.249
261.197
792.427
297.956
388.012
201.884
844.688
560.394
249.596
260.599
792.902
310.002
251.048
564.385
309.026
753.233
645.282
592.187
304.659
341.576
173.566
813.802
580.954
48.1664
136.033
205.806
261.228
504.571
344.816
149.282
580.866
287.647
730.729
581.475
848.366
673.549
198.157
616.52
537.061
809.209
292.077
654.022
305.164
734.774
665.439
574.21
487.23
303.211
613.074
492.448
326.931
728.833
49.6488
592.03
431.224
189.552
666.701
336.63
365.005
626.486
544.464
596.662
274.128
51.8941
380.296
259.925
550.136
524.307
463.001
728.717
834.846
303.434
610.333
594.681
788.48
239.804
321.226
447.833
147.851
270.934
628.797
662.608
526.966
619.536
525.76
547.008
173.358
567.652
625.284
222.767
523.689
529.32
553.08
244.598
486.643
612.066
521.009
155.589
404.814
358.872
379.273
615.003
277.856
300.257
664.966
689.119
540.557
627.842
594.832
346.001
307.05
571.756
127.424
454.406
433.471
532.28
242.759
397.316
512.254
221.472
595.102
377.938
502.726
235.58
370.984
656.476
633.462
847.794
110.941
403.252
399.625
745.339
741.223
570.06
628.106
533.194
672.242
877.438
354.09
437.553
499.144
271.693
303.712
256.096
645.701
260.542
332.728
837.01
228.265
654.417
353.747
823.383
633.672
684.842
844.493
1099.86
111.83
773.175
868.058
1057.66
36.0555
595.107
721.845
244.773
322.095
794.04
931.174
759.495
836.508
792.764
706.725
337.48
718.658
810.443
496.166
797.569
783.823
645.307
397.102
755.463
787.65
640.45
429.104
677.507
564.522
653.154
817.179
91.2688
456.18
910.276
854.043
780.484
801.044
852.022
583.545
566.641
763.443
388.851
706.918
706.994
749.037
365.166
671.394
679.124
71.8053
720.544
504.62
665.391
238.537
594.701
846.634
798.899
1121.63
384.679
473.483
550.848
1018.8
1013.17
837.86
883.779
798.52
836.833
1148.12
593.897
654.853
769.343
539.708
87.4586
525.678
913.203
81.7068
541.082
1110.47
427.619
236.279
599.27
556.094
483.017
763.623
886.242
251.668
613.812
643.655
839.2
195.359
369.872
494.499
154.987
238.73
670.914
713.533
577.47
639.063
565.743
548.931
204.636
567.539
670.317
272.356
572.06
562.734
582.204
277.635
527.797
619.035
554.539
205.38
449.298
405.011
427.814
662.302
243.403
336.168
694.873
693.86
567.86
671.152
646.721
370.864
342.113
582.992
162.049
506.205
482.454
551.131
268.784
444.303
553.741
182.464
630.518
410.21
504.843
232.648
419.869
702.345
637.86
896.052
157.724
425.202
436.963
794.134
784.918
610.594
680
584.699
676.757
927.699
380.001
485.996
549.802
311.978
267.167
307.304
686.103
225.089
379
882.402
484.465
176.819
593.121
328.093
729.571
486.141
671.206
552.197
219.477
427.112
620.017
63.5689
68.4763
467.851
527.57
567.539
308.649
337.606
437.379
189.391
516.462
404.794
545.778
524.218
161.245
146.031
252.438
636.704
417.939
147.092
527.987
575.782
226.612
54.1202
341.063
24.7588
478.366
649.822
421.294
390.519
605.26
314.86
551.036
297.069
246.337
166.027
466.23
278.212
223.897
65.5134
379.68
454.221
18.0278
488.66
599.27
614.964
489.165
484.487
551.192
297.866
535.86
563.373
468.838
269.987
573.548
460.331
368.246
368.316
223.009
330.276
210.193
593.257
509.228
239.385
336.657
152.643
142.941
677.551
150.233
293.437
634.206
330.08
458.455
658.11
783.955
366.083
986.56
970.574
289.836
419.806
697.544
909.732
339.171
448.184
536.926
391.031
49.679
876.925
793.112
736.98
504.081
548.639
353.459
433.23
364.911
865.388
379.297
624.1
504.921
813.001
504.386
522.917
436.165
780.052
332.543
479.129
600.128
496.561
846.002
417.901
558.828
606.258
500.522
476.236
873.08
763.489
299.933
332.886
417.904
238.411
642.526
549.627
420.62
501.638
495.791
762.685
353.866
852.841
637.636
313.002
462.832
599.742
893.158
445.647
929.368
285.07
660.473
656.565
837.884
779.516
593.071
798.01
684.746
483.343
987.215
311.97
666.528
633.942
341.541
430.537
428.075
661.78
399.451
574.321
887.144
647.373
440.264
737.768
315.103
846.013
658.847
44.8219
251.623
788.277
229.539
122.262
620.015
702.417
564.358
141.227
311.61
502.702
204.416
636.883
544.728
666.004
506.717
327.391
36.0555
301.944
691.862
539.557
188.322
627.156
626.386
394.566
181.417
413.319
171.959
448.884
811.006
525.422
400.582
696.208
381.581
542.262
192.003
394.138
329.257
564.646
454.428
223.305
116.846
471.873
580.408
163.248
518.168
764.683
644.664
576.345
612.566
696.118
360.612
505.428
664.199
299.252
441.889
670.058
533.339
195.489
247.099
201.42
215.232
116.97
687.416
332.415
384.419
367.887
78.0064
317.593
839.45
300.408
234.273
796.545
413.234
311.294
874.942
212.002
754.524
731.471
1076.41
680.062
757.634
605.607
546.542
639.062
416.944
793.817
202.089
656.299
363.979
1013.43
779.185
1021.83
351.962
1047.55
253.917
507.891
650.052
844.068
44.5533
279.732
738.529
1065.26
23.4094
502.245
646.965
252.24
570.812
299.982
555.008
226.451
983.639
1146.32
898.149
222.144
522.851
757.214
674.325
1010.8
581.836
424.364
586.315
940.24
289.209
606.862
143.003
565.41
89.822
146.373
979.656
395.14
297.027
290.814
1094.97
887.876
527.092
164.104
139.807
792.588
893.985
805.348
534.858
543.045
1131.19
847.972
758.236
279.716
569.72
618.606
577.419
474.899
864.685
556.23
266.177
942.306
1037.95
741.006
646.667
224.517
463.643
667.331
659.93
346.006
333.305
605.483
414.904
885.115
578.775
665.192
156.541
253.87
196.621
589.132
225.754
847.26
367.212
405.191
170.135
915.256
636.329
253.955
200.302
861.673
385.531
283.704
630.077
352.264
804.57
723.095
665.772
241.102
279.122
114.63
870.976
611.952
122.43
200.644
139.703
340.689
551.526
378.831
69.857
658.126
325.149
793.878
658.923
914.19
746.32
175.183
696.118
599.103
861.527
235.321
638.88
383.648
810.394
735.305
568.577
460.715
286.723
642.315
523.139
266.205
723.229
118.533
650.478
460.792
256.338
743.995
401.837
336.482
704.23
611.485
569.87
756.72
943.327
1250.02
760.865
781.077
817.037
694.986
761.625
628.246
999.528
174.324
705.647
426.502
1164.93
903.009
1199.7
559.003
1226.74
237.918
678.405
750.059
980.717
201.022
485.989
866.137
1234.61
209.688
686.036
783.186
410.826
705.284
300.193
763.946
428.478
1112.52
1315.26
1044
198.406
572.943
926.44
839.343
1176.9
772.717
523.316
706.237
1099.14
499.605
740.041
244.076
776.858
133.72
354.175
1159.18
606.172
438.919
254.197
1266.55
925.387
718.129
371.652
330.08
843.384
973.44
920.97
572.112
622.319
1301.08
861.037
925.61
392.917
665.566
784.934
785.23
637.85
969.557
766.123
432.51
1000.07
1137.59
948.393
281.313
77.7946
1063.88
528.365
437.303
873.176
1013.58
594.819
177.553
399.371
770.582
488.59
935.655
785.596
964.005
527.504
617.457
350.682
582.893
794.252
756.701
488.37
912.66
731.121
682.566
496.502
590.668
475.395
467.428
1071.98
721.467
634.353
972.984
661.974
568.516
256.462
707.916
644.186
852.2
755.821
401.11
421.233
760.322
799.462
474.995
611.624
1035
713.595
742.224
916.014
934.05
541.613
503.838
949.531
205.801
733.793
837.838
686.361
192.234
359.961
463.897
231.311
301.808
967.008
107.935
697.794
508.151
340.348
629.035
1101.04
578.983
447.975
1060.1
603.619
314.035
705.313
889.859
1089.26
129.097
616.754
735.882
324.154
248.453
881.128
964.098
821.336
791.372
788.01
639.658
411.807
648.001
891.778
521.61
817.069
765.31
746.274
478.602
754.189
724.407
736.398
455.412
685.917
635.623
674.056
892.691
203.027
539.409
881.737
785.041
750.649
885.949
898.018
558.828
559.228
707.738
393.966
756.35
729.332
706.027
452.111
686.956
764.442
168.291
816.315
596.343
600.92
338.824
659.109
926.631
731.362
1139.58
405.251
574.891
638
1039.43
1015.33
833.614
931.112
836.23
768.079
1176.61
570.154
722.795
799.993
542.687
197.497
558.624
907.477
192.13
610.721
1117.39
677.986
872.405
756.637
565.926
556.723
758.178
457.039
1102.59
794.119
888.534
197.699
461.469
66.4831
763.016
60.407
1067.62
572.05
624.721
365.538
1114.58
820.128
470.558
41.6293
1065.15
575.196
508.189
839.443
576.168
1026.8
832.088
858.009
355.08
81.0494
286.698
1089.68
835.345
323.89
412.167
96.2549
507.134
775.031
603.242
188.404
834.857
549.627
1006.52
766.887
1122.9
940.479
109.385
844.192
813.172
1083.33
26.0768
822.494
558.872
993.854
936.864
766.441
633.456
484.737
865.127
746.695
63.7887
918.009
325.629
868.04
684.302
465.473
847.272
612.403
514.762
813.213
818.835
736.853
213.6
832.986
273.805
160.639
664.594
742.496
586.707
116.181
334.67
513.469
217.442
659.831
588.707
688.662
526.693
371.981
73.9256
315.336
724.399
582.052
209.69
644.664
658.608
439.141
218.762
451.143
216.002
467.11
855.811
566.149
400.031
710.928
395.693
563.675
199.249
426.821
366.607
582.687
497.61
256.031
161.227
489.83
623.196
205.01
547.727
809.484
672.902
614.625
637.754
740.228
398.028
522.352
681.772
254.435
486.157
709.104
569.941
150.748
214.87
204.883
216.416
139.488
703.048
290.512
416.587
400.405
116.181
358.422
884.264
345.219
222.991
841.364
452.443
270.209
1021.91
474.377
373.269
838.021
953.952
613.066
126.621
394.777
693.271
414
861.07
753.499
889.225
546.004
567.649
285.955
507.141
799.18
731.136
416.227
836.3
734.418
634.05
431.975
572.543
419.013
484.084
1035.3
701.178
556.561
895.864
585.78
587.021
239.176
639.626
579.962
776.163
701.969
374.509
363.771
684.615
773.879
414.468
615.045
994.872
725.315
730.239
842.499
904.103
521.096
526.913
873.097
149.272
684.064
826.719
676.674
114.935
284.084
387.675
222.892
262.092
890.079
94.6678
629.158
496.557
289.401
569
1064.26
532.711
370.203
1022.48
582.477
248.31
560.332
687.634
210.319
311.585
762.365
895.391
723.943
812.887
760.89
690.159
302.643
703.313
777.443
461.239
762.742
754.333
618.855
363.607
723.136
769.502
611.585
394.271
644.016
529.684
618.361
783.148
83.4865
423.178
882.543
837.657
753.323
768.825
815.966
555.972
535.8
743.011
356.91
670.875
672.013
725.118
332.845
637.095
646.908
40.1995
691.668
474.026
648.124
211.092
559.24
813.394
782.164
1086.74
350.625
447.153
518.955
983.734
980.034
805.835
847.729
762.597
820.408
1112.49
566.069
619.752
733.736
507.312
91.4822
490.14
881.295
67.9412
506.053
1076.69
131.59
404.428
488.456
539.233
351.524
326.333
470.69
247.164
523.927
341.563
552.761
501.807
99.4032
202.475
298.6
589.339
357.069
204.198
545.671
530.487
166.066
108.074
294.824
58.0517
461.503
587.804
364.027
440.52
625.096
352.278
524.976
316.987
246.416
158.095
485.709
227.774
215.353
112.699
404.623
392.39
81.5966
451.515
538.401
575.284
435.133
488.357
487.627
257.031
517.626
579.607
526.574
212.363
516.475
410.573
424.273
431.771
283.637
351.37
236.563
611.919
560.089
242.244
304.784
188.162
116.108
615.725
87.5728
355.533
572.451
280.745
520.715
536.009
581.881
594.273
262.071
351.49
420.577
141.767
528.341
471.284
557.721
545.309
229.715
87.3155
223.486
683.24
480.885
105
528.433
620.455
294.839
59.2284
389.391
78.4474
494.381
718.238
480
350.91
602.177
296.108
575.601
278.692
274.148
207.002
465.718
341.99
241.29
55.4707
374.833
518.353
50.774
525.595
667.371
653.315
543.891
500.685
618.728
342.042
552.381
564.939
403.767
337.179
631.349
510.688
305.267
300.27
166.715
309.091
189.974
591.67
450.848
265.002
371.194
127.581
198.436
745.926
216.668
232.034
702.567
381.589
390.082
390.032
557.022
711.784
517.035
761.581
636.418
694.742
93.1075
715.103
568.577
308.359
599.708
654.755
438.248
154.635
594.751
759.716
418.868
249.904
504.073
319.877
459.778
572.892
199.279
215.281
794.909
836.947
675.214
561.856
619.956
485.598
434.295
718.466
264.887
473.739
508.469
675.214
129.553
485.848
440.291
173.349
497.773
275.574
650.459
91.1373
352.013
604.047
781.308
918.352
228.035
274.401
314.159
813.591
836.167
678.319
650.173
575.976
820.081
931.035
492.544
410.615
556.4
389.724
228.327
321.647
753.16
188.876
296.769
923.564
896.797
836.025
768
550.681
597.429
391.251
441.855
400.245
888.642
414.403
668.824
554.578
820.752
514.339
571.043
476.038
791.344
363.05
524.63
622.101
538.569
872.222
393.005
571.056
655.397
537.046
525.579
894.287
801.723
349.337
379.527
461.415
271.065
677.032
592.346
468.181
507.477
539.545
781.207
330.946
865.966
647.568
352.548
454.793
625.513
917.688
483.066
976.584
313.16
663.256
670.547
884.163
828.401
642.01
836.239
724.746
520.015
1032.62
361.365
692.636
675.498
385.001
402.892
462.294
711.073
375.171
596.041
935.795
532.508
252.771
1004.86
734.707
1056.07
473.152
1084.02
67.3647
537.421
577.803
815.854
227.379
403.1
699.232
1084.22
182.527
556.893
620.223
278.002
542.89
129
724.576
342.053
944.395
1164.06
882.256
26.3059
399.1
779.092
690.451
1024.79
649.049
353.657
538.814
943.332
429.728
576.55
117.516
722.839
128.701
291.24
1017.32
560.286
291.529
95.7549
1117.51
755.06
596.27
352.23
243.463
670.621
799.116
750.553
399.656
448.457
1150.61
696.419
776.965
234.719
493.284
638.001
749.753
492.623
797.019
722.424
303.266
826.929
293.384
628.513
333.546
775.219
627.989
804.15
467.74
442.701
177.282
431.32
699.314
608.021
324.992
760.843
633.553
508.693
321.237
454.616
297.935
405.584
908.804
580.931
509.181
826.823
511.681
507.513
135.033
535.248
468.159
698.863
579.25
253.618
243.68
606.001
650.628
297.8
516.121
868.256
634.133
615.443
752.239
779.003
402.08
455.906
797.95
232.019
559.204
711.959
564.164
138.438
281.114
318.693
134.201
136.4
819.084
219.329
525.602
384.908
164.305
451.575
937.753
406.618
325.627
895.911
462.481
294.45
770.425
488.517
849.351
424.118
878.364
196.42
360.913
326.087
574.976
406.47
378.419
455.871
865.362
340.988
405.044
386.374
203.494
313.141
142.899
713.631
333.264
697.407
942.865
646.177
230.766
159.022
572.591
484.422
803.776
498.578
113.719
297.015
717.011
419.672
342.843
222.812
689.27
342.148
343.93
814.51
560.675
165.027
200.898
900.494
524.218
455.11
438.877
287.279
431.019
548.373
500.896
172.047
195.819
930.798
486.68
567.966
113.137
241.814
439.056
742.247
311.416
544.728
705.057
222.713
584.11
298.297
219.401
742.177
238.55
960.96
510
471.959
201.189
1055.05
786.095
320.062
156.467
998.672
536.008
385.379
763.911
462.079
912.909
878.005
811.668
157.433
203.194
124.471
988.387
690.456
276.525
344.472
113.464
496.695
657.907
473.776
88.0511
809.996
429.219
922.001
813.477
1045.91
890.525
230.521
852.348
727.72
970.795
189.718
631.029
538.098
959.14
874.845
583.082
440.328
310.221
716.817
604.646
199.063
730.997
270.675
772.706
543.662
399.445
898.283
538.689
326.382
859.077
747.573
541.288
447.135
583.857
475.421
684.003
330.801
174.453
98.0816
823.168
604.003
43
427.463
760.995
386.626
139.09
528.16
209.571
631.095
803.385
610.261
209.695
493.632
178.354
715.437
393.585
251.032
228.806
365.761
404.001
381.084
196.888
273.075
638.451
173.77
667.344
746.695
795.026
678.517
428.981
724.079
482.312
688.985
464.562
391.288
417.138
762.64
648.558
315.154
231.041
45.607
418.971
309.864
485.618
470.032
239.14
512.961
251.104
254.159
829.47
334.001
120.441
786.263
518.556
338.6
702.624
29.4109
1023.78
521.395
601.771
355.744
1059.17
761.463
450.25
88.2553
1011.33
519.64
476.239
788.891
539.676
985.357
765.722
801.264
371.637
147.503
281.78
1044.19
806.395
278.038
367.078
105.948
447.465
736.566
571.434
181.604
774.681
515.8
957.076
700.548
1071.14
883.967
44.2832
780
765.248
1041.17
92.1954
822.341
500.202
934.517
882.724
759.055
636.806
475.657
837.356
717.508
130.25
912.688
281.684
822.263
655.36
418.145
780.816
563.863
514.657
746.86
767.454
743.228
725.578
480.205
253.571
527.478
614.509
379.803
73.0548
541.164
759.458
349.933
208.319
446.839
227.055
393.193
481.664
290.388
132.774
757.46
839.029
645.115
476.051
530.875
466.768
401.966
712.576
256.031
384.832
437.687
658.736
72.2011
422.74
355.681
266.295
426.011
205.767
658.728
151.793
259.141
514.84
784.529
840.515
206.545
233.42
233.976
735.558
770.652
623.282
560.332
491.635
822.681
847.243
471.73
317.547
477.127
351.172
319.265
254.7
696.492
281.093
203.708
852.838
1052.2
548.666
630.943
383.256
1084.55
785.433
479.16
94.0213
1037.34
545.312
505.649
816.001
568.951
1014.11
780.085
826.18
393.265
137.179
308.229
1072.34
835.801
306.646
395.648
126.317
471.203
765.663
600.841
207.762
797.725
545.18
984.405
715.129
1097.81
908.944
67.897
799.39
793.001
1069.82
85.8662
848.67
524.432
958.001
908.666
786.611
662.288
503.254
866.748
746.914
120.416
939.981
310.537
850.414
684.761
446.276
794.346
591.601
540.723
761.318
794.346
768.118
511.278
522.389
768.385
284.839
414.082
650.195
1047.3
232.142
538.223
575.585
266.865
499.46
62.3939
746.201
354.291
893.286
1126.33
837.359
41.1096
335.477
745.808
656.771
986.862
632.225
304.14
490.156
903.001
445.601
531.744
136.059
738.708
191.191
317.385
986.351
582.28
267.927
38.5876
1081.4
688.606
581.323
390.548
263.105
605.483
737.461
697.266
334.229
389.979
1113.43
629.071
742.779
204.012
438.211
606.258
772.521
464.234
740.547
742.408
293.026
762.156
301.538
363.435
548.044
281.839
288.368
558.507
495.101
67.1789
195.88
267.589
157.267
481.325
488.66
301.942
507.055
639.515
402.016
527.523
389.423
249.804
166.868
503.081
143.951
263.23
210.836
433.402
312.085
179.011
435.74
439.005
550.873
380.581
481.34
394.123
245.935
533.504
589.329
625.499
116.503
451.35
368.164
522.69
528.788
371.286
423.795
318.215
624.751
655.464
250.41
307.275
278.46
111.14
516.484
49.4975
445.539
473.178
246.806
619.63
270.795
694.606
526.781
154.729
593.57
629.682
368.481
146.164
410.011
144.423
466.228
788.184
516.55
376.311
663.54
349.731
556.593
219.146
358.13
294.16
530.947
424.237
229.314
91.526
438.329
566.782
131.187
524.856
740.27
652.285
571.592
577.021
678.091
358.314
523.489
630.558
324.105
414.365
663.809
531.272
222.396
250.683
177.138
244.861
137.208
654.423
364.428
348.382
372.146
84.5281
284.529
816.407
278.361
219.545
773.299
407.649
325.386
887.246
644.888
119.971
330.492
827.291
408.044
198.338
591.845
276.123
717.867
805.501
659.474
143.694
395.607
80.3617
797.898
489.311
207.511
222.396
269.416
402.369
464.247
278.289
177.477
675.432
240.832
740.875
745.151
867.383
733.025
341.855
745.033
550.114
775.867
367.535
469.359
427.682
811.32
709.056
403.358
290.998
120.017
515.656
403.886
387.769
556.987
195.816
588.045
343.402
265.37
829.861
379.084
166.859
787.488
578.999
400.412
309.104
782.378
1104.25
66.0076
539.616
690.461
295.655
614.554
334.966
563.494
259.725
1027.18
1185.28
940.494
249.882
565.475
796.765
714.773
1050.42
616.728
468.796
630.635
981.035
313.543
650.61
184.166
578.789
102.005
177.341
1016.68
407.771
341.204
320.203
1133.51
930.643
562.186
171.828
180.247
835.946
938.416
849.61
576.64
587.167
1170
888.919
798.098
324.127
614.234
659.017
584.414
516.358
909.158
566.188
308.65
986.147
561.004
814.104
277.088
250.799
465.01
175.285
402.636
420.487
339.329
61.0737
788.578
894.439
682.761
407.355
500.253
514.192
442.09
764.589
314.25
357.022
440.71
705.154
42.8019
435.33
286.007
325.297
352.956
133.36
718.001
182.28
217.175
449.814
840.758
828.73
261.335
174.471
161.79
724.228
775.319
640.528
527.25
472.343
878.422
825.679
517.873
267.135
467.077
388.321
367.251
270.017
711.288
332.989
156.205
850.653
438.928
720.625
345.203
96.1301
487.032
168.003
598.754
763.849
567.508
246.895
508.944
196.37
680.6
371.034
230.586
195.9
376.364
366.674
346.263
160.424
283.656
595.484
132.004
628.828
707.941
756.247
636.228
428.229
682.03
441.977
656.745
475.946
408.755
377.244
719.917
607.016
324.895
261.345
83.8153
398.51
284.621
499.714
479.317
219.155
474.782
223.66
215.824
790.205
291.002
159.327
746.914
476.87
366.001
1053.24
566.379
482.051
824.879
552.294
1004.87
843.076
849.589
313.9
81.0555
250.745
1070.53
806.486
308.765
395.278
62.7694
503.563
751.665
576.55
155.284
830.827
524.314
990.677
777.718
1108.93
931.633
123.491
847.177
796.448
1061.81
37.108
783.411
553.73
988.385
925.486
729.269
593.839
448.764
835.629
718.157
66.4831
880.096
309.045
849.501
655.812
449.829
859.415
596.858
476.127
824.107
805.062
696.581
492.197
629.749
235.688
553.189
277.108
563.555
221.278
966.235
1134.29
882.526
201.534
499.925
744.793
661.037
998.181
573.792
403.194
567.324
926.43
289.969
589.211
119.641
571.402
80.0999
144.558
969.45
402.08
278.692
269.409
1083.36
865.023
518.978
175.847
128.725
770.039
872.767
786.472
511.681
521.216
1119.31
824.662
745.5
258.521
548.876
605.406
586.652
460.679
845.044
564.032
251.114
920.139
256.581
279.652
224.089
514.887
423.703
283.214
550.233
647.195
436.809
549.925
449.481
263.463
193.763
515.031
94.7259
316.362
277.966
454.403
274.175
244.074
448.308
372.69
554.886
365.411
477.415
338.565
270.416
563.873
594.604
692.527
52.4976
424.947
363.478
589.836
592.166
428.924
483.542
382.005
631.573
722.32
267.081
336.186
344.675
143.224
451.213
104.924
504.073
407.826
255.539
684.901
394.808
77.9359
528.228
679.395
471.58
336.728
557.983
262.092
603.258
330.589
216.021
148.007
419.734
292.412
273.117
95.2733
331.168
499.842
43.8406
542.64
625.974
669.047
541.144
446.754
589.919
351.967
585.977
518.004
456.07
293.956
624.021
513.585
360.189
336.514
176.505
362.278
241.814
546.572
508.098
207.292
390.288
180.236
144.17
706.476
195.092
249.904
663.063
383.294
433.267
319.075
258.027
512.992
131.244
731.528
905.733
646.981
272.985
335.491
516.258
430.099
768.1
371.109
201.757
338.337
693.401
216.206
355.124
169.189
493.223
284.192
163.591
748.505
357.532
53.3667
297.607
856.33
683.369
318.284
259.031
121.807
581.32
659.513
556.102
359.447
324.322
891.279
667.06
515.889
91.9239
335.726
375.089
541.295
228.32
618.438
505.475
26.1725
720.575
453.706
645.12
403.279
413.091
629.744
339.426
526.317
277.584
267.778
185.084
490.637
283.24
199.422
55.4707
404.339
439.932
36.0555
464.762
596.237
591.319
469.401
507.15
541.341
274.855
511.168
587.58
468.523
270.207
555.168
439.058
366.325
377.64
240.832
311.231
192.167
617.661
503.438
261.297
312.373
137.539
156.349
673.152
138.928
309.196
629.929
308.992
464.088
758.243
363.446
839.62
1083.06
788.769
103.078
273.942
707.503
618.612
943.722
609.59
255.123
439.82
858.043
455.804
484.517
166.172
745.419
247.121
340.076
949.165
596.095
246.71
58
1039.58
626.279
560.932
422.039
282.462
543.195
676.651
642.284
271.919
331.917
1070.64
567.969
703.694
179.611
382.688
570.202
785.464
432.823
683.108
752.939
283.706
699.946
394.799
938.275
913.127
811.001
733.563
819.2
613.714
583.908
813.6
403.342
672.991
696.681
789.963
302.443
667.473
612.222
65.3758
643.343
433.365
723.028
164.347
548.993
783.368
857.351
1110.23
386.657
392.326
483.628
1005.99
1015.66
847.455
849.45
773.576
895.864
1127.73
623.083
604.772
750.907
549.477
29.0689
510.601
923.092
19.0263
491.471
1108.27
802.757
930.407
703.363
346.578
465.692
544.901
467.472
797.755
357.095
327.385
435.106
733.444
92.358
437.833
225.056
384.427
294.924
82.807
758.396
233.461
180.314
390.493
877.699
806.665
302.671
152.453
101.203
703.184
767.074
643.952
490.405
447.493
914.764
795.829
547.418
220.239
450.019
412.234
422.096
280.401
712.011
389.667
118.701
836.28
354.51
131.095
925.039
592.558
326.731
360.672
266.948
537.543
590.756
406.282
201.658
818.96
377.115
875.721
876.362
1003.1
875.571
374.995
885.615
687.922
897.377
346.771
480.277
567.02
954.757
850.054
443.001
288.998
199.409
614.323
513.517
352.841
584.768
316.481
721.649
457.621
407.079
961.574
522.369
187.003
919.905
719.789
385.946
315.279
1150.07
878.914
389.741
475.925
139.463
583.008
829.15
651.724
227.379
910.583
600.787
1071.27
847.918
1189.83
1012.52
190.252
923.578
876.885
1140.2
56.0446
833.154
633.726
1068.61
1006.54
786.179
642.019
510.546
907.225
791.121
17.2627
934.097
389.847
929.362
728.972
530.649
928.315
677.621
529.559
894.249
886.014
740.43
865.344
567.342
197.517
243.249
190.444
413.586
533.904
349.384
100.499
709.965
305.866
801.954
748.38
926.984
780.108
272.905
766.316
608.593
846.691
287.701
540.566
447.493
853.366
760.78
480.037
355.913
198.116
594.401
480.926
307.417
632.456
187.92
651.233
419.644
294.81
833.694
425.564
232.998
792.465
631.983
463.59
374.541
766.682
677.816
1010.68
642.932
334.45
520.212
928.246
435.993
559.48
121.926
729.572
153.075
301.1
1005.95
569.228
281.824
70.8308
1104.15
729.328
590.811
367.241
250.38
645.483
775.465
730.267
374.354
425.96
1136.84
670.179
764.2
221.93
472.149
626.068
759.208
481.777
775.477
730.767
298.761
801.963
542.855
462.564
743.72
533.115
146.219
236.14
652.071
543.007
293.641
381.797
785.255
499.1
491.276
777.34
678.198
285.507
326.827
843.154
365.197
501.949
587.688
437.499
273.359
403.332
393.412
34.5254
88.8876
868.99
332.946
535.318
257.387
151.162
431.094
848.261
344.703
421.527
808.058
347.467
428.417
89.0449
253.653
220.907
460.626
307.236
191.971
535.699
249.329
682.757
550.906
800.213
626.038
241.946
576.563
489.287
763.175
340.125
639.144
261.696
688.41
617.408
554.484
480.8
294.457
575.587
454.974
375.089
708.071
12.0416
544.812
394.738
141.598
636.228
288.624
361.913
595.124
496.299
589.275
338.001
180.58
373.129
230.263
266.552
467.611
172.569
595.399
524.49
714.29
547.066
330.589
525.115
401.319
674.185
427.619
597.182
206.349
614.716
534.734
505.009
457.161
274.401
496.033
376.191
461.754
655.001
86.5563
456.01
318.19
55.7584
608.741
201.804
348.634
566.083
411.052
561.621
457.93
690.058
514.06
92.8924
783.255
462.196
932.841
748.295
1052.29
879.277
120.673
807.332
738.232
1000.82
99.6243
727.473
506.084
939.06
871.002
670.269
539.271
388.491
772.865
655.406
127.028
822.074
252.692
790.124
593.068
393.205
831.506
539.796
419.463
794.575
748.891
643.886
405.975
338.695
410.479
327.739
293.471
538.477
344.118
640.235
439.823
403.854
355.732
364.694
658.328
528.512
745.751
54.8179
487.062
445.638
646.261
625.531
449.027
567.539
459.74
566.65
786.565
228.265
430.744
415.473
151.162
428.189
191.269
524.424
385.504
346.227
725.207
186.038
603.401
399.816
229.445
295.67
639.613
422.976
364.335
702.318
532.962
148.762
312.928
786.84
481.615
368.506
460.44
316.141
379.859
469.622
397.654
176.963
123
817.08
469.158
455.597
144.679
146.322
330.13
702.05
214.756
448.282
661.916
208.866
522.231
424.463
479.738
58.0775
470.826
649.074
598.653
495.631
541.498
587.688
289.62
497.805
612.687
414.773
325.043
585.085
460.053
311.873
334.701
219.173
268.466
147.801
640.664
447.97
299.401
316.319
88
208.24
724.928
186.938
280.195
681.842
332.182
415.578
727.496
374.318
855.249
725.46
977.057
813.492
176.23
765.781
660.337
915.492
192.333
640.931
453.442
878.996
800.866
580.014
455.274
297.204
680.847
564.03
216.945
732.789
187.387
709.271
501.798
322.262
810.299
465.816
333.089
771.038
675.635
562.082
471.83
314.07
293.602
368.47
146.113
730.819
142.021
259.509
482.188
856.225
870.725
277.272
161.443
186.269
766.124
814.435
676.003
569.889
514.84
894.296
868.407
540.17
307.709
508.587
415.178
329.795
304.869
747.622
297.405
198.172
891.238
500.128
616.644
626.899
504.869
484.951
569.219
310.807
542.233
560.045
452.727
286.803
589.956
475.016
352.797
350.326
206.155
326.259
205.65
589.153
495.308
241.677
347.248
146.031
154.548
695.153
168.122
275.96
651.793
344.894
440.856
607.646
127.945
181.43
917.052
447.967
194.918
174.428
1022.79
746.979
484.809
256.811
128.655
653.405
762.569
688.944
392.475
408.828
1057.15
705.063
681.745
154.548
441.902
541.181
638.126
394.138
743.162
609.139
192.769
805.179
651.488
434.093
657.779
171.02
524.318
774.855
792.114
1063.73
332.051
407.139
479.51
960.135
962.477
791.213
816.576
734.429
830.656
1086.21
560.509
583.826
707.831
492.541
85.3288
465.022
866.833
46.3897
469.998
1057.26
222.407
1030.06
482.149
318.404
223.886
1140.14
862.522
585.534
253.712
196.413
772.373
887.722
816.883
505.57
533.526
1175.3
812.15
800.011
282.462
568.958
659.228
666.202
512.509
870.891
644.003
304.069
926.214
841.148
269.141
216.91
355.584
960.013
845.575
385.452
96.566
58.7282
744.194
821.842
709.857
511.766
487.263
996.955
824.219
628.205
234.367
498.993
491.522
458.53
354.903
775.325
431.519
164.027
884.163
735.772
726.099
1004.56
134.347
811.017
456.86
890.834
840.774
743.318
628.622
460.609
808.912
688.559
173.003
897.764
246.733
784.083
626.766
380.116
738.531
524.742
505.099
704.129
726.722
736.495
398.453
619.639
867.744
992.292
319.002
236.14
319.44
887.335
918.892
765.278
706.459
642.603
906.601
998.098
583.597
449.307
628.917
479.755
190.245
402.419
839.662
162.604
338.21
1003.23
293.711
828.935
630.271
314.784
312.386
173.012
528.05
607.161
508.434
311.002
271.074
862.931
615.715
487.825
67.1863
282.857
347.753
577.699
201.4
569.035
540.171
62.0081
667.297
1096.38
671.78
608.395
429.121
300.821
592.355
730.154
699.809
321.708
388.491
1127.68
607.267
759.614
227.772
440.202
625.001
809.846
485.572
739.701
779.311
323.748
749.478
818.882
579.719
1014.74
955.294
765.768
628.912
485.644
872.413
754.752
38.8973
916.264
341.119
882.819
692.388
481.627
872.711
628.707
512.004
838.458
836.106
730.873
738.329
941.893
795.343
104.957
191.316
352.979
357.05
359.436
830.001
114.909
627.575
616.64
363.435
600.187
1138.7
599.651
308.11
1095.8
689.256
112.606
435.026
390.825
636.523
630.435
460.925
536.027
433.797
617.567
771.467
267.507
381.477
394.954
164.454
413.237
157.305
536.539
369.878
293.08
726.092
151.605
840.244
914.44
795.972
607.774
583.25
1052.52
920.631
691.879
330.534
593.152
560.204
414.011
432.436
863.362
394.555
256.827
979.025
695.156
780.092
677.386
456.676
438.985
991.44
770.248
618.463
180.136
455.439
478.992
509.66
336.162
740.201
480.485
130.292
838.118
170.206
283.397
271.28
257.002
781.087
154.932
543.332
517.858
258.49
503.401
1034.52
495.549
257.721
991.704
586.299
157.175
186.473
411.885
354.203
639.113
297.594
468.803
614.291
325.098
474.435
1042.87
516.547
124.234
999.457
658.058
109.59
416.011
314.274
503.85
437.321
282.482
534.431
259.609
298.739
873.712
371.135
75.6439
830.452
548.12
294.853
120.669
897.615
314.682
567.86
277.417
182.148
465.242
878.491
378.846
439.364
838.614
372.979
428.141
780.974
355.609
447.2
264.32
62.3939
347.766
802.574
277.714
351.229
761.006
329.83
400.202
929.874
375.49
915.895
718.734
516.258
911.058
663.304
525.168
876.986
871.381
738.691
697.07
590.235
378.784
648.926
1156.64
622.512
404.712
1114.63
677.131
227.482
542.462
386.628
140.801
645.812
287.814
349.871
604.544
496.339
577.313
290.506
404.141
633.127
260.5
589.448
597.047
113.846
664.458
293.782
779.672
243.742
303.995
737.279
336.394
386.39
575.392
147.085
374.327
532.234
355.687
574.878
539.045
949.356
43.4166
519.955
1136
443.081
496.17
209.831
601.958
906.095
612.25
233.555
483.448
1092.65
722.53
