100
752.872
445.798
380.789
635.725
444.083
726.154
415.098
729.559
217.368
358.95
566.238
189.621
489.331
626.674
672.121
343.956
739.351
871.593
651.169
859.155
516.373
683.495
902.027
909.502
852.27
401.254
842.668
743.872
102.083
435.167
832.429
558.055
363.497
944.976
756.892
788.462
389.464
177.91
319.953
980.034
578.751
252.446
312.477
462.351
916.081
813.448
696.811
960.243
888.741
669.807
916.707
60.075
880.251
263.61
377.243
302.419
906.277
848.842
620.919
485.412
659.064
932.805
537.729
608.895
179.739
777.728
192.042
296.81
630.623
918.347
855.628
190.589
470.507
396.34
402.796
515.275
55.0818
53.3385
255.345
886.072
477.881
461.069
483.322
512.509
503.227
290.413
972.215
830.48
314.994
699.315
315.763
758.6
477.347
267.726
764.921
741.243
731.399
634.329
435.184
522.594
379.02
772.706
627.23
379.415
689.198
779.251
867.249
943.655
941.064
563.251
265.324
904.292
806.505
487.083
750.989
634.938
890.814
172.569
468.71
546.894
736.4
319.39
881.982
548.515
651.338
47.4236
854.005
844.821
347.001
245.326
393.794
611.31
54.6717
351.433
581.352
642.336
534.762
371.098
365.383
617.11
476.917
461.866
483.765
227.247
915.363
1019.27
993.847
210.49
722.174
704.376
649.788
891.526
376.691
902.942
248.697
228.464
540.981
437.576
359.651
918.75
266.58
508.119
623.899
386.167
609.222
807.683
928.283
625.799
809.101
565.76
950.222
735.166
882.005
524.767
785.413
805.812
508.151
956.705
503.271
952.37
828.782
270.054
842.262
543.386
478.132
256.517
561.025
489.704
552.053
905.345
278.862
870.552
26.8328
570.636
452.831
479.763
680.8
256.702
891.656
677.432
728.695
695.881
955.297
652.203
784.268
928.247
332.824
321.753
951.445
932.692
133.544
946.725
965.709
961.002
686.023
625.16
797.865
1038.43
804.618
1083.6
588.467
957.355
488.296
533.094
795.468
779.088
278.455
345.453
994.893
494.705
754.263
603.876
268.365
502.118
869.166
604.544
518.946
420.364
60.7289
906.385
696.983
1002.19
1215.83
1160.15
340.602
1039.42
386.4
978.943
695.352
326.741
728.286
757.059
717.621
751.194
86.7698
667.183
1150.52
476.354
163.196
456.765
767.508
255.812
682.314
965.201
987.911
1048.76
305.084
866.755
710.389
790.866
70.342
441.255
490.172
371.183
1140.82
34.7851
861.019
819.922
440.446
839.965
480.337
932.623
724.503
130.863
775.284
515.211
1036.81
368.657
690.8
518.768
849.546
775.515
723.578
704.892
649.389
440.829
482.597
472.722
705.391
530.687
637.013
722.984
194.618
114.477
728.093
690.207
145.417
694.349
710.883
731.766
508.791
369.46
541.17
781.839
596.283
832.505
348.001
701.191
365.137
482.867
597.972
549.962
182.661
93.4345
745.775
377.604
518.279
369.218
265.277
274.171
665.452
350.561
321.044
188.367
216.813
668.061
489.854
770.016
966.967
915.128
297.325
783.27
328.434
723.865
564.526
71.218
586.717
568.734
518.509
494.955
217.083
417.929
897.009
233.009
365.203
289.389
525.548
231.603
512.07
745.242
735.868
793.788
190.379
686.613
498.784
610.627
307.617
408.6
434.126
170.238
892.773
263.761
684.08
608.769
197.091
627.517
261.266
703.479
513.729
215.595
519.925
290.493
795.81
130.614
550.179
388.155
593.111
523.473
467.069
477.038
215.601
444.416
221.359
103.16
515.993
453.163
247.814
587.981
655.641
157.918
41.0366
759.542
130.146
366.502
128.55
743.194
311.97
262.429
332.555
672.488
216.723
303.369
320.326
801.831
668.886
266.908
561.416
771.373
555.993
473.669
816.133
516.443
288.922
724.189
391.372
721.249
407.398
403.417
471.292
862.866
539.79
643.308
143.503
331.21
269.091
862.566
359.736
650.68
365.58
492.995
579.629
463.833
733.79
679.566
239.002
866.088
427.169
298.263
529.068
1014.59
484.153
477.587
705.642
379.476
184.805
429.638
237.693
619.569
346.302
243.502
335.543
951.766
689.78
652.219
525.449
255.472
906.521
358.264
203.769
546.803
195.451
416.646
615.367
635.755
797.01
326.735
380.41
146.492
596.237
464.634
798.655
283.635
382.562
304.015
203.158
385.032
71.0211
293.956
379.332
377.127
314.057
373.751
463.017
292.496
256.453
544.783
298.077
443.991
291.872
641.475
169.85
265.294
460.57
615.691
421.996
93.5361
408.917
647.522
496.4
227.306
511.038
579.193
348.373
532.731
662.472
461.637
73.5935
512.65
175.932
677.882
281.157
196.461
257.635
650.902
544.177
554.539
329.219
545.476
484.663
679.682
477.722
449.312
450.281
373.973
373.226
360.762
653.682
593.776
204.475
655.79
337.356
498.362
363.551
805.062
277.503
433.074
492.392
255.049
312.776
498.41
413.417
405.228
335.936
124.535
280.401
738.817
499.159
470.239
309.866
469.691
693.432
341.27
201.896
371.248
215.037
201.122
614.088
556.853
581.42
304.539
164.839
359.489
406.687
344.768
651.019
318.423
353.692
246.781
55.3624
455.923
422.512
740.695
760.805
662.922
569.048
409.591
596.607
469.666
627.97
388.973
260.68
572.347
304.381
227.379
186.132
358.264
234.252
510.73
355.563
272.523
420.601
809.049
607.462
126.246
494.677
417.433
266.908
432.094
77.026
383.513
703.727
411.254
293.302
148.368
494.923
418.858
676.925
192.419
201.487
585.581
645.311
627.694
540.224
346.485
702.345
275.465
745.634
424.042
739.173
289.375
236.034
209.093
665.06
68.4471
541.133
252.414
788.957
549.678
51.9711
671.789
632.421
623.141
265.708
432.342
590.715
714.966
509.514
664.82
764.073
776.115
769.471
486.046
587.149
726.23
721.904
568.032
288.487
574.488
438.269
246.418
191.512
695.831
121.499
420.174
556.232
360.111
717.814
406.059
195.144
74.3236
146.537
437.659
314.836
321.604
307.599
257.783
376.3
508.847
256.55
259.237
562.338
327.258
500.803
265.377
710.252
239.635
328.951
506.57
686.702
437.389
142.172
462.806
707.102
455.004
158.24
581.986
623.76
383.416
594.039
722.117
532.591
111.158
507.001
198.726
748.866
350.304
186.132
284.598
674.965
612.334
624.648
307.657
550.364
483.125
728.464
526.545
429.424
505.835
311.262
409.158
294.552
723.994
663.935
270.337
682.678
408.232
517.707
423.383
832.114
265.187
503.695
490.805
191.003
272.641
557.682
443.597
407.806
266.58
53.6004
209.402
760.249
469.506
434.337
324.711
475.085
714.829
271.317
142.274
427.379
158.685
216.227
683.078
627.443
590.699
372.392
183.172
353.638
455.388
281.753
712.299
379.301
422.888
316.425
23.0868
618.276
555.688
336.621
666.408
696.228
234.776
86.267
825.592
39.3954
288.461
196.156
726.87
344.988
237.228
237.076
636.737
129.139
370.951
241.299
812.98
767.696
369.64
527.418
809.4
612.511
396.873
826.586
487.066
363.607
806.486
464.088
677.822
421.275
489.204
537.782
921.742
482.374
623.892
186.593
261.691
217.816
891.822
266.413
740.519
284.565
595.988
634.331
566.993
707.057
657.343
239.842
922.181
421.432
204.6
555.547
1068.51
570.475
446.001
785.6
481.664
259.625
351.194
134.536
697.668
444.568
343.052
438.047
1012.02
784.149
748.923
597.737
188.521
967.323
457.053
306.15
578.634
296.589
491.955
557.195
611.837
869.021
301.042
455.713
135.3
635.94
567.525
805.868
236.764
352.363
299.488
294.376
142.801
380.664
343.373
621.342
461.546
545.015
536.825
638.236
821.721
493.836
940.026
513.502
644.436
826.562
955.465
727.116
385.149
784.347
868.89
182.527
265.746
861.492
713.135
479.088
912.062
883.233
813.181
358.42
389.919
346.204
1023.19
606.699
257.62
390.468
660.113
915.838
873.735
538.563
815.113
738.445
827.887
847.524
270.958
827.131
46.6154
500.756
87.6926
972.651
912.226
582.835
679.925
680.948
810.089
616.404
813.575
245.725
791.976
396.788
136.62
458.628
877.397
752.16
361.138
267.66
279.303
212.81
722.488
249.882
194.263
366.62
745.333
682.306
256.223
326.339
601.839
343.118
329.261
982.041
884.28
522.182
679.312
332.032
612.514
590.699
59.9333
884.349
697.672
723.896
617.43
344.688
265.731
462.33
715.073
362.012
473.925
663.163
582.516
795.259
399.552
994.604
537.301
633.942
781.826
987.994
648.908
416.062
753.387
951.467
321.279
186.336
886.136
816.241
571.938
894.242
966.265
836.78
384.038
527.478
408.936
1052.24
642.573
328.694
473.334
787.137
919.765
917.521
441.01
719.136
640.344
930.274
806.566
410.095
798.204
96.2133
596.028
56.7979
1017.51
956.804
577.17
804.911
708.673
731.15
681.535
943.479
348.174
809.697
531.154
136.488
352.687
855.178
689.56
484.604
139.979
254.751
117.644
854.574
392.659
336.883
467.181
654.478
812.946
126.531
249.538
673.684
260.25
401.678
990.677
923.736
655.867
679.839
391.807
521.982
676.013
93.6376
963.314
681.036
730.45
623.798
328.344
596.585
766.1
107.154
250.503
796.123
371.712
614.296
148.246
944.89
476.736
494.677
573.684
896.77
402.747
399.271
568.001
961.533
560.836
134.715
786.618
880.416
636.908
721.439
976.492
738.881
368.912
705.029
450.315
951.447
587.337
410.377
535.178
914.883
781.561
851.543
182.661
456.631
377.383
986.083
602.702
602.446
613.153
341.585
662.85
301.438
947.791
889.913
454.772
925.735
630.109
481.789
677.499
1073.92
473.362
703.247
697.42
269.433
90.4268
677.449
461.044
626.139
128.004
224.27
168.158
995.74
612.47
562.118
563.494
396.043
950.877
142.004
115.732
683.816
99.5038
461.825
856.808
849.165
811.762
554.833
433.244
267.328
713.135
320.782
965.001
525.621
610.942
516.435
261.926
300.122
626.69
628.301
203.769
666.312
750.233
640.357
672.964
384.574
563.788
798.902
733.235
795.146
298.873
728.742
554.759
290.993
463.113
664.688
376.017
176.324
809.424
567.948
623.917
302.804
144.361
204.299
803.942
421.086
191.627
153.264
327.029
761.449
633.373
683.547
918.892
855.911
489.965
808.082
144.461
760.919
381.159
188.138
408.486
723.305
667.323
505.157
343.216
500.625
869.748
356.894
485.536
123.944
618.981
119.616
351.141
638.377
789.023
778.152
31.6228
534.847
383.021
458.656
401.647
225.499
242.621
83.6002
843.09
357.707
529.639
490.702
328.69
511.023
174.929
811.015
652.43
216.28
565.072
210.889
727.946
288.513
370.951
575.434
621.351
587.282
502.049
389.2
755.511
695.153
241.82
679.15
656.065
752.981
396.244
351.241
503.257
737.668
492.854
818.516
370.624
653.411
254.637
591.035
650.192
458.246
116.362
143.377
676.492
267.884
432.511
398.483
379.606
320.408
560.576
298.707
387.941
243.206
267.808
584.638
385.188
787.109
956.35
912.2
220.783
734.66
439.477
669.964
650.994
120.603
668.497
458.704
411.122
467.488
255.515
351.386
875.563
160.112
385.946
375.682
446.444
346.013
583.586
775.527
672.601
768.126
300.794
747.181
544.18
673.268
354.498
520.343
542.531
254.88
884.634
317
746.525
650.37
126.57
667.461
318.002
612.138
410.836
316.481
469.737
338.333
800.945
60.3075
633.456
275.835
549.156
461.889
426.617
508.035
150.446
817.945
271.765
519.047
41.1461
889.973
435.652
418.384
471.208
827.421
295.711
385.389
472.128
929.28
635.475
196.698
716.381
871.684
637.377
627.2
943.994
670.374
360.014
748.249
454.852
877.849
541.37
435.175
540.565
931.481
697.657
792.394
79
357.405
279.034
971.511
501.023
655.379
516.652
427.282
662.8
389.965
885.394
829.624
388.005
939.183
572.647
375.293
648.167
1088.64
508.089
632.447
736.174
335.738
26.9258
582.279
355.106
657.684
230.497
243.977
252.169
1016.41
676.652
630.229
580.601
292.828
971.025
244.297
143.388
659.94
123.471
472.699
773.239
786.842
842.765
481.724
439.638
161.623
698.928
403.065
929.396
441.553
537.922
452.448
251.08
800.562
121.631
368.803
114.057
771.11
349.498
284.803
323.21
694.104
182.792
344.397
321.809
836.665
702.157
289.088
583.301
810.682
596.795
477.085
850.84
539.69
329.848
763.849
432.296
740.219
441.775
442.792
512.328
903.842
552.693
670.09
116.4
291.589
228.215
900.742
352.23
688.596
366.231
519.7
620.343
488.615
758.538
705.596
268.57
906.969
456.934
265.483
566.326
1055.4
523.259
499.925
745.682
409.099
176.207
432.001
216.412
659.905
359.167
277.505
356.557
992.779
725.854
687.047
566.319
216.042
947.54
371.845
225.144
584.969
213.74
457.404
628.172
661.151
837.8
349.857
421.203
106.019
635.574
491.916
832.64
298.873
404.754
333.096
241.969
818.532
852.734
827.484
634.547
501.965
678.552
919.785
734.33
954.323
456.847
840.893
462.611
440.369
664.012
693.527
249.97
222.854
890.556
472.471
663.027
471.19
179.627
369.134
802.337
494.07
386.167
288.617
123.976
813.246
626.834
868.763
1085.29
1028.36
347.615
922.858
284.121
865.405
577.848
208.389
608.165
699.514
652.89
628.657
143.224
563.018
1022.91
378.107
281.789
326.956
670.914
154.538
554.907
831.835
879.673
922.949
178.757
738.513
577.243
662.233
199.625
352.483
393.641
237.649
1010.03
154.829
733.396
687.001
342.037
706.969
346.898
847.361
652.09
75.0267
661.529
381.932
904.268
273.412
570.509
490.153
732.206
667.582
606.245
571.445
249.419
233.951
693.25
328.805
205.497
203.03
599.802
139.388
368.213
202.25
785.891
782.144
396.184
491.025
790.914
602.218
357.866
799.263
451.638
364.387
808.062
462.491
639.795
397.363
494.531
532.483
911.127
443.284
589.916
225.887
277.521
242.924
870.049
231.206
747.22
245.864
618.186
623.134
590.885
671.466
622.707
215.824
910.368
391.843
204.658
534.394
1055.42
575.564
410.352
785.875
501.789
297.088
312.296
116.43
697.243
475.942
360.251
465.022
1001.78
794.241
761.213
594.798
208.202
957.435
488.083
333.539
559.129
325.596
491.386
518.006
577
864.739
267.899
455.511
172.818
618.867
589.329
777.709
200.022
317.616
272.039
305.655
482.544
529.069
365.662
188.449
106.626
401.183
315.298
470.346
47.1699
678.074
935.757
613.609
307.87
750.171
631.078
108.453
688.756
286.791
484.066
893.668
556.518
423.891
361.205
619.865
598.264
918.387
214.114
428.436
474.937
429.865
436.745
800.745
87.4185
863.28
14.8661
811.719
644.362
792.076
486.378
451.4
250.683
909.787
306.472
315.228
495.973
1040.95
693.149
249.201
865.186
691.383
545
63.2535
221.653
777.397
706.638
547.855
681.449
1007.95
925.86
905.027
668.106
389.803
967.541
717.471
556.239
530.024
553.249
587.45
283.196
406.518
913.755
191.207
557.584
413.386
601.007
782.175
661.104
130.465
195.576
249.61
477.834
869.272
423.615
390.978
431.669
801.027
254.88
385.406
435.47
917.512
664.856
228.09
689.951
869.34
639.87
590.912
932.083
644.84
362.548
766.006
460.8
849.603
526.097
448.876
545.785
938.612
665.566
770.279
45.6946
321.908
244.632
966.543
461.785
677.082
479.608
461.291
664.91
425.06
861.68
806.923
365.318
945.095
552.293
334.942
638.88
1094.59
524.432
606.106
752.36
364.742
63.7024
545.678
314.25
671.67
270.296
260.86
287.392
1024.82
702.226
657.377
589.841
255.031
979.37
283.986
169.815
652.754
151.38
480.78
741.121
763.446
855.628
455.237
446.517
122.495
695.308
436.177
916.3
410.395
511.106
430.267
256.453
471.84
490.07
635.236
157.258
811.769
580.273
555.418
217.672
956.747
868.37
221.472
407.771
496.671
482.411
219.538
246.984
613.203
773.175
594.416
200.145
360.335
682.561
557.403
625.616
345.249
103.812
886.014
943.365
930.449
382.991
615.445
817.389
543.365
957.076
486.428
961.293
76.4853
78.2304
504.254
603.017
317.328
834.657
325.854
680.459
708.188
288.21
739.246
858.755
915.837
505.969
728.747
682.026
976.83
761.405
916.059
693.542
898.449
910.31
604.626
888.684
669.288
981.377
840.155
347.19
850.196
610.999
323.002
122.577
709.558
425.829
609.605
860.276
386.875
932.783
187.883
496.795
376.197
439.223
696.836
180.427
420.105
450.694
468.139
128.406
345.607
494.022
591.628
397.121
350.333
464.76
280.059
429.578
508.653
301.31
156.272
528.096
196.461
515.388
111.571
272.947
232.94
585.844
406.236
385.019
451.241
605.413
561.36
551.421
426.269
501.767
376.449
518.391
298.605
512.978
484.451
424.317
126.716
583.433
171.4
528.825
217.113
727.178
336.703
278.485
499.985
406.42
459.574
405.899
424.444
411.851
505.737
292.058
448.112
676.796
569.123
555.296
302.592
533.405
633.202
510.86
368.913
235.835
379.929
226.515
469.554
388.356
556.642
183.469
201.437
453.944
290.952
490.734
493.746
237.306
216.539
118.828
225.162
241.234
410.118
335.41
282.294
165.221
583.167
749.679
461.979
299.08
608.533
455.703
268.002
596.196
254.892
297.605
707.766
368.164
459.488
206.519
432.28
413.145
754.788
290.327
387.569
401.128
473.507
447.532
677.647
245.937
674.857
198.01
638.847
471.832
623.503
473.95
422.011
63.0635
749.466
187.243
379.065
348.08
888.141
504.79
215.379
680.098
519.189
445.253
236.279
269.268
591.646
564.429
380
526.181
845.547
737.635
717.785
482.535
409.811
803.197
573.362
412.656
377.709
415.023
399.125
364.446
377.065
735.666
65.123
369.141
370.218
444.438
609.506
573.687
58.0345
120.221
76.6942
306.894
507.41
225.819
505.917
86.2786
778.528
956.828
595.971
414.276
837.402
696.934
192.263
789.704
391.454
513.14
943.263
597.85
527.649
439.063
650.049
650.994
994.224
317.068
534.034
415.146
328.014
343.513
894.873
32.2025
900.561
93.0054
810.721
712.865
786.289
592.98
557.732
294.681
987.803
395.578
212.151
578.849
1123.61
727.795
352.661
916.858
691.755
495.371
149.03
132.503
827.807
678.795
547.469
664.906
1084.72
957.008
930.511
719.457
295.576
1042.91
690.815
534.42
611.119
527.615
628.733
382.158
512.66
976.513
268.226
595.83
342.854
680.336
781.396
762.814
189.235
287.8
314.884
483.638
703.915
574.77
434.871
366.547
1001.01
840.386
111.086
532.159
561.12
337.831
370.838
157.889
605.353
851.048
613.074
70.7107
348.983
701.086
597.438
745.731
198.245
107.912
810.492
828.263
825.408
527.276
483.828
875.685
414.421
965.18
557.647
962.499
91.214
91.444
442.152
726.083
279.358
715.268
377.053
818.697
742.873
195
817.245
856.361
854.167
367.539
614.903
748.237
948.306
740.095
896.092
821.176
954.562
957.487
655.989
780.806
792.205
954.912
802.153
408.236
808.738
635.725
166.193
82.5651
808.52
345.861
625.313
772.034
466.204
938.444
338.895
399.981
289.928
380.695
669.43
500.09
273.309
918.577
884.77
467.467
599.791
930.06
739.976
415.482
931.585
565.659
492.411
934.63
593.165
735.003
534.462
616.008
666.775
1049.14
527.911
707.962
222.72
138.957
122.004
1007.82
257.847
865.871
305.791
700.446
761.331
667.874
782.259
738.033
353.804
1048.9
522.456
83.006
672.8
1194.4
697.218
524.107
914.184
591.572
314.086
370.308
94.3663
826.465
524.481
459.674
532.978
1139.63
906.424
868.859
726.87
77.1038
1095.09
538
403.838
698.115
390.056
620.887
598.432
691.938
998.15
393.117
584.607
138.423
758.238
673.126
908.8
315.702
436.867
406.795
418.191
442.289
565.319
469.366
296.319
477.302
486.557
255.196
546.155
580.345
428.621
33.2415
442.042
94.578
640.947
226.927
150.373
168.241
559.751
533.385
501.462
422.452
628.835
571.686
588.65
518.217
395.103
479.118
391.107
279.873
387.838
601.446
540.741
219.666
563.746
297.069
572.433
282.11
712.778
223.224
406.834
418.47
282.144
404.969
517.759
479.296
329.474
402.435
186.682
337.171
648.427
455.536
435.929
226.896
553.401
603.162
405.347
284.192
285.212
299.817
124.455
597.74
508.13
498.094
302.908
90.0944
449.174
315.317
363.918
571.193
339.991
342.235
238.462
138.08
693.058
903.568
570.562
336.168
751.906
618.227
155.618
704.4
309.555
453.547
872.833
531.241
462.243
355.308
590.295
578.364
911.981
254.637
453.047
427.797
393.407
395.248
808.602
82.0792
837.029
45.4533
772.77
633.085
751.911
517.387
478.703
224.27
904.819
309.467
280.863
494.079
1039.3
665.508
269.715
845.293
652.553
498.016
110.209
181.177
756.77
662.029
508.419
638.755
1002.21
897.285
874.333
647.711
349
960.865
673.06
512.306
526.849
508.694
562.257
326.014
433.073
899.574
183.698
531.004
366.951
596.662
743.231
677.844
108.931
201.556
234.649
439.739
845.644
860.823
393.498
215.081
391.051
657.094
15.0333
396.285
597.656
624.379
543.832
417.173
394.92
623.238
480.368
427.688
530.571
274.492
943.663
1056.46
1028.79
166.075
765.115
693.204
692.939
895.27
371.673
908.801
294.111
275.77
573.624
402.274
396.353
957.648
284.063
465.087
623.85
430.005
591.899
816.319
952.715
670.63
847.739
554.647
964.788
751.29
894.947
486.252
773.662
797.107
505.431
992.639
467.158
966.282
848.029
281.603
862.281
549.859
525.552
303.832
535.32
527.774
561.485
937.006
278.21
875.439
31.257
609.528
493.26
513.936
700.071
438.904
919.753
659.826
462.935
1015.4
858.734
874.448
452.09
266.085
398.077
1071.24
663.596
319.406
404.061
555.18
996.275
907.379
710.32
982.776
908.018
771.169
974.054
158.146
943.319
226.921
477.746
269.091
1001.69
943.505
686.619
579.567
743.259
966.983
633.222
696.003
259.856
860.959
286.142
300.128
635.094
985.926
898.348
292.659
450.184
425.387
392.719
601.053
92.1358
48.7647
352.139
910.686
566.389
438.719
495.101
609.585
513.585
370.827
1055.45
923.231
403.775
771.923
390.637
779.516
577.45
241.901
866.421
806.505
808.147
707.141
477.026
733.673
762.169
515.442
715.157
875.857
684.477
263.492
570.377
330.121
900.711
508.221
280.08
412.393
784.011
751.735
781.793
272.905
549.563
472.705
870.974
621.181
469.013
615.725
234.307
541.356
200.422
880.804
821.005
409.959
795.93
563.6
550.314
578.333
943.282
339.488
653.236
562.738
139.979
196.787
674.638
503.796
492.303
108.632
109.659
68.942
863.473
483.293
435.147
434.342
480.585
818.841
114.529
63.9531
579.583
78.0577
337.369
824.818
783.661
677.676
513.813
312.359
347.477
600.541
208.387
867.374
504.774
567.403
463.729
172.154
520.266
500.132
265.876
401.618
49.4065
506.486
791.638
524.976
167.057
257.257
611.236
520.584
722.901
137.83
124.085
699.701
727.659
720.518
539.4
394.008
803.545
322.064
868.346
501.28
863.264
182.483
143.562
331.846
706.689
180.546
616.76
318.78
815.245
659.97
83.9345
758.495
756.631
743.14
285.631
513.149
683.059
841.081
635.56
791.003
804.767
880.182
878.171
583.929
676.883
771.269
848.093
693.635
353.696
699.638
549.991
154.013
99.3227
765.489
234.776
535.601
662.679
420.145
840.907
371.228
291.007
178.869
271.472
563.863
247.978
759.177
223.826
503.438
513.892
419.849
432.098
594.371
402.057
493.447
351.063
217.911
654.292
425.857
903.416
1068.42
1026.12
114.756
831.871
502.681
764.513
746.282
222.506
767.2
479.643
443.072
577.17
195.479
443.788
984.586
260.461
296.044
470.346
524.462
389.082
688.018
891.526
760.381
876.112
368.077
856.74
657.517
781.876
289.028
580.363
611.13
349.468
997.487
261.842
855.383
764.754
232.207
782.164
426.597
670.642
454.509
321.204
569.474
449.814
916.332
175.137
731.066
244.199
650.969
554.596
531.972
623.602
673.951
405.123
463.056
277.597
291.661
186.601
631.671
276.045
246.002
103.247
309.235
607.968
459.139
677.57
873.973
821.736
360.006
700.139
320.782
643.513
507.878
25.9615
525.122
547.496
492.205
406.519
310.459
350.036
805.484
184.231
458.603
233.418
464.186
258.383
441.328
655.229
660.401
703.314
187.665
608.809
412.826
533.9
399.652
401.781
415.511
114.529
799.636
355.218
607.405
521.814
153.561
540.042
178.757
650.713
479.438
283.007
439.986
203.843
702.433
115.109
490.103
408.541
509.46
449.678
383.6
386.395
665.977
262.406
564.151
950.255
625.66
345.488
397.916
696.472
656.16
943.68
139.589
389.76
583.278
519.348
535.051
794.895
162.197
931.281
113.159
905.124
683.687
887.854
428.077
404.505
330.551
931.968
328.123
403.243
518.611
1054.54
765.278
235.255
920.02
785.002
653.242
46.0977
321.123
834.539
810.785
643.292
782.2
1030.98
998.231
981.803
725.995
487.295
993.001
821.251
659.469
554.448
657.542
655.982
193.83
363.496
956.063
246.11
629.217
520.402
626.259
875.665
636.129
214.767
224.437
310.904
571.431
405.901
612.687
635.737
558.735
419.587
409.067
637.975
494.96
434.236
538.238
281.325
958.074
1069.33
1042.18
167.299
775.905
705.88
703.615
909.794
385.498
923.481
296.002
280.644
587.378
408.375
409.207
970.031
299.042
466.618
638.082
440.266
603.421
831.171
967.471
680.29
860.189
567.409
979.813
766.322
909.947
490.65
786.202
810.157
519.425
1005.81
472.784
981.298
863.021
296.624
877.251
564.632
531.313
310.413
544.737
540.327
576.4
950.977
292.617
890.054
31.9531
621.863
505.059
527.394
715.057
457.542
753.656
478.432
216.363
210.95
564.057
477.562
699.518
152.237
143.736
656.02
696.443
685.236
532.846
374.146
761.179
301.48
819.54
466.01
814.136
220.002
172.386
284.297
684.843
132.612
587.799
285.394
799.46
614.593
41.5933
720.861
707.469
697.048
274.39
481.789
643.401
791.991
586.162
741.636
783.569
836.962
833.471
542.264
642.701
748.378
798.926
644.901
321.188
651.161
504.053
187.758
126.301
733.742
189.929
488.595
622.001
390.104
792.005
377
252.448
135.237
222.971
514.511
443.705
102.45
670.966
258.544
137.058
184.391
577.832
557.822
533.604
401.214
617.945
558.013
617.615
527.274
388.171
492.062
362.138
302.883
357.224
633.583
572.917
234.542
583.206
326.81
567.113
314.841
732.607
215.128
434.333
422.083
251.018
378.556
533.877
477.881
334.069
369.314
153.834
303.942
665.476
444.288
421.048
236.603
542.22
620.071
372.146
253.428
317.006
269.676
128.631
623.622
539.749
508.351
323.827
92.2822
433.082
344.398
334.468
603.889
354.464
366.019
260.417
109.786
347.669
921.309
557.348
321.255
295.489
289.365
895.813
747.094
810.438
1055.35
989.909
524.17
952.347
119.57
904.545
434.808
293.401
470.737
830.765
778.203
649.437
314.377
635.406
1010.57
475.328
431.561
242.128
752.317
34
442.018
757.048
931.215
920.856
116.276
625.147
505.273
552.073
337.52
175.414
222.002
225.568
979.653
301.015
617.486
607.424
442.91
627.94
317.616
941.413
768.847
138.004
707.204
352.911
860.633
388.247
434.079
649.471
765.193
726.892
644.845
522.311
682.035
267.726
88.7299
85.8836
477.831
598.369
528.027
500.892
720.022
660.462
541.117
608.817
306.863
566.149
362.933
212.551
369.899
626.626
566.316
307.041
484.546
346.302
666.442
273.856
634.054
140.428
463.212
323.892
272.943
471.365
600.454
573.873
234.917
427.169
226.241
354.171
564.562
372.688
359.912
134.272
644.349
519.115
427.005
335.336
264.751
353.753
31.0161
657.541
539.601
406.1
379.684
18
535.32
273.148
339.454
554.698
426.198
411.73
314.771
204.482
416.501
769.756
667.859
809.777
210.602
175.684
856.209
853.756
857.001
581.326
501.328
946.385
435.877
1031.89
627.925
1028.16
123.968
151.559
497.073
789.284
344.17
738.905
447.675
876.478
812.8
248.654
887.474
921.739
904.728
381.483
643.411
818.869
1008.04
802.417
957.982
883.164
1025.22
1027.88
726.662
811.139
855.582
1015.11
860.187
478.637
865.807
705.148
154.777
152.463
876.77
397.034
693.939
812.613
535.703
1004.86
387.827
442.254
340.755
438.001
730.871
354.203
270.49
557.427
340.523
275.536
549.984
673.419
638.771
473.482
436.973
554.034
374.553
616.299
286.225
614.604
375.421
314.892
181.728
549.627
80.4114
584.199
141.598
684.599
403.764
199.324
525.929
509.071
566.088
385.603
474.975
443.402
616.774
402.077
557.641
647.318
628.208
622.988
337.891
605.562
606.506
621.612
480.393
172.285
491.131
293.102
393.539
281.233
558.335
171.735
278.469
542.388
241.373
589.756
391.266
250.46
173.807
130.138
336.514
145
504.544
678.876
616.743
492.327
734.374
668.674
606.001
664.332
253.034
628.244
275.937
271.066
285.871
715.352
655.046
369.412
515.932
431.511
693.804
360.181
663.675
81.2712
546.855
304.685
195.655
447.361
668.049
609.801
222.83
365.571
191.943
289.676
585.755
307.234
285.591
154.383
658.751
540.745
363.189
300.987
348.233
321.076
73.736
740.403
628.14
407.59
452.523
75.8222
539.56
347.328
253.693
635.957
489.745
489.401
387.737
201.062
393.459
610.872
503.441
585.263
796.804
739.877
462.351
658.588
283.826
609.266
415.047
129.066
428.823
598.588
539.883
356.329
399.311
350.721
737.141
231.614
548.811
150.864
469.601
267.047
340.602
557.23
636.007
640.133
179.226
505.681
310.91
430.977
481.184
359.6
360.057
70.0071
721.472
435.807
504.433
420.602
212.728
439.232
75.5381
663.162
519.2
332.357
412
102.157
616.604
203.002
395.106
494.532
470.239
434.246
349.367
289.85
851.752
638.283
978.589
1183.16
1130.03
282.082
993.922
402.28
931.883
701.52
288.028
732.102
696.955
658.219
710.676
29.0689
616.961
1113.8
425.353
159.314
449.322
714.244
270.363
678.003
946.616
938.299
1010.29
302.688
861.072
693.715
784.659
90.9725
464.769
509.989
352.087
1108.7
49.3356
856.246
804.035
389.919
823.714
458.785
876.047
666.061
154.12
728.957
492.23
1008.91
318.176
694.447
458.109
805.012
726.377
679.53
682.2
257.69
666.323
643.718
649.788
677.089
290.842
893.95
225.641
916.005
613
904.841
288.647
268.106
342.948
837.024
260.864
528.564
435.139
950.069
738.166
143.785
863.688
798.677
724.5
171.563
435.115
783.092
854.748
665.019
814.901
935.701
966.795
958.078
678.382
603.269
900.614
863.612
702.969
471.239
705.018
626.553
75.5844
229.73
883.028
239.944
605.753
614.831
541.133
887.252
507.446
256.425
191.951
298.804
591.427
785.535
839.765
826.669
428.515
515.388
776.949
442.929
887.009
454.01
887.803
99.985
39.3573
404.98
619.007
221.436
731.513
276.568
715.187
651.89
184.678
713.18
783.148
818.55
409.422
625.211
646.78
890.421
676.989
832.867
714.673
856.741
862.681
558.471
784.873
685.012
895.782
749.795
305.591
758.695
548.172
252.367
29.7321
701.178
322.969
541.724
757.718
360.373
861.397
250.17
393.022
272.575
340.129
609.644
278.519
200.442
998.499
446.23
722.407
470.642
505.301
702.325
468.466
874.666
821.346
382.158
984.4
570.505
299.817
667.916
1133.82
568.62
616.315
796.332
410.191
92.4446
537.479
291.446
714.95
308.603
305.64
330.651
1065.4
747.912
703.05
631.253
214.133
1019.95
322.49
215.39
683.52
196.743
521.867
741.583
777.093
898.347
466.138
487.119
85.0941
728.753
480.577
941.179
414.324
521.138
447.091
297.321
79.3095
1146.77
357.169
979.165
418.078
783.188
895.952
746.834
909.807
868.291
492.668
1183.83
660.131
116.108
811.624
1330.19
814.828
655.156
1036.81
683.697
367.087
477
214.704
950.445
584.453
563.909
609.056
1273.29
1013.2
971.725
854.282
75.8024
1228.48
598.442
489.165
836.644
471.997
746.427
710.138
822.256
1126.11
529.694
710.079
203.273
896.046
757.895
1046.1
450.321
571.064
545.587
533.529
1109.61
374.961
909.875
426.822
705.698
844.628
668.886
902.877
857.578
457.095
1132.19
634.48
148.946
773.31
1279.88
748.306
643.644
972.668
608.28
288.002
490.405
215.128
887.531
505.253
492.793
531.068
1219.45
941.128
898.406
794.527
48.0833
1174.33
519.247
413.304
796.001
395.592
685.6
719.94
811.52
1066
508.128
649.414
130.269
852.009
680.783
1020.58
433.655
554.505
514.883
467.693
885.692
613.372
815.476
860.976
335.037
881.606
459.186
435.837
654.274
254.096
499.929
1056.67
336.311
299.328
584.958
560.822
495.025
801.14
992.406
802.459
946.908
480.76
967.536
764.793
893.237
327.661
689.609
722.615
463.923
1078.11
314.859
966.624
870.367
315.786
887.149
537.678
680.753
458.246
412.826
631.145
559.017
1005.36
273.339
845.582
197.003
714.06
607.357
602.638
726.637
913.315
72.6705
832.953
715.122
809.499
570.651
537.554
302.926
986.582
388.419
241.075
575.035
1120.42
741.017
336.602
925.246
713.482
525.461
120.503
164.694
836.481
705.992
568.989
690.053
1084.09
971.561
946.559
727.643
326.956
1042.84
717.831
560.257
608.146
554.124
639.803
353.884
493
981.206
265.243
607.692
374.703
678.236
803.535
748.385
190.686
278.625
316.628
503.509
872.743
316.318
331.851
353.299
867.563
811.281
613.264
425.361
634.378
944.92
500.384
549.372
173.046
753.299
132.004
334.498
661.473
907.094
862.729
138.683
514.14
417.775
443.38
456.098
81.3204
110.164
220.036
904.175
418.226
505.601
512.352
472.897
532.665
276.045
946.987
795.413
255.539
685.19
306.041
779.642
432.251
317.241
715.28
732.885
713.381
620.576
447.786
816.353
657.07
796.053
500.065
465.619
259.625
923.465
320.755
303.028
509.902
1055.01
702.157
264.008
876.275
696.058
542.397
67.082
211.729
788.295
707.472
552.181
683.826
1021.54
934.638
913.109
679.023
379.617
981.008
718.487
557.66
543.824
554.13
597.121
293.437
420.84
926.026
203.973
566.848
407.265
614.694
786.807
675.947
140
209.955
261.262
482.808
530.519
42.2019
986.511
925.861
578.448
720.642
688.175
783.432
636.07
856.078
276.203
796.312
440.52
120.341
422.522
868.938
730.431
400.712
224.511
264.433
175.616
765.685
296.446
240.709
397.574
714.822
724.983
212.53
297.002
623.77
312.36
349.322
983.919
896.132
565.799
677.507
347.477
581.667
617.292
29.5466
909.528
690.357
724.278
617.217
334.079
548.625
539.891
485.885
424.457
287.898
357.56
825.819
182.88
435.29
255.08
469.426
259.615
466.107
680.8
671.7
722.775
195.602
634.449
438.781
559.422
378.803
413.146
429.829
134.48
821.864
334.822
632.946
547.73
149.603
565.927
204.519
653.172
475.467
272.443
453.16
229.804
726.114
100.419
513.312
390.333
524.615
459.991
398.539
411.899
987.646
926.905
564.43
750.317
683.994
750.734
643.73
887.947
297.33
789.151
474.714
106.775
384.003
850.459
701.522
429.903
182.603
244.598
137.819
798.614
337.249
281.858
417.732
679.498
757.225
170.47
264.093
633.672
278.18
359.568
974.128
895.577
599.58
665.301
353.476
546.33
631.817
37.6563
921.816
673.335
713.824
606.671
316.765
60.7454
497.395
675.121
318.46
798.244
368.62
756.059
748.131
261.123
796.765
883.091
911.799
456.207
695.444
734.772
989.402
776.503
932.483
766.975
948.019
956.308
650.932
859.354
741.482
994.948
847.638
394.666
856.033
646.011
256.008
98.7168
774.489
408.828
640.631
842
442.54
961.044
264.367
471.832
355.069
433.24
708.661
441.823
637.803
259.887
758.642
311.219
727.712
688.931
213.965
744.228
822.35
855.874
427.739
653.587
679.824
929.628
716.311
872.207
732.011
891.409
898.468
593.6
815.083
704.081
935.034
788.672
338.776
797.414
586.038
251.432
46.0977
727.602
357.069
580.195
791.688
390.302
900.347
248.781
424.407
305.11
377.18
648.852
707.161
188.449
408.075
319.006
848.962
442.549
248.566
622.527
459.308
414.407
299.341
301.144
533.644
514.887
322.479
472.149
801.643
675.178
654.847
424.986
424
758.437
523.034
364.642
344.971
369.195
338.053
415.146
398.84
683.064
103.856
307.275
364.541
407.539
549.229
567.44
120.354
158.152
65.0308
248.928
606.531
1112.14
414.849
149.513
463.997
700.976
293.859
693.179
954.971
927.905
1007.63
320.414
875.351
703.434
798.84
99.0404
489.719
533.85
362.243
1109.76
66.3702
870.91
813.895
380.005
833.369
466.991
859.268
647.131
180.953
721.361
499.545
1012.41
308.78
712.67
432.917
798.591
716.626
673.678
689.002
562.219
191.719
734.903
483.538
118.929
603.554
577.585
598.54
321.409
452.134
522.277
672.03
461.411
617.571
705.292
708.613
703.025
417.675
597.054
666.292
678.024
529.193
227.059
537.624
372.49
313.166
220.422
629.832
132.412
356.142
550.906
298.873
660.928
386.447
215.23
111.018
123.911
391.76
724.94
1255.83
775.075
546.942
989.164
674.463
392.122
361.035
110.114
900.849
605.179
541.673
615.549
1204.62
987.162
950.395
799.216
104.062
1160.54
618.813
486.749
752.469
472.781
694.942
594.304
712.778
1069.39
430.043
658.863
214.73
815.589
756.13
945.552
348.175
466.893
454.277
497.926
545.404
382.341
293.155
441.77
545.081
670.929
513.128
616.069
371.194
683.652
468.675
615.82
513.577
580.28
587.694
282.418
742.216
474.688
685.88
564.001
36.2215
578.221
287.279
471.458
295.706
448.361
310.633
290.319
670.153
107.708
613.157
289.083
391.203
301.876
271.562
416.019
608.346
820.226
418.245
836.675
1104.31
1054.33
1150.07
460.179
1020.08
852.245
943.716
95.5249
604.041
653.338
510.703
1256.53
131.381
1015.1
962.655
512.51
982.231
616.283
963.974
744.527
293.901
855.655
649.009
1161.01
443.798
850.341
496.17
934.992
845.889
811.697
838.514
601.519
228.127
229.264
518.333
739.003
690.619
152.82
411.754
264.252
335.37
525.481
233.118
219.939
121.396
739.293
481.365
407
369.5
363.275
389.955
111.615
796.09
666.319
338.421
519.577
136.132
618.773
345.939
260.847
640.133
562.694
552.147
454.591
281.299
720.081
682.376
659.207
242.074
440.555
640.054
760.089
557.283
711.912
799.978
827.471
821.26
536.257
601.14
763.398
767.44
611.658
329.369
617.155
490.156
194.589
167.887
740.043
150.881
472.141
581.055
400.136
768.34
412.171
210.95
95.1893
189.679
484.813
438.415
746.054
901.719
897.759
89.2861
622.724
492.379
548.457
325.951
197.995
240.01
197.608
961.027
286.904
615.715
596.805
409.176
617.308
294.517
908.613
735.011
125.399
677.804
330.385
843.977
354.249
437.517
616.701
737.277
696.287
615.952
505.079
336.757
748.637
615.549
377.386
184.719
144.516
110.114
751.864
343.759
295.169
342.007
612.552
708.431
178.709
195.059
537.64
213.46
267.32
867.632
790.256
558.71
559.416
255.644
480.485
542.236
90.802
827.613
570.243
607.421
500.253
213.769
608.206
377.26
669.114
217.518
255.441
246.909
1030.77
679.612
631.913
595.014
305.635
985.457
231.487
149.683
681.928
129.19
488.026
800.083
813.213
854.645
508.52
455.716
177.418
719.462
399.445
953.258
468.438
564.734
478.732
268.972
275.951
815.088
768.802
605.908
742.144
1026.7
972.116
953.639
706.011
442.797
987.622
779.49
617.985
548.383
615.435
631.12
233.42
384.793
943.326
224.02
602.907
474.305
620.136
839.42
651.264
180.278
212.511
287.294
534.868
808.757
575.003
475.421
571.969
1101.23
910.548
877.638
704.469
168.19
1057.55
587.861
440.114
644.221
429.773
603.41
504.835
607.553
972.272
320.028
567.945
214.014
708.378
701.898
835.916
238.472
358.022
344.89
422.068
561.698
413.876
485.783
374.486
219.659
243.895
109.293
874.643
331.122
556.087
521.11
341.223
541.477
205.913
830.928
666.817
185.852
591.069
242.012
759.564
295.513
392.256
576.6
649.006
611.585
528.592
420.8
216.342
76.5376
936.15
511.649
458.157
518.556
522.69
892.491
14
152.161
683.195
153.388
430.155
928.541
892.185
743.425
618.554
409.176
392.119
700.006
208.6
972.33
604.149
672.887
570.419
280.777
156.186
776.58
449.392
409.566
341.631
489.891
731.386
220.127
110.476
470.208
130
237.8
736.107
680.254
599.256
425.104
209.038
362.542
493.077
234.917
757.721
428.887
476.072
369.803
73.5935
860.131
446.861
395.285
442.224
542.112
816.353
73.5527
131.898
613.49
143.199
355.563
887.271
836.397
668.247
575.838
336.18
409.02
627.319
153.101
903.538
570.665
628.405
523.255
227.178
509.009
558.86
435.836
1198.68
45.4533
930.57
886.487
478.54
906.407
544.132
956.938
743.132
200.731
818.981
578.358
1097.54
407.077
761.121
517.397
895.491
815.208
770.154
768.402
56.4358
298.605
939.282
474.713
501.451
533.541
553.401
553.206
342.71
1021.72
874.726
312.444
752.351
369.242
811.128
513.554
304.902
796.052
795.455
783.394
687.407
489.789
305.797
898.546
523.004
447.616
487.849
563.312
507.106
331.549
1015.85
879.096
360.006
737.081
353.86
768.893
529.744
250.38
818.035
775.118
771.423
672.121
455.588
778.617
390.478
515.442
451.983
257.527
471.631
109.622
728.907
576.148
271.831
482.001
145.344
668.797
229.297
381.662
523.069
539.807
503.691
419.345
333.946
1153.79
536.594
418.994
766.246
402.613
670.671
672.935
768.99
1050.45
468.788
634.326
133.184
824.335
688.887
983.498
392.312
513.455
479.488
458.01
887.095
841.362
439.246
861.251
498.696
924.199
713.025
163.049
777.961
532.905
1052.24
367.491
719.656
497.974
853.731
775.671
728.124
722.95
161.966
684.69
164.402
428.981
937.201
897.972
737.013
626.805
409.005
405.908
700.086
197.57
974.257
613.827
680.871
577.832
286.356
569.204
20.5183
348.098
777.001
749.539
706.907
467.9
318.487
286.248
597.478
270.313
852.338
452.001
522.793
422.21
148.03
584.318
274.563
506.779
326.242
412.587
343.169
282.002
689.725
71.8401
601.925
290.477
422.734
336.667
301.015
421.9
367.18
779.441
757.703
727.252
471.793
337.077
269.564
614.04
286.276
866.047
452.305
527.148
428.208
162.444
684.685
560.897
380.406
409.92
36.3593
559.394
274.925
327.391
562.313
457.158
440.985
345.081
224.555
222.65
919.065
311.448
666.108
689.022
573.949
955.423
499.61
331.941
260.404
367.485
662.59
726.175
312.014
552.685
746.354
383.642
870.057
279.1
378.452
259.494
334.574
611.616
722.815
416.602
939.545
345.562
562.254
563.352
790.648
732.14
665.35
602.252
383.693
434.778
413.011
648.547
516.537
82.9759
56.3028
65
351.518
523.454
291.139
323.544
572.142
427.126
417.72
318.693
190.066
741.271
555.828
931.722
372.055
487.05
427.37
338.941
597.931
294.272
491.415
408.24
367.925
453.3
889.02
660.898
695.613
588.507
304.555
597.449
479.55
506.388
704.313
121.165
126.087
356.741
107.168
402.672
296.665
