100
823.496
334.456
638.376
664.754
741.364
822.39
120.416
530.298
352.278
205.828
869.994
203.578
809.588
800.77
405.791
774.442
624.427
582.85
357.476
273.002
722.607
960.052
685.018
277.143
635.272
272.342
491.959
500.899
187.003
402.484
640.869
603.81
499.289
386.08
470.086
573.915
250.32
380.138
598.319
372.263
818.068
202.529
923.596
799.156
235.136
606.268
367.708
291.81
299.668
419.058
527.623
564.44
543.737
383.885
218.048
369.872
153.183
278.352
314.611
494.05
73.736
648.556
401.015
557.919
872.134
329.56
888.124
347.2
79.6994
548.35
807.666
287.141
210.376
357.883
290.998
367.576
486.585
168.428
596.752
519.761
459.296
144.903
568.965
531.693
887.94
744.242
676.031
120.88
100.449
319.87
235.493
363.666
766.084
217.221
494.725
544.898
309.658
658.157
695.881
1098.6
230.489
307.143
777.772
468.412
890.081
716.671
867.182
1018.33
656.074
657.961
164.454
64.4438
1151.58
138
459.574
519.108
997.03
749.283
181.604
162.89
186.497
1065.02
203.983
606.736
364.545
361.365
924.689
1158.66
384.213
240.01
754.706
891.009
762.035
479.15
589.726
658.673
565.746
796.99
221.84
887.868
124.338
291.556
614.903
218.179
887.056
541.406
974.31
912.625
342.329
714.396
669.541
890.688
611.742
1002.8
956.228
656.339
916.14
438.292
897.001
652.664
751.192
451.465
50.01
527.902
728.643
488.038
771.446
545.58
168.077
609.932
897.346
577.187
662.261
1059.36
844.304
898.479
244.696
317.158
936.966
968.344
331.186
293.615
721.932
146.113
287.265
737.667
885.113
1045.43
1047.35
766.065
752.049
1028.5
328.77
282.413
601.479
742.079
391.082
885.531
985.238
757.736
970.008
224.1
575.087
313.006
157.156
952.026
536.27
1047.97
1087.83
73.6817
1021.8
957.147
722.527
183.657
594.304
1026.84
1248.62
934.604
68.3593
930.213
492.623
804.205
743.726
419.234
68.0294
968.864
902.978
524.047
663.109
786.163
907.134
512.142
495.601
714.323
388.321
1041.34
212.144
1210.34
1119.04
485.279
882.383
307.587
606.612
155.158
332.814
767.149
608.003
613.652
318.611
497.853
191.003
325.444
612.426
572.951
696.45
287.673
720.469
444.599
733.554
1144
653.716
943.382
659.367
413.769
681.567
1045.19
620.733
469.004
691.876
624.417
117.478
785.234
201.626
856.347
821.112
354.232
240.075
796.092
807.45
945.905
993.507
994.367
370.115
238.271
74.4312
140.036
678.476
796.874
147.574
779.133
836.916
643.563
686.371
873.121
352.865
574.008
334.229
687.593
489.51
639.45
820.415
500.282
506.099
171.406
248.556
934.179
137.481
477.746
299.376
772.658
629.23
273.651
393.08
49.0918
857.907
189.362
394.18
279.635
142.239
768.439
942.733
414.107
204.963
525.519
789.958
699.449
472.366
390.866
429.317
348.462
567.725
189.061
673.417
354.154
419.755
412.059
105
658.894
386.374
753.847
682.948
118.431
489.948
443.984
661.891
420.377
777.762
782.803
533.835
793.115
208.002
711.734
441.236
521.004
225.96
268.019
396.548
565.184
343.372
599.91
320.88
169.673
483.266
751.006
476.273
544.929
837.723
777.049
689.072
55.0364
223.007
706.689
780.439
100.703
134.406
559.604
108.24
340.872
538.182
685.789
828.08
848.39
671.423
555.371
829.769
178.732
178.6
483.16
527.532
209.652
903.872
684.451
761.668
773.342
831.376
870.575
852.931
466.315
429.439
246.678
1049.95
384.194
152.463
620.774
932.451
506.865
125.718
359.502
350.023
936.616
163.768
539.333
185.607
384.096
712.067
1051.62
77.0779
151.921
793.458
621.691
472.052
177.133
492.416
656.437
670.433
780.078
480.851
792.043
335.215
134.417
521.483
250.505
853.162
378.63
893.546
892.46
386.083
785.064
738.133
862.082
494.446
941.395
766.804
427.067
665.344
484.992
732.143
766.768
751.373
541.867
349.136
335.195
916.596
326.475
594.577
628.371
431.339
392.917
673.656
336.074
426.298
978.6
554.001
787.036
312.187
193.189
926.24
803.314
414.494
274.432
911.244
366.456
20.3961
617.681
749.784
948.819
900.247
498.218
892.344
881.939
265.483
210.343
375.832
844.391
562.11
363.89
690.696
211.066
450.632
802.044
232.441
770.756
631.589
814.04
760.805
642.092
993.202
283.099
576.03
922.727
845.725
933.246
602.608
777.19
750.656
517.789
760.569
522.679
928.13
779.359
947.613
753.077
247.542
1084.01
1082.05
968.248
579.131
368.228
233.574
389.062
586.001
608.04
897.847
990.818
567.877
660.73
451.852
704.251
606.012
425.978
517.974
177.2
206.041
439.619
615.332
570.938
880.783
853.473
1037.06
424.606
786.384
137.317
345.254
362.007
797.128
756.834
195.351
707.427
767.712
279.866
627.468
813.851
944.687
855.984
871.037
650.773
1137.59
651.249
598.847
723.022
412.005
821.365
491.652
630.317
199.85
631.805
896.768
627.217
706.151
683.356
816.619
1004.74
46.5188
804.484
648.151
695.242
829.87
83.4086
387.351
825.061
418.594
665.887
957.794
189.011
756.709
305.38
519.805
996.976
332.665
811.834
249.257
810.897
901.413
589.836
606.04
335.477
965.522
520.889
550.295
603.232
382.027
989.457
1011.46
748.076
539.056
471.895
1069.36
1007.66
804.508
585
477.535
257.179
586.4
250.162
772.912
575.251
732.683
591.882
439.222
677.993
649.814
817.157
677.16
360.057
395.181
370.196
672.81
624.123
810.808
975.567
811.311
1052.46
337.12
887.982
286.007
529.12
265.347
473.511
681.032
263.154
624.094
812.574
289.505
301.496
761.883
986.526
774.652
825.824
886.756
1080.08
805.092
383.221
549.524
682.457
945.025
311.811
451.19
256.07
335.561
670.905
703.119
832.073
899.44
980.776
961.404
324.992
964.246
488.987
507.67
768.644
367.104
141.51
483.194
263.059
135.148
846.15
314.617
855.694
874.467
292.072
825.07
734.336
577.195
240.684
393.103
807.28
1035.22
736.077
177.054
713.309
295.99
581.863
545.711
271.312
291.398
744.804
684.563
443.227
496.284
590.001
684.761
300.466
354.267
582.637
303.908
856.42
95.8019
997.541
895.684
276.422
672.102
274.133
383.11
181.497
323.125
571.022
518.298
507.001
290.496
280.223
253.269
198.708
395.904
417.085
516.512
110.982
616.137
345.735
568.502
937.069
429.616
854.321
436.495
198.927
538.728
853.302
399.462
308.574
470.935
409.414
247.168
603.461
52.8015
652.605
601.641
361.432
130.679
606.219
596.638
855.147
795.661
771.167
152.552
22.1359
200.592
161.608
483.149
721.086
143.405
564.865
620.479
422.644
609.533
710.106
262.122
600.277
377.012
569.86
599.847
737.835
590.859
594.59
839.336
205.061
402.349
719.89
740.357
879.311
530.33
584.883
637.057
317.682
608.769
393.451
717.079
607.283
804.433
630.36
53.7587
878.054
887.895
807.625
381.791
161.818
170.182
189.283
569.256
405.278
841.002
878.559
366.662
552.11
269.564
516.714
420.011
260.634
398.901
35.1141
50.9313
261.396
415.202
400.346
670.589
656.567
827.954
294.002
576.178
145.88
138.322
265.228
747.589
573.245
374.012
529.396
558.068
172.186
596.004
620.672
734.173
669.722
674.383
479.141
938.636
446.73
495.807
582.031
263.865
613.727
391.174
502.594
375.581
575.423
770.201
416.677
497.652
501.323
617.207
804.814
238.103
603.749
508.048
564.087
638.661
127.945
364.892
355.563
639.02
478.573
785.919
870.818
331.593
767.93
851.268
424.125
145.248
604.127
837.752
1027
687.344
326.735
733.17
292.195
647.002
506.952
529.923
346.954
838.759
714.251
211.192
736.577
796.269
808.382
345.172
212.285
408.708
79.8499
769.103
169.145
987.806
956.436
317.164
665.156
21.8403
484.022
158.079
70.214
524.864
295.027
302.076
34.2345
356.624
146.263
461.767
572.199
666.795
433.665
371.878
407.707
136.956
450.708
907.256
543.399
631.779
521.674
410.02
383.192
782.614
554.106
561.079
620.081
589.227
220.88
826.973
214.597
623.914
643.145
110.856
388.449
540.959
596.685
634.039
742.625
834.718
277.027
282.931
239.209
367.681
696.34
487.382
356.793
581.908
643.623
576.781
375.662
582.795
970.66
407.771
989.36
999.634
230.02
957.858
826.53
709.138
276.21
444.933
926.112
1159.88
868.618
89
835.95
430.643
696.604
678.973
262.093
220.005
845.868
805.611
555.749
506.025
633.127
775.472
430.8
483.374
711.911
413.353
991.073
195
1122.76
1004.98
408.385
800.161
359.961
496.137
220.78
401.329
704.597
635.221
629.051
375.096
406.591
287.868
168.297
473.938
415.814
651.659
143.031
738.708
462.041
703.046
1066.01
535.385
974.105
551.225
279.609
670.001
987.041
489.519
312.13
558.86
484.059
242.39
629.071
155.168
783.788
721.804
433.813
84.0119
740.683
724.774
975.443
928.233
881.765
282.469
134.629
183.81
29.7321
525.875
835.719
11.6619
690.827
744.14
511.215
723.379
844.728
846.75
493.974
705.454
965.321
519.158
969.836
298.992
777.021
998.152
767.508
795.016
511.038
960.938
689.638
610
748.402
509.975
1050.19
982.426
911.187
703.025
428.229
1166.03
1128.56
956.303
659.28
493.697
272.947
565.553
439.138
776.726
764.236
912.425
658.007
602.904
645.524
754.189
797
630.359
494.004
344.118
342.117
636.197
698.946
773.993
1019.85
915.123
1135.54
435.423
927.106
232.777
511.645
356.662
662.435
795.638
74.8131
739.98
877.197
326.071
490.046
868.666
1056.38
894.106
931.284
853.633
1195.07
815.589
542.517
699.224
624.312
974.272
451.536
599.404
67.4759
519.317
841.154
749.417
857.646
878.128
989.576
1068.72
186.078
975.103
630.889
661.302
879.546
275.536
290.826
674.427
626.204
606.177
633.6
421.1
547.768
529.646
152.899
535.859
781.266
547.264
480.604
458.923
253.16
304.138
387.525
267.152
604.209
438.143
424.7
556.793
319.453
323.483
370.883
192.333
408.271
578.683
465.549
694.648
372.712
746.74
600.228
203.404
449.138
498.623
120.204
477.938
548.717
413.853
599.003
564.788
512.8
155.438
541.041
304.133
93.7443
296
421.014
266.79
652.862
470.329
497.773
707.821
134.826
881.184
170.294
128.763
523.622
673.297
84.8646
245.1
156.371
111.086
555.529
368.881
352.483
456.185
342.257
589.071
337.308
461.876
380.522
879.264
603.327
479.009
204.039
298.332
513.989
437.146
234.957
784.297
419.334
337.623
375.737
108.167
689.245
617.992
221.142
1093.2
46.9574
575.827
395.224
924.628
790.955
314.014
304.138
127.193
1023.62
281.684
560.416
420.324
310.541
938.502
1102.93
503.195
312.618
643.939
947.131
841.547
583.789
561.288
573.645
436.726
710.056
57.5847
836.063
271.266
445.558
581.547
236.349
803.963
554.261
910.936
821.897
284.763
591.585
550.005
804.885
591.545
928.612
954.185
695.333
956.713
354.493
882.85
514.856
658.593
341.119
169.145
558.657
567.353
508.193
771.082
428.402
4.12311
645.348
919.523
629.927
705.022
992.975
921.838
854.471
218.277
363.824
840.907
951.223
251.883
295.169
560.472
73.7564
411.886
707.732
854.785
987.66
1016.99
825.485
601.984
998.481
339.478
319.453
642.75
605.325
246.418
1143.64
187.257
398.995
546.445
995.85
707.77
121.165
160.86
212.25
1050.81
167.314
599.628
325.564
364.445
891.131
1149.6
323.631
201.757
772.612
843.902
708.873
421.286
575.976
666.424
594.718
803.764
278.632
879.119
123.146
227.864
602.549
207.328
891.301
513.086
969.536
919.992
349.185
738.475
692.539
896.076
594.374
1002.33
928.026
616.733
873.725
450.792
873.676
685.053
760.945
474.437
102.46
493.325
776.828
458.332
744.301
569.351
224.404
572.205
861.121
534.026
621.308
1055.25
791.26
886.539
248.502
284.155
946.527
945.552
347.081
280.872
770.333
186.869
226.491
722.011
867.983
1037.86
1028.99
718.758
790.962
1010.13
309.608
255.895
561.854
773.104
431.001
1069.19
1026.39
752.649
188.534
667.713
1087.07
1304.11
983.246
141.032
988.706
544.94
867.439
793.409
492.016
21.095
1036.03
962.601
538.063
736.003
859.824
976.729
570.103
529.827
739.886
410.651
1083.4
264.552
1265.54
1183.26
542.373
937.085
321.566
671.763
183.371
336.054
815.826
622.065
633.094
329.56
558.882
191.377
398.062
684.107
645.41
739.395
361.089
736.682
467.916
770.509
1196
720.647
951.019
723.532
485.372
711.541
1090.26
690.889
542.133
762.23
696.427
111.759
858.7
263.002
907.862
881.74
349.561
313.409
841.901
862.777
954.089
1041.54
1058.44
432.604
307.87
106.212
210.858
752.126
802.14
220.02
836.508
895.386
713.898
694.184
907.709
529.607
392.21
904.27
747.254
271.205
291.625
89.493
995.09
234.804
531.313
374.258
279.544
898.806
1078.21
457.349
265.663
636.246
902.244
795.006
537.004
527.993
555.966
436.606
693.675
97.3088
809.662
255.766
406.597
549.482
191.212
786.628
513.408
887.903
807.188
255
589.042
545.77
788.45
556.705
908.806
917.187
651.697
913.425
334.341
847.968
519.91
643.97
331.217
155.901
515.47
591.26
466.053
733.295
422.404
48.0208
601.961
878.54
584.788
661.009
971.002
875.439
826.143
178.885
318.027
828.136
917.11
228.035
253.239
584.625
30.4138
366.995
675.563
823.236
963.258
985.86
780.167
615.183
967.233
297.015
273.98
598.719
610.007
254.757
713.39
933.006
415.9
278.173
501.519
484.431
901.568
297.935
564.309
232.863
472.632
632.396
1025
75.3923
274.053
850.643
501.642
337.322
51.6624
506.436
703.257
761.189
812.023
624.725
781.952
481.12
236.409
534.133
372.787
872.983
369.14
886.995
917.401
482.088
856.417
810.951
884.154
496.343
943.282
700.665
355.687
558.982
568.637
683.814
856.384
793.142
636.202
501.423
312.175
1028.94
329.947
547.252
713.39
577.403
337.397
587.715
267.726
348.92
968.781
416.915
768.316
429.441
273.029
954.447
751.4
519.773
371.648
1024.19
509.204
172.525
605.142
718.942
931.391
855.46
384.604
987.556
838.174
346.344
308.598
315.349
926.247
681.197
569.232
699.348
566.149
680.578
334.885
716.443
468.722
315.087
481.923
240.969
757.733
766.283
665.424
470.106
251.73
867.099
835.345
691.248
361.001
228.397
50.04
344.305
364.343
523.683
642.932
710.101
361.487
379.19
438.321
457.787
571.056
444.994
234.955
196.888
154.842
435.24
400.775
570.32
735.307
617.526
837.273
147.353
645.273
146.113
287.626
78.9177
546.882
502.621
337.291
448.52
582.555
41.1096
391.343
572.042
760.792
602.164
633.979
643.865
899.296
555.98
318.002
441.509
457.411
699.412
210.021
347.415
334.552
375.012
613.775
462.171
585.109
653.012
731.79
771.314
274.192
715.403
367.163
412.393
584.132
228.709
162.432
629.47
952.491
1154.38
821.251
218.048
849.909
400.031
746.877
635.689
505.475
205.412
930.346
827.626
349.533
736.658
826.575
886.526
440.178
352.661
553.741
225.08
910.341
158.079
1115.32
1062.11
411.118
788.651
133.417
564.911
60.1664
150.083
655.766
433.555
445.04
141.028
440.155
12.6491
421.322
619.187
655.546
570.445
347.22
548.155
282.195
593.273
1039
620.833
764.212
610.463
431.376
528.247
921.452
612.386
546.762
682.728
634.527
76.7919
843.551
189.391
752.409
751.362
170.792
335.801
676.302
716.995
767.079
877.957
938.118
329.419
262.711
110.86
277.546
720.847
616.235
272.976
696.788
757.874
635.897
507.063
727.193
602.1
852.677
665.579
530.096
545.311
404.949
384.783
524.49
217.954
661.154
457.389
509.313
703.915
168.44
197.162
364.856
345.141
558.073
731.207
602.676
817.886
472.445
821.745
632.724
354.853
556.756
622.521
252.002
572.385
673.929
549.622
749.825
716.687
637.817
307.657
641.723
295.495
95.6347
167.147
568.705
306.635
805.733
613.861
646.557
799.084
232.8
1033.71
286.472
198.58
676.078
790.37
145.986
171.825
174.385
87.1436
639.852
223.886
441.192
576.074
435.194
714.731
362.36
598.689
496.815
1031.71
717.77
523.695
328.539
372.344
590.058
471.098
92.4175
936.938
456.326
452.134
476.038
149.003
840.831
761.104
250.577
256.47
984.299
105.475
552.49
232.045
348.3
795.34
1091.08
202.781
125
768.126
730.756
590.29
300.341
517.526
644.92
616.098
777.566
368.452
823.695
220.635
146.154
545.852
188.664
859.069
430.836
920.054
893.161
341.492
746.706
699.623
865.89
528.984
960.187
839.981
514.545
765.982
446.363
793.757
711.018
741.114
488.64
223.591
401.045
835.16
375.41
659.667
581.33
316.395
473.385
761.704
427.749
517.151
1006.08
672.644
825.485
248.29
205.769
923.46
865.846
356.359
243.824
829.247
258.451
105.702
656.903
798.316
982.805
955.791
605.828
828.586
937.061
256.223
194.733
460.331
794.605
479.98
349.357
1211.63
324.854
759.691
477.699
520.1
1043.81
1310.24
430.141
357.371
917.589
978.919
831.407
535.001
736.831
819.913
726.478
958.019
356.359
1039.65
39.2046
278.442
763.356
367.142
1047.16
670.717
1129.26
1073.93
502.603
876.48
831.91
1051.26
755.066
1160.58
1084.53
764.683
1016.37
600.494
1032.65
811.385
913.094
614.083
136.125
647.094
869.147
615.532
901.778
707.935
308.229
722.53
1011.39
678.319
767.607
1214.82
913.177
1047.38
403.094
441.185
1098.92
1104.65
493.766
441.39
862.098
305.712
339.779
882.8
1028.57
1198.24
1189.29
854.415
905.166
1170.44
470.405
415.752
710.248
901.338
545.976
906.767
187.723
443.103
303.081
191.149
811.382
991.821
416.76
210.836
568.243
823.733
725.474
484.235
438.554
476.602
382.732
614.955
154.331
722.496
310.813
401.696
460.236
118.596
706.621
427.117
802.818
729.811
167.523
528.792
483.558
709.333
467.231
826.248
828.218
569.956
830.765
254.678
758.52
472.827
567.388
265.24
221.206
432.897
578.972
381.578
644.629
359.703
126.036
519.711
792.364
507.663
580.181
886.599
804.476
737.993
91.0879
245.817
752.819
827.619
146.864
168.858
572.983
59.6154
335.815
586.251
734.011
877.155
896.697
703.375
581.003
878.046
213.469
200.639
518.021
560.892
224.9
890.242
463.778
758.208
715.668
351.07
131.685
916.614
861.609
536.27
595.021
720.384
851.038
475.483
488.046
712.973
395.641
1020.58
193.396
1173.8
1070.88
450.161
847.427
325.83
558.66
173.104
359.324
740.142
618.971
619.427
339.081
456.987
228.002
257.194
552.898
504.67
676.651
224.216
728.212
449.445
720.118
1111.5
602.716
957.564
612.63
355.179
676.018
1021.04
564.264
401.101
634.835
564.128
167.475
717.814
169.163
825.434
778.686
386.395
172.491
772.273
772.045
959.575
966.147
946.65
328.907
186.938
111.072
72.4224
612.863
814.087
79.2275
741.229
797.317
586.686
702.215
861.265
450
160.655
243.971
724.224
993.487
229.079
36.0555
663.641
688.418
566.806
302.344
418.629
539.445
518.756
672.287
327.832
724.525
288.917
242.405
446.387
90.0944
754.404
346.146
819.063
787.995
239.015
644.597
597.438
761.001
433.319
857.336
760.819
452.604
712.159
343.233
707.8
614.577
635.639
390.251
253.779
326.435
754.096
291.194
577.354
481.176
282.816
406.768
695.109
373.387
458.312
905.111
648.42
728.589
152.411
116.867
818.089
779.808
259.023
138.351
748.615
212.269
151.539
561.528
705.683
883.749
865.465
563.799
736.196
846.632
153.222
93.3381
397.706
696.046
398.924
354.81
251.956
442.719
551.939
547.537
427.691
309.386
567.609
570.446
524.244
65.192
157.42
337.295
247.73
560.459
281.205
720.967
665.628
50.2096
392.552
314.014
207.694
370.115
355.128
276.384
346.071
311.756
323.484
97.8008
407.707
425.494
338.895
527.797
223.895
340.001
403.243
233.788
285.58
651.601
267.32
637.135
235.104
267.615
284.06
557.929
304.237
446.448
358.131
356.721
456.011
621.345
294.893
363.743
352.899
390.959
401.897
310.247
319
635.897
502.412
543.087
155.158
296.864
438.854
457.59
487.8
532.621
439.301
296.811
357.844
323.311
436.096
424.075
242.396
566.366
869.89
197.254
124.78
623.039
531.084
422.47
209.747
306.809
479.755
529.145
598.294
456.811
607.679
443.938
316.471
335.876
185.162
668.824
200.472
708.467
709.204
254.939
624.664
578.849
678.162
309.808
755.794
608.142
291.973
551.757
336.204
562.403
623.946
572.93
405.731
414.403
169.523
803.906
145.671
427.691
480.708
420.487
246.662
535.569
214.084
297.725
793.746
501.949
604.47
225.222
57.2713
743.858
634.427
297.236
152.043
799.566
346.733
191.755
434.847
571.386
765.261
726.331
407.462
755.805
707.715
117.597
102.46
237.065
693.41
465.826
641.282
801.542
424.934
237.356
419.831
691.007
626.4
452.144
251.269
302.399
289.43
439.345
317.352
531.701
480.913
485.108
271.007
162.693
527.22
272.927
614.193
555.599
27.0185
402.449
355.317
531.718
283.283
641.434
648.353
432.005
682.044
101.02
573.691
385.389
397.654
163.615
403.686
299.363
562.748
242.471
468.346
244.663
308.326
381.872
628.797
392.759
445.749
698.767
698.101
546.849
117.034
200.569
582.715
641.281
74.4648
110.005
558.649
250.48
379.107
397.19
544.362
687.221
706.757
580.135
515.14
688.193
126.289
173.833
387.324
460.541
240.52
481.204
669.266
689.377
686.236
244.008
383.47
580.992
404.784
564.855
777.385
557.288
955.382
366.764
1010.3
842.057
398.097
716.084
543.033
386.338
445.314
593.124
668.242
751.083
729.213
559.43
366.285
518.097
94.0479
285.044
154.175
654.102
160.378
832.589
587.858
724.235
974.61
397.819
1071.55
437.44
176.912
725.569
937.169
322.118
52.4976
376.428
287.141
492.611
369.579
323.855
720.409
608.127
632.083
180.114
714.012
646.437
1071.08
868.434
727.34
303.041
249.736
435.974
282.399
280.409
952.2
272.002
604.166
642.722
336.883
844.855
856.878
1036.17
966.863
554.733
725.177
852.033
975.051
574.913
542.232
754.528
425.513
1094.09
270.815
1271.77
1185.23
547.522
943.434
337.748
673.09
195.576
354.035
824.314
638.824
648.883
346.302
562.304
209.002
387.156
680.404
634.02
749.647
354.683
753.159
482.701
782.461
1203.45
720.895
969.013
725.436
481.773
725.177
1100.03
688.713
531.847
759.88
692.327
129.016
849.058
265.754
915.403
885.508
368.635
303.908
851.339
868.85
972.002
1050.34
1060.47
435.198
306.067
115.412
199.003
744.474
820.412
209.538
841.724
900.149
711.562
712.018
920.355
209.153
820.005
559.483
402.703
105.475
494.434
676.924
714.278
793.449
553.249
783.99
408.167
176.615
523.116
309.416
860.595
366.742
887.705
902.663
431.13
819.015
772.689
870.704
490.241
939.996
730.808
385.784
609.656
524.023
704.706
810.32
769.708
587.082
426.072
315.387
972.52
319.995
566.732
668.97
504.914
358.56
627.663
294.376
382.2
971.393
483.87
774.613
368.717
224.956
938.233
774.448
464.982
318.763
967.48
438.056
97.1442
607.336
731.107
937.683
875.278
438.329
939.162
857.412
300.083
253.947
338.764
884.053
620.945
654.364
652.518
532.463
274.007
392.757
525.259
519.954
655.77
356.486
698.962
322.188
249.07
420.986
100.344
735.68
313.441
795.063
770.851
236.415
639.801
592.662
742.893
405.276
835.395
727.319
416.752
676.132
338.179
675.962
616.215
621.39
391.208
289.772
291.568
765.648
258.182
544.413
479.552
313.498
371.171
659.748
337.334
422.339
881.096
613.861
701.463
160.851
84.0595
802.031
748.041
262.711
127.769
760.411
241.499
143.694
533.429
676.302
858.126
835.201
527.971
740.762
816.4
132.382
70.6824
361.843
695.393
412.378
858.019
878.347
816.397
374.553
152.738
220.871
142.443
615.709
361.137
878.957
903.383
356.029
581.21
217.332
514.538
369.265
206.891
428.21
84.1487
102.215
208.504
404.753
347.225
634.748
646.258
803.424
323.514
540.493
198.759
98.737
305.11
787.523
572.8
421.294
532.693
533.429
215.745
640.176
613.482
706.442
666.695
664.146
426.307
925.246
403.923
527.311
600.688
210.706
573.875
425.64
526.966
423.331
615.755
791.601
390.346
458.947
450.001
571.441
791.137
279.973
558.646
528.194
586.341
632.697
167.631
413.425
178.362
456.022
510.249
716.777
898.009
746.567
977.393
586.986
951.151
735.07
517.421
711.037
752.918
419.572
676.923
804.453
715.681
909.189
878.237
768.938
471.717
749.283
338.037
259.048
93.3916
737.141
390.862
970.357
764.422
814.985
940.019
394.685
1200.46
450.362
328.941
843.001
946.844
309.458
194.504
317.657
246.028
731.777
133.33
548.549
735.868
585.322
844.903
423.383
764.882
656.089
1198.61
873.459
640.59
471.222
474.169
676.489
526.275
125.144
1100.19
516.001
611.442
628.478
307.002
1001.41
928.778
297.229
506.108
727.698
873.561
788.452
879.275
669.347
807.015
573.691
522.475
607.595
815.344
379.381
769.547
866.4
647.618
915.209
877.814
830.268
473.711
838.805
473.128
232.106
258.645
693.208
499.616
956.732
793.625
771.897
809.106
333.066
1172.55
388.604
395.38
818.714
841.924
268.226
331.097
234.617
214.217
836.374
82.3893
638.346
644.436
479.693
907.121
549.269
695.955
566.353
1169.62
768.329
492.009
519.27
569.056
785.723
657.53
107.787
1090.9
644.175
523.927
524.848
252.692
1002.62
866.395
464.64
667.189
738.003
771.794
629.929
734.327
512.001
279.12
491.757
368.555
830.005
324.692
839.586
875.281
464.142
826.209
781.45
841.576
452.262
896.982
649.003
304.095
510.28
544.853
632.665
832.186
755.265
615.419
523.442
266.391
1013.05
289.14
496.397
688.554
585.024
286.775
536.615
216.615
297.257
920.766
378.477
719.618
421.375
257.158
912.873
700.018
504.79
357.022
1008.59
514.488
197.464
557.855
669.053
882.511
804.336
336.804
964.77
787.122
326.841
297.059
264.473
899.024
670.439
222.38
388.59
308.026
567.979
306.206
698.757
622.037
29.0689
371.953
366.956
143.892
403.575
410.972
277.78
409.376
373.451
377.809
39.8121
449.004
400.281
275.136
476.319
249.393
322.628
460.614
297.901
320.203
636.605
203.887
690.661
176.567
227.903
333.952
559.2
239.27
402.246
293.128
292.882
489.412
558.621
310.644
352.989
313.209
448.264
390.037
318.649
296.562
689
498.128
497.942
148.486
296.503
465.387
459.296
425.607
592.001
440.528
266.993
325.297
258.155
498.207
452.294
228.633
138.409
557.754
295.427
780.729
773.204
205.456
464.263
230.673
361.809
346.702
254.018
317.574
192.416
164.757
232.768
254.169
355.845
527.274
495.892
668.907
222.104
433.894
268.477
96.2081
241.075
697.327
420.201
508.183
381.241
400.031
188.066
570.351
461.62
578.132
513.989
513.752
424.062
777.136
329
418.007
463.427
280.321
480.941
329.815
401.103
508.161
531.049
656.54
261.88
364.589
427.691
505.001
643.218
388.5
489.083
394.507
455.171
480.467
285.112
378.16
329.257
402.236
522.138
689.16
760.129
385.753
429.228
420.962
494.584
560.711
422.171
284.429
156.029
119.331
416.147
427.954
553.763
749.304
652.253
864.043
193.155
657.514
96.3379
271.98
128.763
592.014
541.926
302.511
489.009
604.273
55.2268
432.76
608.138
783.523
641.718
669.072
629.579
935.505
557.259
368.001
489.965
430.68
708.071
260.048
396.743
300.601
420.773
663.596
477.504
592.277
643.072
733.175
805.968
226.771
717.471
415.323
461.671
621.361
179.12
195.898
691.601
218.984
918.824
901.449
282.512
600.111
94.8736
451.443
233.343
116.284
455.467
223.6
225.375
94.8472
327.452
226.02
499.064
558.802
684.105
360.351
405.641
333.054
57.28
372.69
835.733
511.517
562.776
482.701
417.713
303.401
706.672
534.238
582.404
595.95
576.42
300.433
826.531
262.366
555.612
588.833
146.441
434.079
468.129
534.42
564.547
669.104
781.902
275.855
320.914
315.546
429.047
693.43
422.404
416.203
523.661
585.158
555.817
310.048
503.359
830.452
325.098
502.221
586.059
271.693
786.245
575.191
900.287
800.871
290.506
558.205
518.693
786.041
600.631
913.591
965.611
722.377
982.116
344.896
890.607
474.596
638.283
319.077
223.379
585.097
513
532.361
784.615
400.285
54.231
671.9
939.282
661.831
733.106
980.63
958.568
851.645
241.853
399.625
817.504
957.424
250.577
321.436
506.009
115.603
463.916
711.601
857.001
978.675
1018.03
857.504
554.398
999.758
366.149
354.528
671.11
564.852
207.234
1001.12
924.147
278.153
672.715
178.911
417.254
105.513
227.403
555.021
440.224
434.737
195.208
297.874
170.003
293.695
461.4
510.484
485.705
206.633
544.365
267.06
526.938
932.8
470.617
779.139
466.247
273.967
483.489
833.314
456.215
402.492
527.077
476.598
187.409
688.962
45.4533
644.857
618.917
265.633
219.401
584.186
598.278
780.516
781.369
799.372
177.003
117.047
159.226
212.85
564.235
641.022
198.668
572.085
631.253
479.752
528.734
667.943
266.738
725.133
328.466
1007.96
635.059
1090.4
1034.74
463.402
838.543
793.799
1012.06
717.49
1121.48
1049.48
732.683
986.284
561.427
996.378
774.851
873.962
575.789
102.122
612.98
838.038
580.042
866.255
669.828
275.307
689.696
978.757
647.38
736.147
1175.92
889.095
1009.2
363.901
405.632
1059.79
1068.31
454.814
402.952
831.073
268.479
315.102
845.059
991.121
1159.62
1152.13
826.32
870.495
1133.27
432.678
378.857
678.048
864.63
510.499
651.068
331
978.105
512.575
1024.74
1015.48
481.348
886.799
839.631
986.255
626.279
1070.72
899.436
557.216
786.263
585.188
866.358
855.526
869.133
632
318.729
469.596
980.666
459.802
728.671
723.504
448.47
525.376
801.928
465.672
555.131
1110.14
653.242
920.271
392.216
313.308
1047.89
937.41
500.081
376.48
974.678
398.128
124.852
750.734
884.002
1081.56
1034.65
614.714
974.354
1016.35
378.725
318.22
507.403
938.019
625.859
397.613
338.907
169.027
374.799
383.532
297.027
395.601
361.836
350.036
48.7647
419.936
387.156
290.512
478.511
259.434
305.895
453.259
275.572
326.535
661.354
229.079
686.442
204.57
221.687
331.941
579.331
257.963
399.311
315.203
308.385
460.692
571.993
284.086
376.183
341.884
421.217
371.446
335.753
322.416
685.093
519.851
527
126.194
273.775
437.379
436.497
438.262
582.828
417.825
294.211
353.102
277.966
486.042
462.005
685.894
329.876
762.282
716.369
153.287
558.057
510.988
691.269
393.571
795.237
741.939
461.351
723.335
258.306
679.909
524.858
559.918
301
266.092
326.075
666.101
279.33
556.943
392.929
236.254
412.03
692.752
393.641
470.231
847.951
687.075
681.611
62.3699
128.082
744.473
750.97
169.239
75.4718
660.769
162.595
240.052
519.62
666.958
831.156
829.174
589.143
646.102
810.32
112.641
83.2406
407.962
607.03
312.155
505.573
154.208
51.6236
544.802
301.48
311.642
16.4012
378.122
132.816
472.559
592.16
681.822
452.557
384.034
415.444
150.712
467.454
926.814
564.883
635.814
543.438
427.44
397.574
800.621
574.732
575.473
641.012
609.102
210.04
844.972
224.163
644.112
664.804
92.358
397.092
560.057
617.739
638.318
761.57
856.461
296.339
294.613
233.26
370.448
714.829
489.884
360.494
603.319
665.036
597.482
378.91
598.021
521.076
551.526
298.485
541.577
501.866
517.421
127.577
574.919
415.235
162.077
409.782
320.156
363.056
577.458
441.418
398.855
591.03
60.075
794.969
55.4707
231.225
439.592
553.153
114.477
365.268
153.026
177.53
604.653
441.509
409.176
336.054
229.532
589.713
435.167
347.315
260.404
792.324
483.128
388.094
240.784
371.722
571.778
525.863
314.821
711.805
507.244
217.83
259.131
126.811
626.17
509.228
186.325
635.796
453.089
458.577
166.628
399.204
72.8011
361.536
565.86
595.457
556.723
287.141
565.319
289.914
587.187
1017.73
575.306
789.476
568.87
375.021
529.967
907.935
561.634
486.675
632.558
580.762
86.0523
784.889
131.244
729.814
716.674
215.077
276.568
660.161
689.094
791.84
860.649
900.196
281.853
203.394
82.3772
225.291
663.331
644.045
218.687
665.92
726.21
585.171
532.857
724.79
571.496
289.394
307.148
36.1386
424.52
145.124
520.877
642.366
732.941
475.147
433.6
404.827
163.343
482.029
950.842
611.182
615
587.478
479.051
405.209
818.416
623.849
626.316
689.384
659.413
225.109
896.507
272.151
671.763
702.375
40.8044
443.451
582.952
650.33
618.04
783.21
894.975
347.197
344.006
258.815
409.44
766.202
466.473
400.895
638.562
700.183
646.432
358.14
606.844
405.617
358.469
548.688
310.137
661.191
675.29
456.633
707.962
105.019
600.321
380.764
411.768
156.205
383.275
322.899
548.993
266.177
495.365
243.167
282.455
406.315
655.536
414.779
470.083
719.951
720.27
571.155
100.722
209.06
597.415
667.701
49.2443
112.539
544.629
226.385
379.71
423.143
570.028
709.705
732.247
603.742
508.099
713.726
137.379
177.539
411.06
458.981
218.806
47.1699
292.542
443.849
431.057
705.375
684.501
860.44
301.732
610.973
115.447
173.367
264.055
743.398
597.127
339.285
551.617
590.81
169.189
587.663
647.417
767.514
694.551
702.257
510.307
967.415
481.789
500.106
595.279
289.337
648.82
393.662
512.316
340.969
571.319
781.064
450.028
532.711
534.034
651.989
833.826
203.106
638.625
520.65
575.003
664.85
93.8136
351.871
304.884
409.352
443.843
688.506
648.242
832.919
254.568
594.425
109.659
170.026
218.403
699.451
556.334
347.541
509.472
564.604
123.976
546.136
609.636
742.884
654.53
665.884
521.676
932.065
474.209
453.23
548.688
312.853
636.601
347.081
465.211
348.208
527.267
734.025
426.439
519.885
540.604
647.569
798.985
223.806
633.269
473.95
528.004
626.363
124.852
314.006
390.155
139.058
488.881
606.419
698.08
454.868
400.431
407.152
148.408
467.001
929.904
576.918
624.981
554.375
443.125
394.735
801.494
588.294
591.799
654.15
623.436
217.807
860.456
240.416
648.411
672.964
76.922
413.165
562.577
623.895
627.625
763.759
865.056
311.082
311.002
244.182
385.068
730.08
478.29
375.421
610.512
672.216
610.947
367.851
595.8
449.755
365.404
241.754
436.606
287.903
291.359
498.688
323.274
359.601
659.473
186.775
729.803
170.309
189.655
373.439
589.619
209.678
362.724
268.628
259.625
484.154
523.582
296.582
379.684
323.279
463.087
360.514
352.817
318.198
728.216
526.579
501.523
128.222
273.754
455.8
435.633
390
629.325
416.773
284.861
340.331
230.08
533.821
490.597
433.82
630.829
668.195
574.721
359.869
545.976
282.846
595.971
1044.47
631.114
760.024
620.04
443.546
529.419
925.403
623.59
559.411
693.81
646.239
80.0062
856.034
201.884
758.277
759.574
163.322
348.175
680.946
723.924
763.001
882.696
946.873
340.278
275.305
119.407
288.624
733.16
611.596
284.429
704.302
765.504
647.09
503.016
728.989
345.782
247.518
646.523
94.414
795.343
536.106
711.073
1005.66
438.959
1035.1
469.703
185
700.206
952.476
374.066
145.248
436.588
351.746
402.677
463.036
248.727
738.442
643.96
558.378
88.0568
718.187
669.084
1035.25
886.813
780.603
273.19
179.301
345.21
188.383
367.744
908.323
178.045
629.325
674.265
392.44
798.326
848.72
262.031
482.038
330.927
731.331
561.933
560.609
706.259
137.295
954.028
191.76
198.736
597.039
694.741
50.6952
247.649
91.6079
17.8885
640.912
284.396
437.749
480.538
340.846
682.757
396.627
505.835
401.214
951.635
622.177
442.54
296.816
377.68
596.491
502.32
153.808
864.468
485.598
356.523
381.033
54.9181
773.078
670.38
716.082
308.326
930.121
707.249
791.87
965.883
398.058
1164.9
449.755
270.118
809.822
956.026
311.464
108.784
339.7
254.283
646.05
225.55
469.847
740.665
602.332
772.868
334.283
756.508
661.91
1163.59
883.776
683.118
413.105
395.001
589.787
435.018
175.285
1056.52
425.47
617.366
643.001
316.057
953.798
913.986
563.321
287.767
313.002
78.8733
475.711
360.224
480.937
304.764
477.272
145.041
351.411
434.439
649.638
458.917
497.684
638.486
759.901
508.178
203.902
299.08
498.704
625.788
107.815
211.021
477.604
309.013
480.126
378.963
519.216
634.251
677.649
634.946
419.926
659.748
223.987
274.658
444.474
360.224
202.941
701.592
441.814
624.77
945.709
397.458
941.294
418.527
138.033
609.338
880.893
347.23
199.542
416.093
341.235
341.797
504.48
163.478
670.41
591.906
472.208
72.111
641.007
605.392
941.533
817.793
744.114
185.173
89.627
288.111
171.68
391.829
813.941
154.693
568.243
617.888
368.637
703.913
764.053
278.869
225.009
675.805
627.714
239.771
576.535
664.422
143.781
510.784
689.351
843.666
727.396
748.575
624.946
1015.65
583.843
463.312
585.796
404.163
745.38
355.621
493.044
239.942
506.696
759.877
529.601
628.622
646.894
757.18
884.25
134.833
742.92
510.987
557.951
704.04
90.471
268.561
319.226
788.566
501.108
512.08
466.901
437.773
246.862
655.124
532.865
608.967
590.59
579.773
357.694
836.72
308.423
512.447
558.628
185.828
476.403
420.64
497.293
513.486
620.22
751.889
294.376
360.911
372.236
479.335
702.767
375.494
465.646
490.408
551.225
553.336
263.797
447.519
482.746
438.99
403.555
383.346
547.403
94.921
337.504
513.206
722.318
537.492
576.356
665.133
838.774
554.229
240.352
363.717
499.929
684.059
132.306
268.732
399.996
310.757
534.868
439.602
573.54
667.462
727.671
713.673
352.098
710.361
289.871
333.73
523.345
306.059
141.718
577.903
736.115
537.82
820.811
575.627
173.185
659.921
947.352
626.765
712.091
1102.44
891.449
944.416
288.141
367.165
974.025
1016.92
367.947
341.299
729.176
172.192
328.938
784.817
932.493
1089.79
1094.93
815
769.12
1076.09
377.514
332.175
651.388
765.906
409.888
839.66
56.9386
260.665
487.469
557.983
86.8332
369.486
99.8098
148.762
657.859
400.601
459.471
343.274
210.775
649.521
469.013
372.114
264.07
836.665
485.751
346.716
293.615
416.428
622.656
565.053
280.85
762.46
546.759
219.429
247.823
88.2383
680
539.574
785.076
901.734
357.644
563.392
909.095
1081.21
939.023
970.67
840.029
1236.45
820.037
604.797
756.746
604.26
984.111
509.184
657.384
7.61577
590.214
905.563
768.779
867.413
869.005
991.219
1107.83
150.473
977.708
686.372
720.528
921.406
257.194
355.76
286.252
435.013
507.319
141.089
413.456
154.156
204.362
653.315
457.232
460.578
291.076
174.413
624.52
490.637
315.412
213.038
781.944
436.005
335.037
291.218
425.763
622.419
580.941
337.676
711.368
562.286
169.047
205.645
144.9
632.046
482.637
551.536
769.491
209.976
179.494
279.886
211.301
445.789
418.126
244.295
554.423
460.652
519.793
208.741
540.001
484.224
900.882
702.891
606.869
143.402
179.739
399.155
308.819
290.663
788.409
291.22
444.325
489.778
231.931
684.358
680.119
424.609
553.023
730.508
587.278
613.873
602.8
880.362
516.387
333.408
444.063
418.714
662.097
225.887
353.939
355.647
403.435
622.628
427.481
547.198
611.945
692.319
750.747
277.771
676.089
369
418.371
566.392
216.023
201.638
644.705
918.397
629.734
704.518
989.897
922.128
851.876
217.113
363.891
837.334
949.174
249.13
294.333
556.518
73.7631
413.876
705.505
852.482
984.75
1014.63
825.335
597.863
996.138
338.715
319.42
642.256
601.253
242.332
289.088
71.5122
63.9531
639.964
327.41
437.093
430.094
293.343
663.718
416.184
455.54
350.897
906.521
572.33
407.156
284.285
383.02
598.82
518.626
200.552
823.192
501.144
306.243
332.488
23.5372
734.425
620.774
337.654
247.358
538.184
317.788
361.367
701.285
580.188
665.974
229.035
702.533
625.346
1080.37
848.303
689.606
317.506
286.531
482.403
333.444
228.738
966.617
322.349
582.066
616.831
301.4
861.278
851.345
90.377
711.286
305.491
508.519
421.532
267.686
728.841
483.873
463.57
341.867
935.951
556.194
351.957
353.842
454.368
670.329
587.749
195.727
862.103
570.509
297.753
310.886
48.3322
778.59
633.19
655.085
267.075
452.097
491.273
348.092
699.849
405.661
519.32
411.705
968.228
631.671
442.305
313.439
390.817
609.978
512.161
137.437
881.83
495.707
366.984
389.155
62.2896
790.728
684.726
845.923
203.273
814.742
802.576
241.423
314.682
743.024
774.935
843
944.076
985.5
364.313
267.541
58.5918
236.028
729.099
691.567
236.315
751.961
812.262
663.452
583.008
800.626
654.16
722.015
559.007
937.303
545.326
769.047
643.273
1233.83
848.439
574.022
552.262
581.726
792.568
651.105
134.112
1148.86
639.545
600.167
604.05
315.527
1056.83
938.597
657.523
619.839
309.866
174.026
603.119
606.486
821.227
797.3
795.438
169.623
74.8465
163.233
176.003
532.087
683.448
160.253
577.603
635.29
460.539
571.309
695.829
169.012
698.033
740.142
108.074
79.8123
599.568
148.476
302.2
501.391
649.422
801.655
812.236
616.847
583.824
793.486
124.427
125.32
429.326
546.33
252.295
735.231
663.983
247.833
99.8649
752.15
290.131
193.313
451.136
592.981
777.834
751.418
462.455
715.632
732.632
75.1332
45.1885
286.342
659.11
413.717
479.521
606.21
680
607.743
804.988
928.238
387.883
382.582
281.603
440.157
807.001
454.357
432.678
670.009
731.454
686.208
349.452
619.833
707.199
676.24
984.807
887.032
815.515
247.081
116.76
257.154
108.784
442.143
851.692
94.921
639.578
689.714
437.005
740.198
824.583
148.223
504.486
201.804
406.159
461.069
606.496
736.17
767.802
652.947
478.132
749.466
180.161
211.625
460.288
438.257
171.058
652.705
223.081
269.119
444.15
591.501
756.986
753.76
537.075
620.613
734.908
44.7214
65
349.676
569.959
314.224
583.782
900.109
768.422
868.081
871.553
992.743
1105.44
154.557
979.131
682.003
715.713
918.676
260.017
350.081
350.043
645.864
793.626
935.522
956.308
751.735
606.684
937.659
267.007
245.703
569.386
596.283
245.736
625.89
759.726
956.716
911.467
516.841
884.288
893.076
263.471
206.155
390.674
838.601
550.462
148.034
331.254
310.846
420.301
649.832
292.098
412.404
468.489
307.669
543.811
579.001
219.456
162.816
462.027
735.732
144.087
558.585
613.205
406.037
624.541
714.871
177.859
678.122
722.443
177.747
731.259
790.479
622.155
611.965
805.839
550.625
851.273
18.868
720.057
773.574
540.208
738.922
869.389
1016.9
536.992
492.709
506.187
192.824
923.643
820.057
838.6
641.355
685.598
838.234
112.361
361.006
701.189
754.722
522.855
726.24
852.071
61.7171
304.961
583.977
350.019
327.038
634.331
373.636
751.017
627.262
359.026
