20
7.28011
7.61577
6.40312
2.82843
5.83095
224.243
221.111
242.405
225.249
236.677
230.489
695.73
420.905
619.359
405.445
499.033
359.255
383.897
426.589
1
6.32456
9
5.38516
228.827
225.763
247.194
230.413
241.754
235.321
703
428.065
626.319
412.535
506.187
366.4
391.152
433.683
7.28011
9.05539
6.32456
228.265
225.211
246.662
229.941
241.267
234.796
703.325
428.165
626.863
412.587
506.281
366.489
391.506
434.166
9.21954
1
230.638
227.502
248.783
231.573
243.016
236.863
699.18
425.526
621.395
410.274
503.672
363.93
387.195
429.061
8.60233
221.452
218.325
239.633
222.524
233.94
227.721
694.493
419.11
618.78
403.547
497.226
357.435
382.744
425.819
230.054
226.927
248.23
231.078
242.508
236.315
699.498
425.611
621.933
410.312
503.754
364.003
387.537
429.535
4.12311
20.2237
24.4131
24.5967
12.083
595
292.25
577.521
268.755
360.834
238.531
320.34
388.233
22.1359
21.9317
24.0416
12.0416
593.412
290.746
574.864
267.38
359.778
236.597
317.574
385.253
23.7697
14.1421
12.0416
580.978
278.146
568.571
254.201
345.059
226.345
312.328
381.473
12.0416
15.2971
571.851
269.314
553.109
246.132
339.024
214.767
295.936
363.941
12.53
570.817
268.002
555.868
244.381
336.265
214.979
299.267
368.09
583.206
280.414
567.073
256.844
348.794
227.07
310.161
378.535
302.848
178.508
326.891
242.244
358.352
312.252
285.633
314.331
25.2389
78.1601
61.8142
113.208
173.22
338.758
293.825
347.541
257.69
196.156
95.6033
48.2701
125.718
190.704
139.807
165.303
204.01
106.005
177.634
72.3671
