20
270.054
238.908
206.495
46.2709
87.2812
347.246
249.576
389.166
354.04
476.246
439.281
387.439
466.782
395.479
287.689
398.529
433.72
411.322
411.175
201.375
322.616
256.425
280.401
426.752
348.208
358.035
379.886
534.813
513.876
407.011
462.004
371
333.305
424.848
446.536
465.984
433.631
148.125
261.324
182.989
226.524
159.113
174.29
179.903
334.229
312.501
209.022
272.998
185.054
132.62
226.221
251.575
264.955
236.008
248.365
119.507
141.209
43.0813
210.642
155.589
270.204
234.555
187.545
268.203
212.349
93.1933
196.023
232.398
204.846
208.828
130.863
389.56
291.295
420.905
391.414
518.568
482.403
424.947
503.224
428.207
325.149
436.955
471.432
452.58
449.455
259.988
162.561
312.167
270.204
388.973
352.06
303.29
383.402
317.039
204.277
313.46
349.195
324.327
326.198
98.4886
157.003
79.1202
129.035
94.3398
89.0225
156.387
149.05
93.9415
84.1724
117.546
67.0075
94.5569
180.936
117.644
227.337
192.354
148.071
228.484
180.499
62.9682
155.052
191.732
161.771
167.836
78.4474
200.25
198.035
76.6094
104.235
13.9284
118.68
92.7631
96.6075
146
94.3663
155.003
138.708
33.541
113.23
72.0278
66.3702
47.676
80.0562
87.4643
59.203
42.45
130.924
121.939
186.703
208.002
112.539
105.551
70.0286
106.944
122.577
139.946
185.526
181.838
105.361
112.699
52.6308
104.637
80.6598
65.3682
99.8499
18.3848
46.5188
70.0357
27.0185
91.022
179.254
74.8866
38.9102
103.31
62.7694
119.419
80.604
82.7345
133.843
81.3449
112.161
146.294
138.004
124.483
36.7967
53.2635
12.8062
68.593
24.2074
54.5619
