20
131
41.1947
199.922
93.6803
193.313
153.838
170.696
210.238
64.4748
164.438
79.6241
829.465
810.586
753.029
762.426
813.01
779.27
750.131
813.178
172.047
99.8499
180.967
111.126
126.242
44.9444
125.591
191.771
108.227
180.025
954.656
935.222
878.823
887.626
940.394
903.296
875.743
936.351
239.002
95.1893
226.744
184.719
210.95
243.354
28.4253
199.422
76.3217
789.354
770.631
712.782
722.335
772.344
739.497
709.933
773.631
206.022
194.928
91.5478
111.544
205.088
264.367
59.808
214.525
1028.05
1009.48
951.315
961.067
1009.84
978.453
948.538
1012.63
271.621
124.908
225.878
288.555
120.603
151.076
19.6977
838.466
821.149
761.152
772.032
815.817
791.596
758.778
827.122
237.36
83.3847
17.0294
234.438
218.16
264.7
960.588
939.892
887.153
894.249
952.95
906.771
883.603
937.456
162.791
251.718
212.897
31.7805
137.993
961.568
943.886
884.349
894.926
939.973
913.869
881.863
949.014
94.1329
228.009
139.46
224.555
985.18
965.346
909.933
918.253
972.798
933.014
906.711
965.404
250.505
231.465
281.716
971.729
950.905
898.635
905.53
964.84
917.676
895.035
948.052
226.815
101.139
765.297
746.324
688.972
698.249
749.445
714.927
686.033
748.762
162.049
983.271
965.245
906.195
916.465
962.946
934.831
903.597
969.632
823.751
806.202
746.496
757.177
801.988
776.385
744.046
811.72
22.8035
77.3692
67.0522
58
56.5685
79.7057
46.0977
62.3699
49.3964
67.6757
34.0588
63.6003
30.0832
15.8114
72.7324
44.9222
5
80.1311
74.4312
29.1204
15
64.6607
86.5563
77.4919
97.719
43.4626
37.4833
79.6116
