20
102
123.004
41.2311
45.5412
77.4661
758.752
705.642
682.97
774.497
739.818
690.601
807.82
875.491
827.481
856.986
763.409
984.118
888.369
831.048
116.387
62.8013
57.4282
30.0167
859.952
805.224
782.562
874.108
841.533
790.424
909.015
977.213
928.692
958.981
865.361
1086.1
989.846
931.788
119.541
115.879
94.6414
837.284
793.095
770.58
861.304
813.548
777.208
859.412
948.133
879.059
923.128
825.952
1050.67
942.152
878.8
5.83095
43.8292
797.211
742.489
719.825
811.372
779.006
727.661
848.807
914.683
868.461
896.942
803.762
1023.95
929.225
872.158
38.0132
802.524
748.003
725.337
816.885
784.189
733.152
853.352
919.868
873.011
901.943
808.633
1028.98
933.862
876.585
836.086
783.056
760.385
851.918
816.819
768.042
881.504
952.473
901.191
933.244
839.06
1060.51
962.609
903.921
90.2497
104.389
76.0263
44.5533
93.3435
214.014
125.172
220.658
139.714
126.479
245.122
235.765
248.244
22.6716
68.884
116.017
17.088
293.614
209.038
303.059
229.924
203.066
329.342
324.423
329.074
91.5478
123.004
11.0454
298.203
226.797
308.89
243.477
207.735
347.298
334.281
333.946
119.269
84.1487
288.212
161.047
293.411
197.231
202.2
277.519
301.007
321.629
112.712
177.89
135.68
187.043
129.557
87.6812
249.227
211.873
213.19
288.647
215.928
299.04
232.467
198.091
336.431
323.67
324.336
189.953
19.6977
129.097
90.6035
224.056
83.6002
35.8469
184.743
61.6117
144.101
120.503
163.453
212.953
123.167
101.533
209.172
64.5368
29.0689
99.8248
127.581
106.888
151.344
225.73
139.09
126.246
153.805
228.963
76.9415
