20
177.387
49.5782
67.1193
61.9839
141.06
805.775
784.488
813.528
778.107
818.908
806.834
276.154
256.977
328.123
401.648
335.467
161.994
143.21
410.202
156.589
205.507
116.43
45.6946
952.882
931.986
960.692
925.708
969.868
955.98
399.521
434.356
474.802
500.349
493.579
236.812
314.682
582.865
115.434
61.7414
130.599
802.948
781.839
810.744
775.505
818.264
805.137
258.544
287.007
323.371
376.288
338.378
122.016
159.59
426.919
96.6075
161.608
833.355
811.962
841.017
805.559
843.745
833.031
325.484
247.136
363.456
455.724
361.808
227.774
165.324
416.347
79.1202
860.556
839.36
868.337
833.002
874.881
862.242
319.845
318.328
381.241
437.887
392.622
180.189
203.953
471.737
933.371
912.29
941.171
905.962
948.854
935.674
385.13
396.44
453.856
494.353
468.483
229.87
282.682
550.727
21.4009
7.81025
27.8029
38.4838
18.4391
556.004
623.785
479.587
493.465
471.832
723.238
668.613
450.006
29.0689
6.40312
48.0104
27.4591
535.457
602.649
458.469
474.849
450.459
702.724
647.236
429.242
35.4683
35.805
18.7883
563.802
631.051
487.382
500.972
479.527
731.034
676.302
457.01
52.345
32.573
529.283
596.353
452.134
469.256
444.059
696.557
640.835
423.079
21.3776
575.515
627.625
495.263
519.897
483.669
742.744
679.883
451.079
560.357
620.194
481.838
501.749
472.086
727.643
668.682
445
261.84
98.0204
134.134
143.753
167.287
180.71
276.812
223.66
382.382
188.13
309.233
136.821
179.402
168.048
52.4309
254.615
199.62
186.046
218.753
264.69
314.77
345.307
286.196
196.797
134.462
174.542
402.318
268.33
