40
146.014
114.543
156.349
83.2166
130.782
75.6637
106.85
141.598
25.0799
92.1358
97.1854
50.1597
587.593
572.123
491.757
593.178
565.8
471.038
460.126
438.99
459.762
453.982
578.581
550.001
468.364
138.033
146.003
137.615
157.003
137.463
131.137
141.718
147.003
141.23
150.625
152.594
155.541
143.59
159.305
134.729
118.596
139.517
138.014
87.3212
62.2013
76.5376
125.32
78.0577
82.7103
112.801
723.255
705.312
626.365
726.154
704.944
596.142
596.446
572.545
592.818
586.464
714.347
682.033
598.953
91.2195
91.3947
75.4321
71.3442
68.4105
81.0494
67.6757
91.7061
64.5136
65.2993
72.0069
62.9682
77.1622
70.7248
54.231
34.1321
16.4924
64.846
147.054
71.3442
93.4933
145.798
54.4518
69.6563
682.913
670.317
589.292
691.401
656.453
576.532
556.076
538.301
559.29
554.13
673.858
649.521
570.001
56.4004
63.0317
69.3542
89.0505
75.1532
60.3738
78.7147
63.7024
80.9568
87.818
84.3149
94.1541
72.4017
91.8368
85.9069
42.2019
87.2353
153.388
42.0595
132.22
158.417
65.8635
106.513
735.035
721.755
640.815
742.849
709.389
625.353
607.928
589.292
610.247
604.901
725.981
700.578
620.322
28.8444
27.2029
43.4626
52.0096
50.3289
40.2244
50.9608
26.9258
54.1202
55.3263
49.0918
60.0333
41.4849
54.0833
50.4876
55.2268
136.719
91.6788
65.0692
131.469
57.7062
45.618
649.462
636.592
555.59
657.682
623.51
542.404
522.495
504.437
525.42
520.216
640.407
615.683
536.004
79.925
87.818
88.6172
110.114
92.6337
79.511
96.8969
88.6848
98.2904
106.832
105.119
113.172
93.2363
112.929
76.6094
156.668
68.3081
109.275
156.924
62.3939
84.8764
698.417
686.053
605.013
707.132
671.579
592.787
571.696
554.177
575.17
570.056
689.362
665.364
586.021
52.2015
57.2451
67.1863
84.5813
73.7564
59.0339
76.6551
57.7062
79.3095
84.7585
80.2309
90.824
68.9493
87.2353
83.1986
66.0681
50.636
80.9568
22.3607
28.6531
663.069
647.765
567.354
668.824
640.691
546.234
535.594
514.643
535.421
529.646
654.05
625.664
543.994
64.3273
71.8471
62.0725
81.3941
61.8142
56.1427
66.0984
72.8354
65.7343
75.1864
76.9415
80.3617
68.0661
83.7437
115.365
94.2444
17.8885
94.3716
95.1893
665.661
646.84
568.581
667.572
649.077
535.853
539.449
514.538
534.575
528.05
656.814
623.238
539.933
124.74
128.701
112.45
118.983
106.963
113.358
108.706
129.402
106.042
111.503
117.414
112.161
116.846
119.57
116.52
122.886
44.5533
92.5743
728.431
713.474
632.949
734.543
705.294
612.295
600.968
580.402
601.213
595.491
719.401
691.495
609.958
16.2788
14.8661
4
18.4391
8.60233
12.2066
9.05539
15.2315
12.1655
16.5529
13.4536
22.8254
2
21.2603
82.3772
72.111
25.7099
612.478
597.13
516.722
618.188
590.377
496.065
485.004
464.01
484.793
479.029
603.461
575.044
493.439
113.111
121.037
112.539
132.019
112.45
106.075
116.726
122.037
116.297
125.718
127.577
130.729
118.512
134.347
95.8019
87.5728
647.951
629.249
550.887
650.001
631.231
518.693
521.671
496.867
516.939
510.44
639.097
605.701
522.433
130.384
135.248
119.62
128.798
114.826
119.206
117.137
136.033
114.739
121.198
126.657
122.654
124.535
129.711
48.0521
683.895
668.925
588.396
689.995
660.927
568.127
556.429
535.859
556.676
550.967
674.867
646.965
565.489
41.9762
49.4975
40.6079
61.0328
41.4367
34
45.8803
50.4876
46.0977
55.5428
56.3205
61.2699
46.5296
63.5689
635.857
620.984
540.412
642.059
612.923
521.004
508.394
487.955
508.792
503.126
626.827
599.103
517.789
88.0057
96.0469
88.6454
108.931
89.2861
81.6149
93.6803
97.0464
93.6056
103.092
104.293
108.503
94.541
111.4
32.573
97.1442
31.0161
49.679
155.052
127.475
151.347
132.004
139.09
9.05539
55.7584
131.746
722.698
730.918
724.5
744.457
724.846
717.332
729.16
731.904
728.774
738.194
739.949
743.132
730.397
746.812
81.0555
21.095
72.4224
126.063
115.156
133.18
112.588
118.849
30.0167
25.6125
107.935
708.363
716.549
709.516
729.126
709.578
702.589
713.841
717.541
713.331
722.698
724.707
727.474
715.453
731.418
102.122
93.086
82.0366
35.171
54.231
35.805
43.4166
88.3912
62.3699
43.8634
627.646
635.843
629
648.741
629.165
621.992
633.448
636.834
632.987
642.378
644.287
647.222
634.924
651.058
79.6116
143.6
136.059
154.208
133.555
139.714
34.4093
44.7772
128.16
729.45
737.635
730.585
750.18
730.635
723.666
734.896
738.627
734.38
743.745
745.765
748.511
736.523
752.469
169.095
112.33
143.283
128.035
135.831
45.2769
85.0235
135.915
698.639
706.884
701.416
721.845
702.198
693.903
706.576
707.859
706.385
715.856
717.215
721.033
707.234
724.29
92.4175
70.4911
62.0967
57.9396
148.395
100.499
41.3038
609.007
617.02
608.297
626.767
607.557
602.12
611.641
618.02
610.787
619.933
622.63
624.22
614.294
628.866
34
30.4138
36
118.457
97.5141
51.5461
595.309
603.524
597.034
616.981
597.371
589.886
601.684
604.511
601.3
610.721
612.474
615.666
602.934
619.337
21
17.088
142.618
111.288
37.2156
575.459
583.631
576.439
595.988
576.451
569.569
580.706
584.625
580.181
589.542
591.582
594.304
582.383
598.273
7.81025
123.438
90.3549
21.9545
596.337
604.505
597.248
616.75
597.224
590.407
601.472
605.499
600.93
610.283
612.356
615.02
603.196
619.026
130.599
96.026
20.6155
590.756
598.913
591.522
610.942
591.436
584.737
595.671
599.908
595.102
604.44
606.568
609.141
597.476
613.203
50.5668
123.81
713.656
721.876
715.47
735.436
715.824
708.297
720.139
722.862
719.757
729.178
730.926
734.121
721.367
737.793
83.4865
686.68
694.845
687.527
706.966
687.457
680.717
691.694
695.84
691.127
700.466
702.589
705.165
693.479
709.228
605.601
613.726
605.978
625.16
605.717
599.348
609.916
614.724
609.269
618.564
620.846
623.156
611.949
627.379
8.24621
16.0312
32.7567
23.0868
11.4018
25.0799
9.21954
28.0179
32.573
28.178
38.6264
16.7631
35.5106
16.6433
27.5136
23.2594
16.5529
23.7697
1
26.9258
29.0689
23.5372
34.5254
14.3178
30.0832
21.6333
7.07107
9.21954
9.48683
17.2047
12.1655
18.6011
16.6433
25
6
24.4131
19.6469
30.6105
15.2971
27.2029
16
7.61577
5
8.544
16.9706
2.82843
14.8661
4.47214
23.7065
5.83095
14.4222
15.1327
20.6155
9.89949
22.1359
18.3576
17.4642
20.6155
27.8029
25.6125
34.2053
13.8924
33.4215
24.0416
3.16228
10
11
16.2788
9.48683
17.72
27.2029
29.0172
23.3452
34.3657
14.5602
29.7321
9.48683
12.3693
15.2643
12.6491
18.1108
6.7082
6.40312
15.8114
9.05539
11.0454
12.0416
7.81025
21.9317
7.81025
19.799
