40
50.1597
277.065
193.373
144.617
265.198
270
103.47
289.981
219.107
122.066
164.158
78.5175
462.277
617.778
658.246
682.72
398.117
729.324
498.258
474.342
538.184
418.89
408.718
705.459
377.631
560.001
559.151
559.679
557.574
559.151
557.774
559.151
557.574
557.774
557.574
558.099
558.302
559.475
557.774
227.502
176.309
96.2601
215.133
224.891
105.802
240.052
178.941
83.5225
114.018
77.4145
441.244
573.273
613.179
647.341
355.276
696.323
470.239
438.31
511.048
377.874
370.71
664.615
339.366
519.555
518.677
519.158
517.244
518.677
517.32
518.677
517.244
517.32
517.244
517.72
517.8
519.076
517.32
281.4
150.403
54.0833
74.0608
261.811
19.6977
180.801
198.708
115.624
250.06
375.693
365.411
401.678
485.136
172.818
544.207
363.142
289.249
403.595
205.066
220.057
473.193
194.139
402.974
401.976
402.047
401.779
401.976
400.91
401.976
401.779
400.91
401.779
401.842
400.979
402.906
400.91
150.629
236.856
322.2
281.945
281.727
110.549
109.604
191.732
253.503
595.309
645.136
679.586
760.805
449.68
816.804
609.762
556.321
651.525
479.552
485.276
754.577
455.096
400.222
399.516
400.225
397.397
399.516
398.102
399.516
397.397
398.102
397.397
398.102
398.811
399.516
398.102
124.724
175.026
179.622
158.155
97.1288
49.3356
41.8808
155.348
446.849
513.28
550.718
613.984
306.132
668.506
459.152
407.571
500.919
334.127
336.725
615.52
306.08
429.61
428.7
429.117
427.463
428.7
427.376
428.7
427.463
427.376
427.463
427.874
427.791
429.197
427.376
123.491
270.74
46.6154
131.126
168.077
102.343
253.9
427.095
408.534
442.73
537.152
225.568
596.905
416.89
343.118
457.476
258.258
274.117
520.516
248.163
361.681
360.694
360.856
360.224
360.694
359.547
360.694
360.224
359.547
360.224
360.378
359.707
361.522
359.547
227.477
92.1358
234.58
223.607
133.297
223.394
303.645
348.382
388.417
439.165
132.503
494.605
297.357
234.307
338.647
159.214
163.248
443.117
133.66
476.656
475.657
475.711
475.509
475.657
474.607
475.657
475.509
474.607
475.509
475.557
474.659
476.605
474.607
279.258
274.332
185.327
173.948
28.4429
364.179
560.607
602.735
601.019
339.86
643.245
406.951
396.366
445.439
354.318
336.595
635.74
307.104
608.619
607.697
608.086
606.539
607.697
606.388
607.697
606.539
606.388
606.539
606.923
606.776
608.232
606.388
177.508
205.156
126.606
266.537
391.343
363.446
398.483
490.8
179.805
550.848
375.899
298.645
415.915
212.81
230.671
474.236
206.17
384.52
383.522
383.575
383.377
383.522
382.472
383.522
383.377
382.472
383.377
383.423
382.523
384.47
382.472
97.0979
123.693
248.485
528.609
538.882
572.098
665.77
353.278
724.261
531.136
466.699
572.659
384.948
396.104
651.642
367.642
341.123
340.262
340.771
338.746
340.262
338.892
340.262
338.746
338.892
338.746
339.249
339.401
340.617
338.892
90.377
157.813
486.004
562.468
599.723
662.017
355.186
715.845
502.813
454.863
544.502
382.817
384.253
664.795
353.362
438.179
437.321
437.837
435.785
437.321
435.95
437.321
435.785
435.95
435.785
436.296
436.464
437.667
435.95
154.159
408.862
474.209
512.285
572.128
264.849
626.637
418.551
365.716
460.324
292.481
294.853
574.732
264.237
438.001
437.056
437.384
436.084
437.056
435.784
437.056
436.084
435.784
436.084
436.406
436.111
437.676
435.784
384.61
563.6
605.258
613.395
342.374
657.581
423.53
406.774
462.819
359.235
344.362
643.386
314.07
584.953
584.042
584.455
582.81
584.042
582.719
584.042
582.81
582.719
582.81
583.22
583.131
584.542
582.719
364.87
403.47
286.332
251.589
307.041
81.4923
166.433
99.4082
226.294
188.282
368.582
197.091
768.753
767.756
767.672
768.016
767.756
766.845
767.756
768.016
766.845
768.016
767.928
766.76
768.838
766.845
43.0116
205.407
221.226
268.693
287.327
205.061
295.743
207.694
234.009
126.4
258.544
600.611
599.767
599.23
601.383
599.767
599.461
599.767
601.383
599.461
601.383
600.843
598.923
601.147
599.461
217.665
263.008
277.146
324.581
246.349
329.803
250.458
277.016
119.252
301.478
613.029
612.224
611.631
614.007
612.224
612.013
612.224
614.007
612.013
614.007
613.412
611.419
613.622
612.013
312.508
65.3911
210.535
209.06
187.723
281.441
278.237
115.382
309.498
790.719
789.82
789.383
791.139
789.82
789.361
789.82
791.139
789.361
791.139
790.698
788.921
791.157
789.361
371.426
211.91
121.643
248.131
33.6155
64.0078
310.628
60.0333
526.773
525.792
525.601
526.376
525.792
525.004
525.792
526.376
525.004
526.376
526.18
524.81
526.966
525.004
240.252
260.987
208.471
339.324
331.789
165.061
362.498
856.052
855.151
854.717
856.461
855.151
854.687
855.151
856.461
854.687
856.461
856.023
854.251
856.487
854.687
101.789
41.7732
180.898
149.402
287.346
169.924
738.628
737.646
737.462
738.205
737.646
736.848
737.646
738.205
736.848
738.205
738.017
736.663
738.813
736.848
131.309
88.1419
71.0634
243.666
101.514
644.904
643.933
643.693
644.662
643.933
643.204
643.933
644.662
643.204
644.662
644.418
642.963
645.145
643.204
215.956
187.275
277.411
209.745
774.561
773.584
773.372
774.225
773.584
772.82
773.584
774.225
772.82
774.225
774.01
772.607
774.774
772.82
39.3573
286.782
52.3259
558.605
557.628
557.417
558.271
557.628
556.864
557.628
558.271
556.864
558.271
558.055
556.651
558.818
556.864
299.221
31.3847
589.543
588.558
588.388
589.075
588.558
587.743
588.558
589.075
587.743
589.075
588.901
587.572
589.713
587.743
329.317
726.683
725.846
725.299
727.496
725.846
725.56
725.846
727.496
725.56
727.496
726.945
725.01
727.231
725.56
573.413
572.42
572.297
572.8
572.42
571.553
572.42
572.8
571.553
572.8
572.672
571.428
573.537
571.553
1
1.41421
3.16228
1
2.23607
1
3.16228
2.23607
3.16228
2.23607
2
1
2.23607
1
3
0
1.41421
0
3
1.41421
3
2
1
1.41421
1.41421
4
1
2.23607
1
4
2.23607
4
3
1.41421
2.23607
2.23607
3
2.23607
3
0
2.23607
0
1
3.16228
2.23607
2.23607
1.41421
0
3
1.41421
3
2
1
1.41421
1.41421
1.41421
2.23607
0
2.23607
1.41421
1
2
0
3
1.41421
3
2
1
1.41421
1.41421
2.23607
0
1
3.16228
2.23607
2.23607
2.23607
1.41421
1
2
0
1
3.16228
2.23607
2.23607
2.23607
1.41421
1.41421
2.23607
1
2
