40
51.0392
49.6488
125.32
138.578
93.4077
7.2111
52.6972
159.862
205.767
183.134
95.0211
208.806
552.58
542.042
540.723
501.807
482.93
533.948
535.703
469.946
497.8
464.898
466.075
506.711
515.563
360.072
345.562
444.775
493.092
517.042
280.815
447.139
533.653
526.24
470.473
368.306
458.912
522.992
329.521
66.7083
127.883
93.4933
95.6033
55.1453
92.2822
131.928
162.25
132.306
44.1814
185.011
543.949
527.947
533.085
490.026
471.83
516.072
519.528
463.312
484.066
448.746
453.084
492.062
507.947
410.308
396.449
489.722
540.615
566.668
326.965
488.938
580.112
575.878
518.509
419.345
508.67
572.87
379.886
75.71
122.004
44.3847
56.2939
37.3363
122.037
182.222
179.969
98.8838
166.184
599.642
587.185
588.063
547.782
529.122
577.432
579.966
517.49
543.038
509.086
511.559
551.591
562.885
378.292
351.07
428.012
482.271
513.249
267.589
424.634
520
522.465
461.201
377.534
478.628
520.325
330.668
129.85
33.0151
132.004
95.1315
86.2844
165.738
196.817
140.293
109.659
670.983
655.812
659.826
617.664
599.348
643.77
647.38
589.644
611.904
576.615
580.849
619.94
634.656
419.2
375.832
416.617
479.242
520.508
268.477
403.636
511.754
529.59
461.053
406.605
519.659
529.16
350.036
113.088
144.471
159.05
70.8802
68.8186
67.0075
57.8014
120.15
592.919
568.465
583.737
535.076
518.348
550.281
556.663
516.733
526.077
487.543
497.025
532.376
559.064
496.588
473.038
540.734
599.206
633.624
384.912
531.305
634.669
642.826
579.193
499.092
596.191
641.069
452.535
100.285
70.9366
88.8876
161.012
178.474
112.446
126.036
638.075
623.285
626.878
584.932
566.565
611.675
615.072
556.663
579.327
544.266
548.198
587.453
601.706
407.305
371.117
427.691
487.016
524.001
273.426
418.626
521.814
533.164
467.547
400.092
507.962
531.992
347.576
55.9017
166.973
211.981
187.451
99.3227
216.009
547.398
537.443
535.448
496.977
478.039
529.797
531.347
464.613
493.187
460.584
461.4
502.195
510.299
355.258
342.381
444.627
492.016
514.945
280.401
447.876
532.962
524.135
469.192
364.605
453.841
520.735
326.956
156.541
219.456
215.205
130.92
196.939
601.348
592.638
589.135
551.78
532.725
585.5
586.86
518.16
548.368
516.152
516.493
557.517
564.03
341.369
314.006
397.452
449.227
478.009
235.053
397.2
488.133
487.229
427.57
340.238
441.811
484.809
294.151
80.9938
131.187
114.983
53.8516
660.128
637.452
650.481
603.1
586.001
620.181
626.177
582.516
594.707
556.663
565.199
601.332
625.627
496.04
459.004
501.567
565.211
606.742
354.746
486.215
597.003
615.832
547.241
488.554
596.688
615.325
434.442
81.0555
125.208
101.213
638.236
608.895
630.147
578.662
563.018
587.014
595.142
565.449
567.948
528.032
540.454
573.132
605.991
560.293
530.996
582.128
644.888
684.462
433.014
567.208
677.411
693.6
626.4
558.789
660.439
692.665
508.319
88.1419
171.47
557.671
527.853
549.805
497.875
482.403
506.048
514.097
485.808
486.992
447.008
459.674
492.108
525.792
542.441
527.163
605.013
661.636
693.082
446.937
597.097
698.276
702.3
640.925
551.058
640.389
699.989
508.915
168.514
546.004
525.212
536.093
489.691
472.271
509.927
514.942
467.78
482.012
444.798
451.997
489.102
511.165
454.463
439.823
526.821
580.056
608.29
365.636
523.225
618.464
617.508
558.487
463.182
552.711
614.781
422.508
712.512
688.611
703.082
655.007
638.132
670.257
676.776
635.472
646.174
607.692
617.001
652.518
678.302
528.852
483.699
505.594
573.261
620.39
369.141
484.6
601.479
629.318
557.23
515.241
629.317
629.813
456.64
60.9262
15.6205
61.8466
75.3127
103.315
84.5281
84.1546
78.2304
119
99.0404
80.0562
38.0789
667.315
732.8
912.73
927.106
909.807
763.394
937.77
976.017
917.207
900.491
727.122
710.862
908.187
743.342
69.4262
45.9674
65.2993
42.5441
23.8537
101.242
44.2719
81
76.3217
36.1248
71.8471
690.099
749.573
923.275
942.484
929.923
769.344
945.095
990.952
937.65
915.976
746.77
740.614
929.139
757.446
59.203
69.0797
110.68
92.0489
71.0634
77.7946
116.829
93.9415
82.0061
25.1794
651.829
717.607
897.967
911.97
894.405
749.113
923.298
960.905
901.789
885.352
711.765
695.242
892.749
728.33
19.7231
70.0357
55.7136
57.3847
20.1246
57.6888
38.2099
29.1548
44.7772
644.219
703.66
877.914
896.666
883.956
724.639
900.214
945.169
891.684
870.148
700.803
695.449
883.179
711.687
84.1546
72.2011
43.2897
29.1204
52.2015
25.2389
41.4367
48.6004
625.416
684.295
858.242
877.187
864.815
704.916
880.493
925.662
872.571
850.677
681.664
677.585
864.113
692.163
18.7883
126.649
55.1543
70.4911
82.0061
42.72
108.462
704.373
759.454
928.286
950.825
941.606
771.622
947.803
998.873
949.544
924.456
758.657
759.527
941.409
765.444
113.088
44.6878
70.8802
75.2861
32.5269
91.022
696.455
753.43
924.418
945.521
934.864
768.899
944.945
993.761
942.714
919.085
751.775
749.679
934.416
760.233
72.1803
88.8876
59.203
84.1724
46.1736
590.506
652.664
830.317
846.461
831.515
679.824
854.537
895.207
839.105
819.879
648.457
639.491
830.379
662.061
41.4367
32.2025
12.53
64.8845
651.768
709.03
880.938
901.346
890.281
726.208
902.106
949.658
898.116
874.887
707.176
705.312
889.793
716.118
29.7321
45.0999
99.7046
638.205
690.925
858.21
881.604
873.743
701.208
877.406
929.499
881.778
855.292
691.055
696.714
873.836
696.208
43.0116
73.8173
622.403
678.31
849.252
870.261
860.038
694.194
870.141
918.484
867.934
843.832
677.012
677.869
859.724
684.96
72.45
664.03
720.92
892.261
913.074
902.339
737.133
913.107
961.339
910.192
886.63
719.253
717.799
901.901
727.805
631.561
695.863
875.046
890.014
873.561
725.383
899.846
938.872
881.032
863.408
690.707
677.189
872.12
706.015
96.8762
290.759
275.797
244.131
223.143
336.121
324.446
251.008
250.146
70.0357
100.658
241.456
128.577
196.957
194.733
185
138.6
240.033
243.906
193.598
168.119
36.7967
169.921
187.297
35
77.0779
149.201
164.615
54.9181
95.8853
155.332
76.4199
221.183
334.073
162.432
174.874
76.8375
214.721
126.4
49.2443
81.3204
26.6271
207.077
296.007
90.2718
185.397
252.097
201.735
105.759
9.21954
73.5731
183.153
240.441
13.4536
189.874
176.233
253.148
261.155
194.283
175.362
308.021
261.017
104.139
129.283
207.171
130.384
267.825
385.996
215.128
213.469
106.254
75.8024
256.07
339.713
117.72
233.54
80.4984
190.94
244.272
12
198.93
181.069
274.527
86.5332
159.113
133.225
182.784
71.7008
232.596
204.9
194.538
