40
357.605
296.951
287.689
207.543
273.029
275.632
222.182
311.873
317.246
262.886
288.862
343.284
330.203
273.659
317.345
220.166
279.294
328.539
284.782
335.336
152.634
355.687
337.26
229.941
296.624
649.074
659.734
679.321
633.318
650.824
654.145
650.25
655.526
647.835
630.57
637.219
625.509
665.368
640.663
127.142
70.9366
193.982
90.6863
153.16
208.062
131.004
145.114
109.289
252.67
132.322
47.1699
127.138
63.6003
161.895
80.3243
63.0317
111.319
59.9083
206.17
123.329
156.975
152.473
204.394
606.132
603.067
642.889
602.446
614.577
625.259
625.601
630.635
604.08
584.11
612.04
593.23
638.045
612.944
111.36
93.5201
72.2011
213.216
94.1754
16.7631
229.009
57.6281
125.575
230.339
145.527
25.7099
150.572
180.602
116.108
64.7611
26.2488
162.388
171.607
228.16
248.781
176.695
272.239
698.018
698.221
734.23
691.179
705.05
714.2
713.474
718.722
696.105
676.173
699.626
682.018
726.968
701.208
143.586
42.4264
106.405
164.347
123.491
117.72
64.1249
228.022
120.071
48.3011
97.0155
44.2832
95.4254
10
73.9256
86.1626
61.131
135.595
119.942
137.481
87.1321
164.77
587.432
587.212
623.771
581.124
594.701
604.14
603.622
608.836
585.496
565.534
589.811
571.939
616.929
591.26
105.702
212.812
28.3019
106.569
242.909
85
112.805
255.049
191.018
75
187.537
159.327
141.411
142.843
90.0278
204.714
111.198
258.853
265.68
160.963
266.908
691.798
695.308
726.846
682.004
697.311
704.809
703.071
708.432
690.058
670.537
689.198
673.071
717.34
691.399
141.032
123.976
86.3134
158.095
22.0907
185.607
162.274
86.4928
55.0273
86.0058
113.146
44.9444
58.2151
46.0435
101.494
127.098
162.364
178.732
107.703
200.062
626.038
626.503
662.198
619.048
632.987
642.069
641.311
646.564
624.135
604.219
627.459
609.893
654.832
629.06
239.633
227.139
41.6173
157.842
316.796
68.6222
106.231
193.892
89.56
61.6117
99.0051
179.613
187.003
97.5141
139.284
82.801
62.6498
55.2268
59.0339
486.097
487.483
522.042
478.511
492.724
501.523
500.618
505.89
484.232
464.389
486.749
469.383
514.262
488.436
103.73
268.425
102.108
84.8999
279.179
210.44
82.3772
208.626
187.243
163.371
151.99
98.4784
225.062
138.593
282.064
290.993
188.558
294.437
719.874
723.243
754.973
710.175
725.441
732.992
731.28
736.639
718.126
698.582
717.404
701.233
745.531
719.59
241.139
73.4983
123.223
240.95
154.12
42.45
160.627
196.459
129.035
68.0074
41.4005
171.164
188.298
237.857
260.309
192.255
286.163
710.877
710.695
747.181
704.376
718.073
727.396
726.781
732.012
708.946
688.991
712.95
695.201
740.176
714.463
177.792
341.204
29.0689
99.2018
213.002
85.5862
101.39
113.217
185.043
203.494
85.235
179.075
44.9444
23.0868
93.6056
62.1691
470.168
469.591
506.616
464.419
477.67
487.411
487.124
492.294
468.21
448.229
473.368
455.214
500.213
474.664
164.347
183.371
108.503
36.0555
108.005
123.004
65.5134
65.7951
32.249
123.584
123.004
183.984
198.95
119.097
216.622
643.817
644.777
679.831
636.353
650.536
659.364
658.441
663.718
641.938
622.065
644.569
627.224
672.102
646.272
347.714
268.419
131.643
270.897
268.663
229.856
189.929
145.086
284.775
223.464
347.908
362.857
268.794
373.664
800.966
803.482
836.397
791.95
806.908
814.848
813.355
818.697
799.173
779.495
799.465
782.943
827.457
801.52
90.2109
217.083
80.4984
124.68
117.886
180.094
205.876
73.8783
201.259
16.2788
26
115.884
87.0057
475.105
473.025
511.786
470.744
483.231
493.625
493.79
498.865
473.086
453.089
480.171
461.525
506.425
481.179
137.015
17.0294
121.84
53.6004
90.3549
123.406
17.088
177.609
84.5281
113.217
111.826
157.429
565.265
563.227
601.928
560.68
573.315
583.592
583.651
588.751
563.251
543.253
569.991
551.461
596.396
571.074
139.302
157.385
99.96
69.6348
16.1245
153.209
145.911
216.541
233.754
154.156
252.676
679.824
680.689
715.856
672.402
686.569
695.414
694.496
699.772
677.942
658.062
680.624
663.272
708.153
682.325
105.948
46.4866
100.21
126.905
18.6011
165.097
77.6209
101.607
95.8175
142.021
554.217
552.761
590.8
549.108
562.032
572.065
571.955
577.091
552.226
532.227
558.244
539.894
584.871
559.433
85.4751
165.52
155.081
121.742
77.7946
136.015
123.649
10.2956
108.467
532.731
536.004
567.961
523.359
538.447
546.235
544.7
550.045
530.97
511.391
530.812
514.373
558.828
532.888
82.7345
90.3549
64.4748
126.909
119.105
133.795
77.2787
157.762
581.976
582.115
618.231
575.348
589.092
598.369
597.746
602.977
580.056
560.115
583.915
566.175
611.147
585.43
53.6004
107.331
185.13
174.863
201.817
158.433
237.124
654.426
652.908
691.003
649.223
662.216
672.19
672.022
677.171
652.435
632.437
658.29
640.01
684.996
659.522
139.918
151.743
204.475
223.618
150.864
246.018
672.039
672.394
708.216
665.09
679.015
688.111
687.354
692.607
670.132
650.21
673.502
655.934
700.874
675.103
183.306
67.5352
97.6217
111.485
145.231
548.964
546.715
585.653
544.604
557.109
567.493
567.631
572.713
546.941
526.946
553.998
535.385
580.293
555.029
211.358
201.437
85.6154
180.003
591.65
597.059
625.799
580.318
596.279
602.847
600.601
605.984
590.021
570.898
586.809
571.573
615.172
589.313
40.6079
126.752
103.078
482.827
480
519.577
479.15
491.248
501.949
502.333
507.355
480.78
460.805
488.795
469.936
514.732
489.663
116.211
63.9531
452.611
451.257
489.2
447.629
460.456
470.568
470.541
475.657
450.62
430.62
456.859
438.412
483.374
457.988
105.948
532.184
534.986
567.607
523.233
538.124
546.155
544.764
550.095
530.397
510.742
530.872
514.208
558.789
532.86
427.856
429.848
463.643
419.869
434.265
442.868
441.861
447.147
426.019
406.236
427.984
410.761
455.588
429.731
24.6982
36.7967
23.4307
13
28.0179
34.2345
36.0139
2.23607
22.0227
31.3847
26.5707
37.6431
26.8328
48.0833
47.5079
36.4005
50.448
57.5674
58.2495
23.6008
30.8058
56.0803
48.4149
57.0351
51.4782
46.0977
29.5466
26.1725
32.28
28.2312
38.8973
58.7963
43.0465
54.4059
19.4165
39.0128
18.1108
23.0217
23.6008
28.3196
24.0416
29.0172
12.1655
9.21954
35.805
10.8167
15.0333
21.3776
23.0217
15.0333
31.9061
21.2603
25.318
25.4951
16.2788
7.81025
8
30.0666
45.6946
17.0294
32.2025
12.8062
13.6015
5.38516
36.1248
49.7293
13.8924
32.6497
15.1327
12.8062
38.0526
53.1413
19.2354
37.4833
10
17.6918
20
32.6497
26.4008
39.8497
28.2312
41.0122
24.3516
57.3062
38.3275
20.1246
28.4605
5
45
19.8494
25.9422
