40
31.1127
16.2788
15.5242
36.1248
20.2237
22.8035
13.4536
31.7805
21.0238
17.6918
27
23.8537
574.788
500.568
503.727
478.511
419.749
541.59
404.62
384.294
416.677
420.396
483.865
390.309
462.088
165.024
427.552
510.283
438.201
344.17
153.444
212.822
477.21
468.744
466.476
188.215
287.453
327.249
287.346
19.9249
26.9258
5.38516
19.105
16
17.6918
17.4929
21.0238
35.171
22.561
35.0571
564.398
490.175
496.734
472.822
407.462
531.338
394.656
376.428
401.622
414.441
468.479
384.803
458.119
177.485
415.708
501.104
422.246
348.174
141.354
228.475
462.65
461.793
455.306
195.441
274.855
315.753
299.787
7.07107
25.2982
21.4009
21.4709
9.89949
29.4109
23.4307
29.7321
28.8444
33.6155
578.778
504.528
509.435
484.846
422.644
545.642
408.754
389.493
418.001
426.568
485.026
396.676
469.233
178.314
430.695
514.884
439.005
354.686
156
227.2
478.851
474.455
470.005
199.72
290.062
330.504
300.847
32.28
26.8328
27.5136
15.2315
35.9026
28.6531
31.9061
34.4384
36.8782
584.673
510.424
514.861
490.08
428.777
551.519
414.596
395.051
424.444
431.845
491.504
401.888
474.2
180.272
436.775
520.619
445.539
358.274
162.117
228.32
485.242
479.877
476.001
202.766
296.233
336.543
302.676
22.1359
18.6815
22.6716
17.4642
23.7697
38.6264
24
37.6563
560.864
486.659
493.708
470
403.708
527.83
391.234
373.322
397.498
411.602
464.295
382.047
455.566
178.045
412.012
497.757
418.001
346.978
137.928
229.513
458.574
458.785
451.691
195.018
271.131
312.155
300.128
3.60555
11.6619
11.7047
2.23607
16.5529
7.61577
16
557.848
483.6
488.133
463.476
402.057
524.691
387.765
368.262
398.097
405.209
465.214
375.3
447.833
160.031
410.02
493.789
419.372
334.006
135.418
210.319
458.803
453.151
449.205
179.739
269.551
309.769
282.54
12.3693
9.05539
5.09902
20.1246
7.81025
19.105
557.323
483.073
488.026
463.527
401.289
524.183
387.289
368.046
396.974
405.227
464.053
375.373
448.09
162.225
409.308
493.414
418.134
335.203
134.629
212.812
457.748
453.049
448.58
181.342
268.732
309.095
284.675
21.095
13.6015
21.2132
19.2354
24.1661
569.451
495.202
499.794
475.119
413.553
536.299
399.382
379.922
409.337
416.857
476.42
386.939
459.419
169.169
421.545
505.431
430.503
344.859
146.895
218.563
470.102
464.812
460.77
190.058
281.016
321.311
291.728
11.6619
26.1725
8.06226
22.8254
549.652
475.405
480.975
456.737
393.315
516.537
379.701
360.843
388.6
398.393
455.637
368.637
441.662
160.59
401.404
485.956
409.646
330.728
126.716
212.078
449.441
446.01
440.783
177.992
260.716
301.254
282.719
15.2643
6.08276
14.0357
556.094
481.849
486.231
461.525
400.406
522.932
385.996
366.399
396.608
403.268
463.742
373.343
445.822
157.813
408.344
491.981
417.94
331.809
133.795
208.147
457.28
451.248
447.493
177.508
267.927
308.081
280.318
18.4391
7.07107
558.057
483.865
486.465
461.103
403.515
524.844
387.881
367.202
401.224
403.033
468.463
372.907
444.531
148.647
411.206
493.35
423.024
326.622
137.768
197.525
461.556
451.486
449.952
170.892
271.448
310.91
271.155
14.7648
550.236
475.988
480.604
456.004
394.446
517.081
380.158
360.701
390.555
397.724
457.683
367.837
440.459
154.984
402.405
486.195
411.87
327.405
127.812
205.922
451.241
445.623
441.589
173.666
261.947
302.154
277.354
551.24
477.038
479.902
454.658
396.568
518.032
381.064
360.534
394.179
396.548
461.415
366.456
438.262
145.031
404.282
486.609
415.963
321.409
130.729
194.756
454.528
444.92
443.072
166.138
264.458
303.982
267.591
74.2496
92.1954
124.338
159.261
33.2415
170.176
193.404
179.067
168.428
131.095
197.464
154.26
460.109
150.047
67.6018
170.32
304.385
423.065
459.117
125.196
120.017
109.604
422.043
290.241
248.767
407.962
56.8595
78.492
87
41.1825
96.0052
120.839
113.649
102.961
87.8237
129.248
107.299
388.769
77.2334
23
112.089
243.756
348.834
391
75.0267
62.9682
36.7696
350.584
216.261
174.642
345.254
32.249
118.929
67.1193
110
120.603
155.129
84.309
143.339
114.769
62.0967
377.2
108.784
37.0135
160.153
213.19
356.432
371.656
129.437
34.9857
78.0577
339.676
230.521
188.905
317.101
116.276
97.8621
98.0816
100.125
156.003
58.4123
157.918
88.2043
30.4631
347.851
107.042
64.1405
165.895
181.069
333.665
340.635
142.864
22.0907
86.977
310.644
212.424
171.968
285.028
127.283
35.3836
68.2422
41
88.5664
79.712
94.7629
129.553
322.056
10.2956
104.202
58.2495
211.116
266.661
333.443
66.7083
94.5304
50.2494
284.176
132.62
92.72
301.876
136.971
160.331
150
137
109.659
165.436
128.316
427.454
117.801
36.1248
144.014
275.073
389.991
427.468
100.901
90.0944
77.201
389.344
257.42
215.824
378.122
33.541
72.9452
57.2713
113.146
59.4643
104.173
296.547
34.4384
106.78
93.086
176.119
253.314
304.138
99.0051
78.7147
63.7887
258.38
122.442
80.4301
268.732
102.303
44.7772
146.687
30.6757
96.0052
268.039
67.9779
126.874
124.459
142.874
235.866
272.809
132.503
85.9127
93.1343
229.837
112.414
72.8972
235.376
128.876
67.2681
131.488
170.485
334.181
49.163
134.332
25.2982
242.992
263.463
351.524
61.327
134.004
79.1202
297.236
131.548
98.9949
327.713
155.621
30.4631
51.264
293.483
83.006
101.045
146.373
141.089
275.289
290.689
140.121
50
87.983
255.766
156.461
117.631
242.324
170.018
181.797
398.369
78.7147
110.653
46.9574
288.804
330.711
412.284
15.6205
137.354
71.8679
360.902
198.58
164.003
381.462
75.6042
263.401
92.3147
129.869
152.502
119.407
246.333
262.122
155.081
80.3243
108.467
225.584
132.424
96.7729
217.313
325.712
121.598
94.414
183.807
153.16
321.03
315.417
166.355
45.3431
109.932
289.171
206.891
168.751
257.124
327.014
392.625
359.084
188.218
127.64
54.3323
387.569
343.465
360.09
38.2099
208.24
235.187
122.56
94.0213
63.5059
210.305
274.696
336.883
64.622
85.1469
40.6079
289.002
140.89
100.305
303.059
134.391
239.04
359.836
391.676
98.0204
54.1295
55.4707
354.596
229.02
187.043
342.007
266.453
285.414
376.809
45.9674
143.851
82.0975
322.262
155.052
123.968
352.596
231.487
166.571
274.117
184.981
227.308
156.978
180.361
169.307
104.005
177.099
323.818
321.602
314.084
113.842
134.134
174.542
219.92
400.092
339.706
365.925
66.6033
234.478
254.002
78.7464
122.09
56.4358
349.894
190.625
154.392
367.681
65.7951
305.765
196.825
155.567
288.175
321.896
180.768
139.556
325.564
173.459
198.295
110.223
42.0119
231.536
238.034
