20
12.1655
23.4094
35.3553
45.8039
55.1543
63.8201
69.3181
74.3303
77.9295
78
78.0897
74.6324
69.7711
64.405
55.1543
46.6154
36.2353
24.3516
13.1529
11.6619
24.2074
35.3553
45.8039
55.9017
62.9365
69.7209
75
76.9415
79.0569
77.3692
74.4043
70.7107
63.0079
55.9017
46.4866
35.5106
25
12.7279
24.2074
35.3553
46.4866
54.7449
63
69.7209
73.3757
77.3692
77.4209
76.3675
74.4043
68.4251
62.9365
54.7449
45
35.5106
11.6619
23.4094
35.5106
45
54.7449
62.9365
68.4251
74.4043
76.3675
77.4209
77.3692
73.3757
69.7209
63
54.7449
46.4866
12.1655
25
35.5106
46.4866
55.9017
63.0079
70.7107
74.4043
77.3692
79.0569
76.9415
75
69.7209
62.9365
55.9017
13.1529
24.3516
36.2353
46.6154
55.1543
64.405
69.7711
74.6324
78.0897
78
77.9295
74.3303
69.3181
63.8201
11.6619
24.2074
35.3553
45.2217
55.9017
62.9365
69.7209
75
77.1038
79.0569
77.3692
74.4043
70.7107
12.7279
24.2074
34.8855
46.4866
54.7449
63
69.7209
73.6817
77.3692
77.4209
76.3675
74.4043
11.6619
23.0868
35.5106
45
54.7449
62.9365
68.884
74.4043
76.3675
77.4209
77.3692
12.0416
25
35.5106
46.4866
55.9017
63.6003
70.7107
74.4043
77.3692
79.0569
13.0384
24.0416
35.7771
46.0435
55.1543
63.6003
68.884
73.6817
77.1038
11.6619
24.2074
35.3553
46.0435
55.9017
62.9365
69.7209
75
12.7279
24.2074
35.7771
46.4866
54.7449
63
69.7209
11.6619
24.0416
35.5106
45
54.7449
62.9365
13.0384
25
35.5106
46.4866
55.9017
12.0416
23.0868
34.8855
45.2217
11.6619
24.2074
35.3553
12.7279
24.2074
11.6619
