20
15.2971
30.6757
46.5296
60
72.1249
82.4197
90.7855
97.4166
101.119
102
101.272
97.719
91.2414
83.006
72.1249
60.803
47.4131
31.6228
16.2788
15.6525
32.2025
46.669
60
72.0069
82.2192
91.0824
97
100.13
101.833
100.623
96.6075
90.5097
81.6088
72.0069
60.0833
45.5412
31
16.9706
32.2025
46.5296
60.0833
72.0069
83
91.0824
96.4624
100.623
101.833
100.409
96.6075
89.8944
82.2192
72.0069
59
45.5412
15.6525
30.6757
45.5412
59
72.0069
82.2192
89.8944
96.6075
100.409
101.833
100.623
96.4624
91.0824
83
72.0069
60.0833
15.2971
31
45.5412
60.0833
72.0069
81.6088
90.5097
96.6075
100.623
101.833
100.13
97
91.0824
82.2192
72.0069
16.2788
31.6228
47.4131
60.803
72.1249
83.006
91.2414
97.719
101.272
102
101.119
97.4166
90.7855
82.4197
15.6525
32.2025
46.669
59.4054
72.0069
82.2192
91.0824
97
100.285
101.833
100.623
96.6075
90.5097
16.9706
32.2025
46.0652
60.0833
72.0069
83
91.0824
96.7678
100.623
101.833
100.409
96.6075
15.6525
30.3645
45.5412
59
72.0069
82.2192
90.3549
96.6075
100.409
101.833
100.623
15.1327
31
45.5412
60.0833
72.0069
82.201
90.5097
96.6075
100.623
101.833
16.1245
31.3209
46.9574
60.2163
72.1249
82.201
90.3549
96.7678
100.285
15.6525
32.2025
46.669
60.2163
72.0069
82.2192
91.0824
97
16.9706
32.2025
46.9574
60.0833
72.0069
83
91.0824
15.6525
31.3209
45.5412
59
72.0069
82.2192
16.1245
31
45.5412
60.0833
72.0069
15.1327
30.3645
46.0652
59.4054
15.6525
32.2025
46.669
16.9706
32.2025
15.6525
