20
52.7731
104.355
152.958
198.215
239.002
273.649
301.425
321.616
334.072
338
334.229
321.925
301.877
274.235
239.71
199.023
153.847
105.304
53.7587
52.7731
103.812
152.735
198.215
238.816
273.233
300.696
321
333.084
337.737
333.636
321.436
301.227
273.426
238.816
198.6
153.883
105
52.3259
103.812
152.958
198.6
238.883
273
300.696
320.665
333.636
337.831
333.754
321.436
300.987
273.233
238.883
199
153.883
52.7731
104.355
153.883
199
238.883
273.233
300.533
321.436
333.754
337.831
333.636
320.975
300.696
273
238.883
198.6
52.7731
105
153.883
198.6
238.816
272.839
301.227
321.436
333.636
337.737
333.242
321
300.696
273.233
238.816
53.7587
105.304
153.847
199.023
239.002
274.235
301.877
321.925
334.229
338.001
334.072
321.616
301.425
273.649
52.7731
103.812
152.735
197.626
238.816
273.233
300.696
321
333.084
337.737
333.636
321.436
301.227
52.3259
103.812
152.502
198.6
238.883
273
300.696
320.665
333.636
337.831
333.754
321.436
52.7731
104.043
153.883
199
238.883
273.233
300.533
321.436
333.754
337.831
333.636
52.6118
105
153.883
198.6
238.816
272.839
301.227
321.436
333.636
337.737
53.6004
104.995
153.395
198.436
238.296
273.426
300.987
320.975
333.242
52.7731
103.812
152.735
197.626
238.816
273.233
300.696
321
52.3259
103.812
152.502
198.6
238.883
273
300.696
52.7731
104.043
153.883
199
238.883
273.233
52.6118
105
153.883
198.6
238.816
53.6004
104.995
153.395
198.436
52.7731
103.812
152.735
52.3259
103.812
52.7731
