20
77.1038
152.738
223.618
289.822
349.311
399.665
440.511
469.93
487.955
494
488.112
470.239
440.964
400.251
350.019
290.63
224.508
153.688
78.0897
77.3692
151.822
223.446
289.822
348.834
399.411
439.451
469
486.967
493.325
487.483
469.655
439.82
399.442
348.834
289.995
224.742
153
76.3675
151.822
223.618
289.995
349.201
399
439.451
468.979
487.483
493.844
487.904
469.655
440.073
399.411
349.201
291
224.742
77.3692
152.738
224.742
291
349.201
399.411
439.619
469.655
487.904
493.844
487.483
469.289
439.451
399
349.201
289.995
77.1038
153
224.742
289.995
348.834
398.855
439.82
469.655
487.483
493.325
487.124
469
439.451
399.411
348.834
78.0897
153.688
224.508
290.63
349.311
400.251
440.964
470.239
488.112
494.001
487.955
469.93
440.511
399.665
77.3692
151.822
223.446
289.233
348.834
399.411
439.451
469
486.967
493.325
487.483
469.655
439.82
76.3675
151.822
223.164
289.995
349.201
399
439.451
468.979
487.483
493.844
487.904
469.655
77.3692
152.427
224.742
291
349.201
399.411
439.619
469.655
487.904
493.844
487.483
76.9415
153
224.742
289.995
348.834
398.855
439.82
469.655
487.483
493.325
77.9295
153.379
224.056
290.043
348.604
399.442
440.073
469.289
487.124
77.3692
151.822
223.446
289.233
348.834
399.411
439.451
469
76.3675
151.822
223.164
289.995
349.201
399
439.451
77.3692
152.427
224.742
291
349.201
399.411
76.9415
153
224.742
289.995
348.834
77.9295
153.379
224.056
290.043
77.3692
151.822
223.446
76.3675
151.822
77.3692
