20
31.4006
62.2977
91.2414
118.811
142.836
164.027
180.228
192.276
200.412
202
200.569
192.585
180.679
164.615
142.836
119.62
92.1303
63.2456
32.3883
31.7648
62.2013
91.9239
118.811
143.558
163.817
180.189
193
199.424
203.022
199.912
192.627
181.019
163.218
143.558
118.903
92.228
63
31.1127
62.2013
91.2414
118.903
142.706
163
180.189
191.324
199.912
201.817
199.404
192.627
179.335
163.817
142.706
119
92.228
31.7648
62.2977
92.228
119
142.706
163.817
179.335
192.627
199.404
201.817
199.912
191.324
180.189
163
142.706
118.903
31.4006
63
92.228
118.903
143.558
163.218
181.019
192.627
199.912
203.022
199.424
193
180.189
163.817
143.558
32.3883
63.2456
92.1303
119.62
142.836
164.615
180.679
192.585
200.569
202
200.412
192.276
180.228
164.027
31.7648
62.2013
91.9239
118.224
143.558
163.817
180.189
193
199.582
203.022
199.912
192.627
181.019
31.1127
62.2013
90.7855
118.903
142.706
163
180.189
191.635
199.912
201.817
199.404
192.627
31.7648
61.9839
92.228
119
142.706
163.817
179.789
192.627
199.404
201.817
199.912
31.257
63
92.228
118.903
143.558
163.808
181.019
192.627
199.912
203.022
32.249
62.9365
91.6788
119.038
142.836
163.808
179.789
191.635
199.582
31.7648
62.2013
91.9239
119.038
143.558
163.817
180.189
193
31.1127
62.2013
91.6788
118.903
142.706
163
180.189
31.7648
62.9365
92.228
119
142.706
163.817
32.249
63
92.228
118.903
143.558
31.257
61.9839
90.7855
118.224
31.7648
62.2013
91.9239
31.1127
62.2013
31.7648
