60
1
1.41421
2.23607
2.23607
3.16228
4.47214
4.47214
5.83095
5.83095
7.2111
7.81025
7.81025
8.48528
9.21954
9.89949
10
10.8167
11.6619
11.6619
12.53
13
13
13.6015
13.6015
14.3178
14.1421
14.1421
14.0357
14
14
14.0357
14.1421
14.3178
14.3178
14.5602
13.9284
13.9284
13.4164
13.4164
13.0384
12.2066
12.2066
11.4018
10.6301
9.89949
9.89949
9.21954
8.60233
8.60233
8.06226
6.7082
6.7082
5.38516
5.38516
4.12311
3.16228
3.16228
2.23607
1.41421
1
2
2
3
4.12311
4.12311
5.38516
5.38516
6.7082
7.2111
7.2111
7.81025
8.48528
9.21954
9.21954
10
10.8167
10.8167
11.6619
12.083
12.083
12.6491
12.6491
13.3417
13.1529
13.1529
13.0384
13
13
13.0384
13.1529
13.3417
13.3417
13.6015
13
13
12.53
12.53
12.2066
11.4018
11.4018
10.6301
9.89949
9.21954
9.21954
8.60233
8.06226
8.06226
7.61577
6.32456
6.32456
5.09902
5.09902
4
3
3
2
1
1
1
2
3.16228
3.16228
4.47214
4.47214
5.83095
6.40312
6.40312
7.07107
7.81025
8.48528
8.60233
9.43398
10.2956
10.2956
11.1803
11.7047
11.7047
12.3693
12.3693
13.1529
13.0384
13.0384
13
13.0384
13.0384
13.1529
13.3417
13.6015
13.6015
13.9284
13.4164
13.4164
13.0384
13.0384
12.8062
12.0416
12.0416
11.3137
10.6301
10
10
9.43398
8.94427
8.94427
8.544
7.28011
7.28011
6.08276
6.08276
5
4
4
3
2
0
1
2.23607
2.23607
3.60555
3.60555
5
5.65685
5.65685
6.40312
7.2111
7.81025
8.06226
8.94427
9.84886
9.84886
10.7703
11.4018
11.4018
12.1655
12.1655
13.0384
13
13
13.0384
13.1529
13.1529
13.3417
13.6015
13.9284
13.9284
14.3178
13.8924
13.8924
13.6015
13.6015
13.4536
12.7279
12.7279
12.0416
11.4018
10.8167
10.8167
10.2956
9.84886
9.84886
9.48683
8.24621
8.24621
7.07107
7.07107
6
5
5
4
3
1
2.23607
2.23607
3.60555
3.60555
5
5.65685
5.65685
6.40312
7.2111
7.81025
8.06226
8.94427
9.84886
9.84886
10.7703
11.4018
11.4018
12.1655
12.1655
13.0384
13
13
13.0384
13.1529
13.1529
13.3417
13.6015
13.9284
13.9284
14.3178
13.8924
13.8924
13.6015
13.6015
13.4536
12.7279
12.7279
12.0416
11.4018
10.8167
10.8167
10.2956
9.84886
9.84886
9.48683
8.24621
8.24621
7.07107
7.07107
6
5
5
4
3
1.41421
1.41421
2.82843
2.82843
4.24264
5
5
5.83095
6.7082
7.2111
7.61577
8.544
9.48683
9.48683
10.4403
11.1803
11.1803
12.0416
12.0416
13
13.0384
13.0384
13.1529
13.3417
13.3417
13.6015
13.9284
14.3178
14.3178
14.7648
14.4222
14.4222
14.2127
14.2127
14.1421
13.4536
13.4536
12.8062
12.2066
11.6619
11.6619
11.1803
10.7703
10.7703
10.4403
9.21954
9.21954
8.06226
8.06226
7
6
6
5
4
0
1.41421
1.41421
2.82843
3.60555
3.60555
4.47214
5.38516
5.83095
6.32456
7.28011
8.24621
8.24621
9.21954
10.0499
10.0499
11
11
12.0416
12.1655
12.1655
12.3693
12.6491
12.6491
13
13.4164
13.8924
13.8924
14.4222
14.2127
14.2127
14.1421
14.1421
14.2127
13.6015
13.6015
13.0384
12.53
12.083
12.083
11.7047
11.4018
11.4018
11.1803
10.0499
10.0499
9
9
8.06226
7.07107
7.07107
6.08276
5.09902
1.41421
1.41421
2.82843
3.60555
3.60555
4.47214
5.38516
5.83095
6.32456
7.28011
8.24621
8.24621
9.21954
10.0499
10.0499
11
11
12.0416
12.1655
12.1655
12.3693
12.6491
12.6491
13
13.4164
13.8924
13.8924
14.4222
14.2127
14.2127
14.1421
14.1421
14.2127
13.6015
13.6015
13.0384
12.53
12.083
12.083
11.7047
11.4018
11.4018
11.1803
10.0499
10.0499
9
9
8.06226
7.07107
7.07107
6.08276
5.09902
0
1.41421
2.23607
2.23607
3.16228
4.12311
4.47214
5.09902
6.08276
7.07107
7.07107
8.06226
9
9
10.0499
10.0499
11.1803
11.4018
11.4018
11.7047
12.083
12.083
12.53
13.0384
13.6015
13.6015
14.2127
14.1421
14.1421
14.2127
14.2127
14.4222
13.8924
13.8924
13.4164
13
12.6491
12.6491
12.3693
12.1655
12.1655
12.0416
11
11
10.0499
10.0499
9.21954
8.24621
8.24621
7.28011
6.32456
1.41421
2.23607
2.23607
3.16228
4.12311
4.47214
5.09902
6.08276
7.07107
7.07107
8.06226
9
9
10.0499
10.0499
11.1803
11.4018
11.4018
11.7047
12.083
12.083
12.53
13.0384
13.6015
13.6015
14.2127
14.1421
14.1421
14.2127
14.2127
14.4222
13.8924
13.8924
13.4164
13
12.6491
12.6491
12.3693
12.1655
12.1655
12.0416
11
11
10.0499
10.0499
9.21954
8.24621
8.24621
7.28011
6.32456
1
1
2
3
3.16228
4
5
6
6
7
8.06226
8.06226
9.21954
9.21954
10.4403
10.7703
10.7703
11.1803
11.6619
11.6619
12.2066
12.8062
13.4536
13.4536
14.1421
14.2127
14.2127
14.4222
14.4222
14.7648
14.3178
14.3178
13.9284
13.6015
13.3417
13.3417
13.1529
13.0384
13.0384
13
12.0416
12.0416
11.1803
11.1803
10.4403
9.48683
9.48683
8.544
7.61577
0
1
2
2.23607
3
4
5
5
6
7.07107
7.07107
8.24621
8.24621
9.48683
9.84886
9.84886
10.2956
10.8167
10.8167
11.4018
12.0416
12.7279
12.7279
13.4536
13.6015
13.6015
13.8924
13.8924
14.3178
13.9284
13.9284
13.6015
13.3417
13.1529
13.1529
13.0384
13
13
13.0384
12.1655
12.1655
11.4018
11.4018
10.7703
9.84886
9.84886
8.94427
8.06226
1
2
2.23607
3
4
5
5
6
7.07107
7.07107
8.24621
8.24621
9.48683
9.84886
9.84886
10.2956
10.8167
10.8167
11.4018
12.0416
12.7279
12.7279
13.4536
13.6015
13.6015
13.8924
13.8924
14.3178
13.9284
13.9284
13.6015
13.3417
13.1529
13.1529
13.0384
13
13
13.0384
12.1655
12.1655
11.4018
11.4018
10.7703
9.84886
9.84886
8.94427
8.06226
1
1.41421
2
3
4
4
5
6.08276
6.08276
7.28011
7.28011
8.544
8.94427
8.94427
9.43398
10
10
10.6301
11.3137
12.0416
12.0416
12.8062
13.0384
13.0384
13.4164
13.4164
13.9284
13.6015
13.6015
13.3417
13.1529
13.0384
13.0384
13
13.0384
13.0384
13.1529
12.3693
12.3693
11.7047
11.7047
11.1803
10.2956
10.2956
9.43398
8.60233
1
1
2
3
3
4
5.09902
5.09902
6.32456
6.32456
7.61577
8.06226
8.06226
8.60233
9.21954
9.21954
9.89949
10.6301
11.4018
11.4018
12.2066
12.53
12.53
13
13
13.6015
13.3417
13.3417
13.1529
13.0384
13
13
13.0384
13.1529
13.1529
13.3417
12.6491
12.6491
12.083
12.083
11.6619
10.8167
10.8167
10
9.21954
1.41421
2.23607
3.16228
3.16228
4.12311
5.38516
5.38516
6.7082
6.7082
8.06226
8.60233
8.60233
9.21954
9.89949
9.89949
10.6301
11.4018
12.2066
12.2066
13.0384
13.4164
13.4164
13.9284
13.9284
14.5602
14.3178
14.3178
14.1421
14.0357
14
14
14.0357
14.1421
14.1421
14.3178
13.6015
13.6015
13
13
12.53
11.6619
11.6619
10.8167
10
1
2
2
3
4.12311
4.12311
5.38516
5.38516
6.7082
7.2111
7.2111
7.81025
8.48528
8.48528
9.21954
10
10.8167
10.8167
11.6619
12.083
12.083
12.6491
12.6491
13.3417
13.1529
13.1529
13.0384
13
13.0384
13.0384
13.1529
13.3417
13.3417
13.6015
13
13
12.53
12.53
12.2066
11.4018
11.4018
10.6301
9.89949
1
1
2
3.16228
3.16228
4.47214
4.47214
5.83095
6.40312
6.40312
7.07107
7.81025
7.81025
8.60233
9.43398
10.2956
10.2956
11.1803
11.7047
11.7047
12.3693
12.3693
13.1529
13.0384
13.0384
13
13.0384
13.1529
13.1529
13.3417
13.6015
13.6015
13.9284
13.4164
13.4164
13.0384
13.0384
12.8062
12.0416
12.0416
11.3137
10.6301
0
1
2.23607
2.23607
3.60555
3.60555
5
5.65685
5.65685
6.40312
7.2111
7.2111
8.06226
8.94427
9.84886
9.84886
10.7703
11.4018
11.4018
12.1655
12.1655
13.0384
13
13
13.0384
13.1529
13.3417
13.3417
13.6015
13.9284
13.9284
14.3178
13.8924
13.8924
13.6015
13.6015
13.4536
12.7279
12.7279
12.0416
11.4018
1
2.23607
2.23607
3.60555
3.60555
5
5.65685
5.65685
6.40312
7.2111
7.2111
8.06226
8.94427
9.84886
9.84886
10.7703
11.4018
11.4018
12.1655
12.1655
13.0384
13
13
13.0384
13.1529
13.3417
13.3417
13.6015
13.9284
13.9284
14.3178
13.8924
13.8924
13.6015
13.6015
13.4536
12.7279
12.7279
12.0416
11.4018
1.41421
1.41421
2.82843
2.82843
4.24264
5
5
5.83095
6.7082
6.7082
7.61577
8.544
9.48683
9.48683
10.4403
11.1803
11.1803
12.0416
12.0416
13
13.0384
13.0384
13.1529
13.3417
13.6015
13.6015
13.9284
14.3178
14.3178
14.7648
14.4222
14.4222
14.2127
14.2127
14.1421
13.4536
13.4536
12.8062
12.2066
0
1.41421
1.41421
2.82843
3.60555
3.60555
4.47214
5.38516
5.38516
6.32456
7.28011
8.24621
8.24621
9.21954
10.0499
10.0499
11
11
12.0416
12.1655
12.1655
12.3693
12.6491
13
13
13.4164
13.8924
13.8924
14.4222
14.2127
14.2127
14.1421
14.1421
14.2127
13.6015
13.6015
13.0384
12.53
1.41421
1.41421
2.82843
3.60555
3.60555
4.47214
5.38516
5.38516
6.32456
7.28011
8.24621
8.24621
9.21954
10.0499
10.0499
11
11
12.0416
12.1655
12.1655
12.3693
12.6491
13
13
13.4164
13.8924
13.8924
14.4222
14.2127
14.2127
14.1421
14.1421
14.2127
13.6015
13.6015
13.0384
12.53
0
1.41421
2.23607
2.23607
3.16228
4.12311
4.12311
5.09902
6.08276
7.07107
7.07107
8.06226
9
9
10.0499
10.0499
11.1803
11.4018
11.4018
11.7047
12.083
12.53
12.53
13.0384
13.6015
13.6015
14.2127
14.1421
14.1421
14.2127
14.2127
14.4222
13.8924
13.8924
13.4164
13
1.41421
2.23607
2.23607
3.16228
4.12311
4.12311
5.09902
6.08276
7.07107
7.07107
8.06226
9
9
10.0499
10.0499
11.1803
11.4018
11.4018
11.7047
12.083
12.53
12.53
13.0384
13.6015
13.6015
14.2127
14.1421
14.1421
14.2127
14.2127
14.4222
13.8924
13.8924
13.4164
13
1
1
2
3
3
4
5
6
6
7
8.06226
8.06226
9.21954
9.21954
10.4403
10.7703
10.7703
11.1803
11.6619
12.2066
12.2066
12.8062
13.4536
13.4536
14.1421
14.2127
14.2127
14.4222
14.4222
14.7648
14.3178
14.3178
13.9284
13.6015
0
1
2
2
3
4
5
5
6
7.07107
7.07107
8.24621
8.24621
9.48683
9.84886
9.84886
10.2956
10.8167
11.4018
11.4018
12.0416
12.7279
12.7279
13.4536
13.6015
13.6015
13.8924
13.8924
14.3178
13.9284
13.9284
13.6015
13.3417
1
2
2
3
4
5
5
6
7.07107
7.07107
8.24621
8.24621
9.48683
9.84886
9.84886
10.2956
10.8167
11.4018
11.4018
12.0416
12.7279
12.7279
13.4536
13.6015
13.6015
13.8924
13.8924
14.3178
13.9284
13.9284
13.6015
13.3417
1
1
2
3
4
4
5
6.08276
6.08276
7.28011
7.28011
8.544
8.94427
8.94427
9.43398
10
10.6301
10.6301
11.3137
12.0416
12.0416
12.8062
13.0384
13.0384
13.4164
13.4164
13.9284
13.6015
13.6015
13.3417
13.1529
0
1
2
3
3
4
5.09902
5.09902
6.32456
6.32456
7.61577
8.06226
8.06226
8.60233
9.21954
9.89949
9.89949
10.6301
11.4018
11.4018
12.2066
12.53
12.53
13
13
13.6015
13.3417
13.3417
13.1529
13.0384
1
2
3
3
4
5.09902
5.09902
6.32456
6.32456
7.61577
8.06226
8.06226
8.60233
9.21954
9.89949
9.89949
10.6301
11.4018
11.4018
12.2066
12.53
12.53
13
13
13.6015
13.3417
13.3417
13.1529
13.0384
1
2
2
3
4.12311
4.12311
5.38516
5.38516
6.7082
7.2111
7.2111
7.81025
8.48528
9.21954
9.21954
10
10.8167
10.8167
11.6619
12.083
12.083
12.6491
12.6491
13.3417
13.1529
13.1529
13.0384
13
1
1
2
3.16228
3.16228
4.47214
4.47214
5.83095
6.40312
6.40312
7.07107
7.81025
8.60233
8.60233
9.43398
10.2956
10.2956
11.1803
11.7047
11.7047
12.3693
12.3693
13.1529
13.0384
13.0384
13
13.0384
0
1
2.23607
2.23607
3.60555
3.60555
5
5.65685
5.65685
6.40312
7.2111
8.06226
8.06226
8.94427
9.84886
9.84886
10.7703
11.4018
11.4018
12.1655
12.1655
13.0384
13
13
13.0384
13.1529
1
2.23607
2.23607
3.60555
3.60555
5
5.65685
5.65685
6.40312
7.2111
8.06226
8.06226
8.94427
9.84886
9.84886
10.7703
11.4018
11.4018
12.1655
12.1655
13.0384
13
13
13.0384
13.1529
1.41421
1.41421
2.82843
2.82843
4.24264
5
5
5.83095
6.7082
7.61577
7.61577
8.544
9.48683
9.48683
10.4403
11.1803
11.1803
12.0416
12.0416
13
13.0384
13.0384
13.1529
13.3417
0
1.41421
1.41421
2.82843
3.60555
3.60555
4.47214
5.38516
6.32456
6.32456
7.28011
8.24621
8.24621
9.21954
10.0499
10.0499
11
11
12.0416
12.1655
12.1655
12.3693
12.6491
1.41421
1.41421
2.82843
3.60555
3.60555
4.47214
5.38516
6.32456
6.32456
7.28011
8.24621
8.24621
9.21954
10.0499
10.0499
11
11
12.0416
12.1655
12.1655
12.3693
12.6491
0
1.41421
2.23607
2.23607
3.16228
4.12311
5.09902
5.09902
6.08276
7.07107
7.07107
8.06226
9
9
10.0499
10.0499
11.1803
11.4018
11.4018
11.7047
12.083
1.41421
2.23607
2.23607
3.16228
4.12311
5.09902
5.09902
6.08276
7.07107
7.07107
8.06226
9
9
10.0499
10.0499
11.1803
11.4018
11.4018
11.7047
12.083
1
1
2
3
4
4
5
6
6
7
8.06226
8.06226
9.21954
9.21954
10.4403
10.7703
10.7703
11.1803
11.6619
0
1
2
3
3
4
5
5
6
7.07107
7.07107
8.24621
8.24621
9.48683
9.84886
9.84886
10.2956
10.8167
1
2
3
3
4
5
5
6
7.07107
7.07107
8.24621
8.24621
9.48683
9.84886
9.84886
10.2956
10.8167
1
2
2
3
4
4
5
6.08276
6.08276
7.28011
7.28011
8.544
8.94427
8.94427
9.43398
10
1
1
2
3
3
4
5.09902
5.09902
6.32456
6.32456
7.61577
8.06226
8.06226
8.60233
9.21954
0
1
2
2
3
4.12311
4.12311
5.38516
5.38516
6.7082
7.2111
7.2111
7.81025
8.48528
1
2
2
3
4.12311
4.12311
5.38516
5.38516
6.7082
7.2111
7.2111
7.81025
8.48528
1
1
2
3.16228
3.16228
4.47214
4.47214
5.83095
6.40312
6.40312
7.07107
7.81025
0
1
2.23607
2.23607
3.60555
3.60555
5
5.65685
5.65685
6.40312
7.2111
1
2.23607
2.23607
3.60555
3.60555
5
5.65685
5.65685
6.40312
7.2111
1.41421
1.41421
2.82843
2.82843
4.24264
5
5
5.83095
6.7082
0
1.41421
1.41421
2.82843
3.60555
3.60555
4.47214
5.38516
1.41421
1.41421
2.82843
3.60555
3.60555
4.47214
5.38516
0
1.41421
2.23607
2.23607
3.16228
4.12311
1.41421
2.23607
2.23607
3.16228
4.12311
1
1
2
3
0
1
2
1
2
1
