60
25.0799
49.366
74.9667
99.2472
124.455
148.314
171.593
195.151
217.8
239.268
261.553
282.028
302.055
320.732
339.411
356.931
372.634
388.856
402.747
415.27
428.439
438.731
448.51
457.281
463.793
470.116
474.802
477.521
479.652
480.001
479.705
477.624
474.959
470.323
464.053
457.59
448.867
439.138
428.893
415.769
403.291
389.443
373.263
357.599
340.119
321.475
302.83
282.837
262.391
240.635
218.692
196.064
172.525
149.265
125.419
100.225
75.9539
50.3587
26.0768
24.3311
50.01
74.4648
99.93
124.064
147.733
171.735
194.859
216.906
239.827
260.969
281.784
301.227
320.732
339.212
355.844
373.066
387.985
401.607
415.886
427.329
438.308
448.269
456.005
463.625
469.564
473.608
477
478.707
479.719
478.909
477.587
474.229
469.289
464.088
456.602
448.126
439.09
427.145
415.838
403.094
388
373.352
356.856
339.212
321.436
302.344
282.676
261.63
240.435
218.403
195.438
172.699
149.255
124.459
100.499
75.1066
51
25.7099
50.2892
75.9605
100.319
124.326
148.718
172.261
194.833
218.332
240.085
261.63
281.784
302.055
321.436
338.941
357.102
372.993
387.66
402.99
415.531
427.656
438.754
447.666
456.53
463.674
469
473.608
476.63
478.909
479.335
479.317
477.205
473.565
469.598
463.324
456.08
448.232
437.453
427.3
415.65
401.637
388
372.486
355.844
338.941
320.755
301.877
281.556
261.123
239.708
217.338
195.144
172.131
147.763
124.145
99
75.1066
24.6982
50.5668
75.1332
99.4786
124.258
148.219
171.327
195.412
217.789
240.085
260.969
282.028
302.344
320.755
339.89
356.793
372.549
388.973
402.662
415.987
428.273
438.42
448.59
457
463.674
469.564
473.972
477.587
479.317
480.677
479.883
477.62
474.958
469.972
464.037
457.451
447.915
438.99
428.507
415.65
403.094
388.635
373.066
357.102
339.89
321.865
302.333
282.719
261.979
240.26
218.66
196.128
172.235
149
124.145
100.499
25.9422
50.6063
75.1665
100.21
124.471
147.99
172.534
195.412
218.332
239.827
261.553
282.676
301.877
321.865
339.666
356.4
373.805
388.537
402.955
416.332
427.619
439
448.59
456.53
463.625
469.345
474.229
477.205
479.883
480.36
479.43
478.035
474.308
469.655
464.311
456.011
448.306
438.99
427.3
415.838
402.454
387.985
372.993
356.793
339.666
320.975
302.238
282.236
261.237
240.304
218.33
195
172.235
147.763
124.459
24.6982
49.4065
74.6525
99.1564
123.037
147.99
171.327
194.833
216.906
239.268
261.176
281.149
301.974
320.665
338.376
356.759
372.543
388.067
402.548
415
427.619
438.42
447.666
456.005
463.087
469.289
473.565
477.62
479.43
479.902
479.842
477.448
474.157
470.134
463.155
456.755
448.693
438.262
427.984
415.769
402.498
388.573
373.484
357.351
339.6
321.84
302.671
282.492
262.322
241
218.33
196.128
172.131
149.255
24.8395
50.2494
74.9533
99.1564
124.471
148.219
172.261
194.859
217.8
240.435
261.123
282.719
302.238
320.861
340.154
356.923
373.484
389
402.548
416.332
428.273
438.754
448.269
456.64
464.088
469.598
474.958
478.035
479.842
481.051
479.93
477.938
475.176
469.465
464.311
457.451
448.232
439.09
428.002
415.886
402.99
388.973
373.805
356.968
340.154
321.801
302.424
283
262.322
240.304
218.66
195.144
172.699
25.4558
50.2494
74.6525
100.21
124.258
148.718
171.735
195.151
218.403
239.708
261.979
282.236
301.684
321.801
339.478
357
373.484
388.067
402.955
415.987
427.656
438.308
447.934
456.602
463.324
469.972
474.308
477.448
479.93
480.094
479.418
477.938
473.527
469.655
464.037
456.08
448.126
438.225
427.329
415.531
402.662
388.537
372.7
356.923
339.478
321
302.424
282.492
261.237
240.26
217.338
195.438
24.8395
49.4065
75.1665
99.4786
124.326
147.733
171.593
195.438
217.338
240.26
261.237
281.498
302.424
321
339.478
356.923
372.543
388.537
402.662
415.531
427.329
438.225
448.126
456.08
464.037
469.655
474.157
477.938
479.418
480.094
479.93
476.861
474.308
469.972
463.324
456.602
447.934
438.308
427.656
415.987
402.955
388.171
373.484
357
339.478
321.801
302.671
282.236
261.979
239.708
218.403
24.6982
50.6063
75.1332
100.319
124.064
148.314
172.699
195.144
218.66
240.304
261.324
283
302.424
321.801
340.154
356.759
373.805
388.973
402.99
415.886
428.002
439.09
448.232
457.451
464.311
470.134
475.176
477.938
479.93
481.051
479.296
478.035
474.958
469.598
464.088
456.64
448.269
438.754
428.273
416.332
402.602
389
373.484
356.923
340.154
321.84
302.238
282.719
261.123
240.435
25.9422
50.5668
75.9605
99.93
124.455
149.255
172.131
196.128
218.33
240
262.322
282.492
302.671
321.84
339.342
357.351
373.484
388.573
402.498
415.769
427.984
438.262
448.693
456.755
463.862
470.134
474.157
477.448
479.842
479.401
479.43
477.62
473.565
469.289
463.087
456.005
447.666
438.42
427.619
415.001
402.548
388.067
372.543
356.759
339.342
320.665
301.974
281.149
261.176
24.6982
50.2892
74.4648
99.2472
124.459
147.763
172.235
195
217.332
240.304
261.237
282.236
302.238
320.665
339.666
356.793
372.993
387.985
402.454
415.838
427.3
438.99
448.306
456.755
464.311
469.655
474.308
478.035
478.976
480.36
479.883
477.205
474.229
469.345
463.625
456.53
448.59
439
427.566
416.332
402.955
388.537
373.805
357.351
339.666
321.865
301.877
282.676
25.7099
50.01
74.9667
100.499
124.145
149
172.235
195.133
218.66
240.26
261.979
282.719
301.974
321.865
339.89
357.102
373.066
388.635
403.094
415.65
428.507
438.99
448.693
457.451
464.037
469.972
474.958
477.213
479.883
480.677
479.317
477.587
473.972
469.564
463.674
457
448.59
438.316
428.273
415.987
402.662
388.973
373.484
356.793
339.89
320.755
302.344
24.3311
49.366
75.1066
99
124.145
147.763
171.143
195.144
217.338
239.708
261.123
281.149
301.877
320.755
338.941
355.844
372.486
388
401.637
415.65
427.3
438.262
448.232
456.08
463.324
469.598
473.207
477.205
479.317
479.335
478.909
476.63
473.608
469
463.674
456.53
447.509
438.754
427.656
415.531
402.99
388.573
372.993
357.102
338.941
321.436
25.0799
51
75.1066
100.499
124.459
148.277
172.699
195.438
218.403
240.435
261.176
282.676
302.344
321.436
339.212
356.856
373.352
388
403.094
415.838
427.984
439.09
448.126
456.602
464.088
468.979
474.229
477.587
478.909
479.719
478.707
477
473.608
469.564
463.625
455.798
448.269
438.308
427.329
415.886
402.498
387.985
373.066
355.844
339.212
26.0768
50.3587
75.9539
100.225
124.455
149.265
172.525
196.064
218.692
240.133
262.391
282.837
302.83
321.475
340.119
357.599
373.263
389.443
403.291
416.635
428.893
439.138
448.867
457.59
463.793
470.323
474.959
477.624
479.705
480.001
479.652
477.521
474.802
470.116
463.535
457.281
448.51
438.731
428.439
416.137
402.747
388.856
372.634
356.931
24.3311
50.01
74.4648
98.9798
124.064
147.733
171.735
194.859
216.906
239.827
260.969
281.784
301.227
320.807
339.212
355.844
373.066
387.985
402.498
415.886
427.329
438.308
448.269
455.798
463.625
469.564
473.608
477
478.653
479.719
478.909
477.587
474.229
468.979
464.088
456.602
448.126
439.09
427.984
415.838
403.094
388
373.352
25.7099
50.2892
75.0267
100.319
124.326
148.718
172.261
194.833
218.332
240.085
261.63
281.784
302.2
321.436
338.941
357.102
372.993
388.573
402.99
415.531
427.656
438.754
447.509
456.53
463.674
469
473.608
476.526
478.909
479.335
479.317
477.205
473.207
469.598
463.324
456.08
448.232
438.262
427.3
415.65
401.637
388
24.6982
49.6588
75.1332
99.4786
124.258
148.219
171.327
195.412
217.789
240.085
260.969
282.252
302.344
320.755
339.89
356.793
373.484
388.973
402.662
415.987
428.273
438.316
448.59
457
463.674
469.564
473.814
477.587
479.317
480.677
479.883
477.213
474.958
469.972
464.037
457.451
448.693
438.99
428.507
415.65
403.094
25.0599
50.6063
75.1665
100.21
124.471
147.99
172.534
195.412
218.332
239.827
261.847
282.676
301.877
321.865
339.666
357.351
373.805
388.537
402.955
416.332
427.566
439
448.59
456.53
463.625
469.138
474.229
477.205
479.883
480.36
478.976
478.035
474.308
469.655
464.311
456.755
448.306
438.99
427.3
415.838
25.5539
50.2195
75.4321
99.905
123.746
148.661
171.959
195.42
217.451
240.133
261.63
281.556
302.333
320.975
339.6
356.968
372.7
388.171
402.602
415
427.566
438.316
447.509
455.798
462.569
468.979
473.207
477.213
478.976
478.901
479.296
476.861
473.527
469.465
463.155
456.011
447.915
437.453
427.145
24.8395
50.2494
74.9533
99.1564
124.471
148.219
172.261
194.859
218.241
240.435
261.123
282.719
302.238
321.84
340.154
356.923
373.484
389
402.602
416.332
428.273
438.754
448.269
456.33
464.088
469.598
474.958
478.035
479.296
481.051
479.93
477.938
475.176
470.134
464.311
457.451
448.232
439.09
25.4558
50.2494
74.6525
100.21
124.258
148.718
171.735
195.658
218.403
239.708
261.979
282.236
302.671
321.801
339.478
357
373.484
388.171
402.955
415.987
427.656
438.308
447.576
456.602
463.324
469.972
474.308
476.861
479.93
480.094
479.418
477.938
474.157
469.655
464.037
456.08
448.126
24.8395
49.4065
75.1665
99.4786
124.326
147.733
172.169
195.438
217.338
240.26
261.237
282.492
302.424
321
339.478
356.923
372.7
388.537
402.662
415.531
427.329
437.817
448.126
456.08
464.037
469.655
473.527
477.938
479.418
480.094
479.93
477.448
474.308
469.972
463.324
456.602
24.6982
50.6063
75.1332
100.319
124.064
148.96
172.699
195.144
218.66
240.304
262.322
283
302.424
321.801
340.154
356.968
373.805
388.973
402.99
415.886
427.548
439.09
448.232
457.451
464.311
469.465
475.176
477.938
479.93
481.051
479.842
478.035
474.958
469.598
464.088
25.9422
50.5668
75.9605
99.93
125.16
149.255
172.131
196.128
218.33
241
262.322
282.492
302.671
321.84
339.6
357.351
373.484
388.573
402.498
415.27
427.984
438.262
448.693
456.755
463.155
470.134
474.157
477.448
479.842
479.902
479.43
477.62
473.565
469.289
24.6982
50.2892
74.4648
100.02
124.459
147.763
172.235
195
218.33
240.304
261.237
282.236
302.238
320.975
339.666
356.793
372.993
387.985
401.908
415.838
427.3
438.99
448.306
456.011
464.311
469.655
474.308
478.035
479.43
480.36
479.883
477.205
474.229
25.7099
50.01
75.8024
100.499
124.145
149
172.235
196.128
218.66
240.26
261.979
282.719
302.333
321.865
339.89
357.102
373.066
388.046
403.094
415.65
428.507
438.99
447.915
457.451
464.037
469.972
474.958
477.62
479.883
480.677
479.317
477.587
24.3311
50.2494
75.1066
99
124.145
147.763
172.131
195.144
217.338
239.708
261.123
281.556
301.877
320.755
338.941
355.844
371.856
388
401.637
415.65
427.3
437.453
448.232
456.08
463.324
469.598
473.565
477.205
479.317
479.335
478.909
26.0192
51
75.1066
100.499
124.459
149.255
172.699
195.438
218.403
240.435
261.63
282.676
302.344
321.436
339.212
356.187
373.352
388
403.094
415.838
427.145
439.09
448.126
456.602
464.088
469.289
474.229
477.587
478.909
479.719
25.02
49.2544
74.8131
99.0404
124.193
148.007
171.234
194.743
217.348
239.268
261.008
281.441
301.423
320.062
337.997
356.187
371.856
388.046
401.908
414.403
427.548
437.817
447.576
456.33
462.827
469.138
473.814
476.526
478.653
24.3311
50.01
74.4648
99.93
124.064
147.733
171.735
194.859
217.451
239.827
260.969
281.784
301.227
320.062
339.212
355.844
373.066
387.985
401.607
415.886
427.329
438.308
448.269
456.005
463.625
469.564
473.608
477
25.7099
50.2892
75.9605
100.319
124.326
148.718
172.261
195.42
218.332
240.085
261.63
281.784
301.423
321.436
338.941
357.102
372.993
387.66
402.99
415.531
427.656
438.754
447.666
456.53
463.674
469
473.608
24.6982
50.5668
75.1332
99.4786
124.258
148.219
171.959
195.412
217.789
240.085
260.969
281.441
302.344
320.755
339.89
356.793
372.549
388.973
402.662
415.987
428.273
438.42
448.59
457
463.674
469.564
25.9422
50.6063
75.1665
100.21
124.471
148.661
172.534
195.412
218.332
239.827
261.008
282.676
301.877
321.865
339.666
356.4
373.805
388.537
402.955
416.332
427.619
439
448.59
456.53
463.625
24.6982
49.4065
74.6525
99.1564
123.746
147.99
171.327
194.833
216.906
238.768
261.176
281.149
301.974
320.665
338.376
356.759
372.543
388.067
402.548
415
427.619
438.42
447.666
456.005
24.8395
50.2494
74.9533
99.905
124.471
148.219
172.261
194.859
217.348
240.435
261.123
282.719
302.238
320.861
340.154
356.923
373.484
389
402.548
416.332
428.273
438.754
448.269
25.4558
50.2494
75.4321
100.21
124.258
148.718
171.735
194.743
218.403
239.708
261.979
282.236
301.684
321.801
339.478
357
373.484
388.067
402.955
415.987
427.656
438.308
24.8395
50.2195
75.1665
99.4786
124.326
147.733
171.234
195.438
217.338
240.26
261.237
281.498
302.424
321
339.478
356.923
372.543
388.537
402.662
415.531
427.329
25.5539
50.6063
75.1332
100.319
124.064
148.007
172.699
195.144
218.66
240.304
261.324
283
302.424
321.801
340.154
356.759
373.805
388.973
402.99
415.886
25.0599
49.6588
75.0267
98.9798
123.227
148.277
171.143
195.133
217.332
239
261.324
281.498
301.684
320.861
338.376
356.4
372.549
387.66
401.607
24.6982
50.2892
74.4648
99.0404
124.459
147.763
172.235
195
217.332
240.304
261.237
282.236
302.238
320.665
339.666
356.793
372.993
387.985
25.7099
50.01
74.8131
100.499
124.145
149
172.235
195.133
218.66
240.26
261.979
282.719
301.974
321.865
339.89
357.102
373.066
24.3311
49.2544
75.1066
99
124.145
147.763
171.143
195.144
217.338
239.708
261.123
281.149
301.877
320.755
338.941
355.844
25.02
51
75.1066
100.499
124.459
148.277
172.699
195.438
218.403
240.435
261.176
282.676
302.344
321.436
339.212
26.0192
50.2494
75.8024
100.02
124.193
148.96
172.169
195.658
218.241
239.635
261.847
282.252
302.2
320.807
24.3311
50.01
74.4648
98.9798
124.064
147.733
171.735
194.859
216.906
239.827
260.969
281.784
301.227
25.7099
50.2892
75.0267
100.319
124.326
148.718
172.261
194.833
218.332
240.085
261.63
281.784
24.6982
49.6588
75.1332
99.4786
124.258
148.219
171.327
195.412
217.789
240.085
260.969
25.0599
50.6063
75.1665
100.21
124.471
147.99
172.534
195.412
218.332
239.827
25.5539
50.2195
75.4321
99.905
123.746
148.661
171.959
195.42
217.451
24.8395
50.2494
74.9533
99.1564
124.471
148.219
172.261
194.859
25.4558
50.2494
74.6525
100.21
124.258
148.718
171.735
24.8395
49.4065
75.1665
99.4786
124.326
147.733
24.6982
50.6063
75.1332
100.319
124.064
25.9422
50.5668
75.9605
99.93
24.6982
50.2892
74.4648
25.7099
50.01
24.3311
