60
2.23607
5.09902
8.24621
11.4018
14.5602
17.088
19.6977
22.3607
25.0599
27.7849
30.2324
32.8024
35.4683
37.4833
39.598
41.1096
43.4166
45.2217
47.1699
48.3735
50.0899
51.0784
52.2015
53.4509
54.8179
55.109
55.5788
56.2228
56.0357
56
56.0803
56.3205
55.7315
55.3173
54.8179
53.7587
52.5547
51.4782
50.5371
48.8774
47.7074
45.8039
44.0454
41.7732
39.598
38.2099
36.2353
33.6006
31.0644
28.6531
25.9422
23.2594
20.6155
18.0278
15.5242
12.3693
9.21954
6.08276
3.16228
3
6.08276
9.21954
12.3693
14.8661
17.4642
20.1246
22.8254
25.5539
28.0179
30.6105
33.3017
35.3553
37.4833
39.0512
41.4005
43.2666
45.2769
46.5296
48.3322
49.3964
50.5964
51.923
53.3667
53.7587
54.3323
55.0818
55
55.0364
55.2268
55.5788
55.109
54.8179
54.4059
53.4883
52.3927
51.4296
50.6063
49.0918
48.0104
46.2277
44.5982
42.4264
40.3609
39.0512
37.2022
34.6699
32.249
29.9666
27.313
24.6982
22.1359
19.6469
17.2627
14.1421
11.0454
8
5
3.16228
6.32456
9.48683
12.083
14.7648
17.4929
20.2485
23.0217
25.6125
28.3196
31.1127
33.3017
35.4683
37.2022
39.6611
41.6773
43.8292
45.1885
47.1699
48.3839
49.7293
51.1957
52.7731
53.3385
54.0833
55
55.0818
55.2268
55.5788
56.0892
55.7853
55.6597
55.3624
54.626
53.6656
52.8394
52.1536
50.8035
49.8197
48.1664
46.669
44.5982
42.638
41.4005
39.6611
37.2156
34.8855
32.6956
30.0832
27.5136
25
22.561
20.2237
17.1172
14.0357
11
8
3.16228
6.32456
8.94427
11.6619
14.4222
17.2047
20
22.6716
25.4558
28.3196
30.6105
32.8024
34.6699
37.2156
39.3573
41.6293
43.0813
45.2217
46.5725
48.0521
49.6488
51.3517
52.0865
53
54.0833
54.3323
54.5894
55.109
55.7853
55.6597
55.7136
55.5428
55.0091
54.2033
53.535
53.0094
51.8556
50.9902
49.4975
48.1664
46.2277
44.4072
43.2666
41.6773
39.3573
37.1618
35.1141
32.573
30.0832
27.6586
25.318
23.0868
20.025
17
14.0357
11.0454
3.16228
5.83095
8.60233
11.4018
14.2127
17.0294
19.799
22.6716
25.6125
28.0179
30.2324
32.249
34.8855
37.1618
39.5601
41.1096
43.4166
44.911
46.5296
48.2597
50.0899
51
52.0865
53.3385
53.7587
54.1295
54.8179
55.6597
55.7136
55.9464
55.9017
55.5698
54.9181
54.4059
54.037
53.0754
52.3259
50.9902
49.8197
48.0104
46.3249
45.2769
43.8292
41.6293
39.5601
37.6431
35.171
32.7567
30.4138
28.1603
26.0192
23
20.025
17.1172
14.1421
2.82843
5.65685
8.48528
11.3137
14.1421
17.0294
20
23.0217
25.5539
27.7849
29.9666
32.6956
35.1141
37.6431
39.2938
41.7732
43.4166
45.1774
47.0425
49
50.0899
51.3517
52.7731
53.3667
53.8516
54.7083
55.7136
55.9464
56.356
56.4358
56.3028
55.8032
55.4437
55.2268
54.4518
53.8145
52.6308
51.614
49.93
48.3735
47.4131
46.0977
44.0114
42.0595
40.2616
37.855
35.5106
33.2415
31.0644
29
26.0192
23.0868
20.2237
17.2627
2.82843
5.65685
8.48528
11.3137
14.2127
17.2047
20.2485
22.8254
25.0599
27.313
30.0832
32.573
35.171
36.8782
39.4588
41.1947
43.0465
45
47.0425
48.2597
49.6488
51.1957
51.923
52.4976
53.4883
54.626
55.0091
55.5698
55.7584
55.8032
55.4437
55.2268
55.1543
54.5619
54.037
53.0094
52.1536
50.6063
49.1935
48.3322
47.1699
45.2217
43.4166
41.7732
39.4588
37.2156
35.0571
33
31.0644
28.1603
25.318
22.561
19.6469
2.82843
5.65685
8.48528
11.4018
14.4222
17.4929
20.1246
22.3607
24.6982
27.5136
30.0832
32.7567
34.5254
37.2156
39.0512
41
43.0465
45.1774
46.5296
48.0521
49.7293
50.5964
51.264
52.3927
53.6656
54.2033
54.9181
55.2178
55.4437
55.2268
55.1543
55.2268
54.8179
54.4059
53.535
52.8394
51.4296
50.1597
49.3964
48.3839
46.5725
44.911
43.4166
41.1947
39.0512
37
35.0571
33.2415
30.4138
27.6586
25
22.1359
2.82843
5.65685
8.60233
11.6619
14.7648
17.4642
19.6977
22.1359
25
27.6586
30.4138
32.249
35.0571
37
39.0512
41.1947
43.4166
44.911
46.5725
48.3839
49.3964
50.1597
51.4296
52.8394
53.535
54.4059
54.8179
55.2268
55.1543
55.2268
55.4437
55.2178
54.9181
54.2033
53.6656
52.3927
51.264
50.5964
49.7293
48.0521
46.5296
45.1774
43.0465
41
39.0512
37.2156
35.5106
32.7567
30.0832
27.5136
24.6982
2.82843
5.83095
8.94427
12.083
14.8661
17.088
19.6469
22.561
25.318
28.1603
30.0666
33
35.0571
37.2156
39.4588
41.7732
43.4166
45.2217
47.1699
48.3322
49.1935
50.6063
52.1536
53.0094
54.037
54.5619
55.1543
55.2268
55.4437
55.8032
55.7584
55.5698
55.0091
54.626
53.4883
52.4976
51.923
51.1957
49.6488
48.2597
47.0425
45
43.0465
41.1947
39.4588
37.855
35.171
32.573
30.0832
27.313
3.16228
6.32456
9.48683
12.3693
14.5602
17.2627
20.2237
23.0868
26.0192
28
31.0644
33.2415
35.5106
37.855
40.2616
42.0595
44.0114
46.0977
47.4131
48.3735
49.93
51.614
52.6308
53.8145
54.4518
55.2268
55.4437
55.8032
56.3028
56.4358
56.356
55.9464
55.7136
54.7083
53.8516
53.3667
52.7731
51.3517
50.0899
49
47.0425
45.1774
43.4166
41.7732
40.2616
37.6431
35.1141
32.6956
29.9666
3.16228
6.32456
9.21954
11.4018
14.1421
17.1172
20.025
23
25.02
28.1603
30.4138
32.7567
35.171
37.6431
39.5601
41.6293
43.8292
45.2769
46.3249
48.0104
49.8197
50.9902
52.3259
53.0754
54.037
54.4059
54.9181
55.5698
55.9017
55.9464
55.7136
55.6597
54.8179
54.1295
53.7587
53.3385
52.0865
51
50.0899
48.2597
46.5296
44.911
43.4166
42.0595
39.5601
37.1618
34.8855
32.249
3.16228
6.08276
8.24621
11.0454
14.0357
17
20.025
22.0907
25.318
27.6586
30.0832
32.573
35.1141
37.1618
39.3573
41.6773
43.2666
44.4072
46.2277
48.1664
49.4975
50.9902
51.8556
53.0094
53.535
54.2033
55.0091
55.5428
55.7136
55.6597
55.7853
55.109
54.5894
54.3323
54.0833
53
52.0865
51.3517
49.6488
48.0521
46.5725
45.2217
44.0114
41.6293
39.3573
37.2156
34.6699
3
5.09902
8
11
14.0357
17.1172
19.2354
22.561
25
27.5136
30.0832
32.6956
34.8855
37.2156
39.6611
41.4005
42.638
44.5982
46.669
48.1664
49.8197
50.8035
52.1536
52.8394
53.6656
54.626
55.3624
55.6597
55.7853
56.0892
55.5788
55.2268
55.0818
55
54.0833
53.3385
52.7731
51.1957
49.7293
48.3839
47.1699
46.0977
43.8292
41.6773
39.6611
37.2022
2.23607
5
8
11.0454
14.1421
16.2788
19.6469
22.1359
24.6982
27.313
29.9666
32.249
34.6699
37.2022
39.0512
40.3609
42.4264
44.5982
46.2277
48.0104
49.0918
50.6063
51.4296
52.3927
53.4883
54.4059
54.8179
55.109
55.5788
55.2268
55.0364
55
55.0818
54.3323
53.7587
53.3667
51.923
50.5964
49.3964
48.3322
47.4131
45.2769
43.2666
41.4005
39.0512
3.16228
6.08276
9.21954
12.3693
14.5602
18.0278
20.6155
23.2594
25.9422
28.6531
31.0644
33.6006
36.2353
38.2099
39.598
41.7732
44.0454
45.8039
47.7074
48.8774
50.5371
51.4782
52.5547
53.7587
54.8179
55.3173
55.7315
56.3205
56.0803
56
56.0357
56.2228
55.5788
55.109
54.8179
53.4509
52.2015
51.0784
50.0899
49.2443
47.1699
45.2217
43.4166
41.1096
3
6.08276
9.21954
11.4018
14.8661
17.4642
20.1246
22.8254
25.5539
28.0179
30.6105
33.3017
35.3553
36.7967
39.0512
41.4005
43.2666
45.2769
46.5296
48.3322
49.3964
50.5964
51.923
53.1507
53.7587
54.3323
55.0818
55
55.0818
55.2268
55.5788
55.109
54.8179
54.7083
53.4883
52.3927
51.4296
50.6063
49.93
48.0104
46.2277
44.5982
42.4264
3.16228
6.32456
8.544
12.083
14.7648
17.4929
20.2485
23.0217
25.6125
28.3196
31.1127
33.3017
34.8281
37.2022
39.6611
41.6773
43.8292
45.1885
47.1699
48.3839
49.7293
51.1957
52.6118
53.3385
54.0833
55
55.0818
55.3263
55.5788
56.0892
55.7853
55.6597
55.7136
54.626
53.6656
52.8394
52.1536
51.614
49.8197
48.1664
46.669
44.5982
3.16228
5.38516
8.94427
11.6619
14.4222
17.2047
20
22.6716
25.4558
28.3196
30.6105
32.2025
34.6699
37.2156
39.3573
41.6293
43.0813
45.2217
46.5725
48.0521
49.6488
51.2445
52.0865
53
54.0833
54.3323
54.7449
55.109
55.7853
55.6597
55.7136
55.9464
55.0091
54.2033
53.535
53.0094
52.6308
50.9902
49.4975
48.1664
46.2277
2.23607
5.83095
8.60233
11.4018
14.2127
17.0294
19.799
22.6716
25.6125
28.0179
29.6816
32.249
34.8855
37.1618
39.5601
41.1096
43.4166
44.911
46.5296
48.2597
50.04
51
52.0865
53.3385
53.7587
54.3415
54.8179
55.6597
55.7136
55.9464
56.356
55.5698
54.9181
54.4059
54.037
53.8145
52.3259
50.9902
49.8197
48.0104
3.60555
6.40312
9.21954
12.0416
14.8661
17.6918
20.6155
23.6008
26.0768
27.7849
30.4138
33.1059
35.4683
37.9473
39.5601
41.9762
43.566
45.2769
47.0956
49
50.04
51.2445
52.6118
53.1507
53.8516
54.4059
55.3624
55.5428
55.9017
56.4358
55.7584
55.2178
54.8179
54.5619
54.4518
53.0754
51.8556
50.8035
49.0918
2.82843
5.65685
8.48528
11.3137
14.2127
17.2047
20.2485
22.8254
24.5967
27.313
30.0832
32.573
35.171
36.8782
39.4588
41.1947
43.0465
45
47.0956
48.2597
49.6488
51.1957
51.923
52.811
53.4883
54.626
55.0091
55.5698
56.3028
55.8032
55.4437
55.2268
55.1543
55.2268
54.037
53.0094
52.1536
50.6063
2.82843
5.65685
8.48528
11.4018
14.4222
17.4929
20.1246
21.9317
24.6982
27.5136
30.0832
32.7567
34.5254
37.2156
39.0512
41
43.0465
45.2769
46.5296
48.0521
49.7293
50.5964
51.6236
52.3927
53.6656
54.2033
54.9181
55.8032
55.4437
55.2268
55.1543
55.2268
55.4437
54.4059
53.535
52.8394
51.4296
2.82843
5.65685
8.60233
11.6619
14.7648
17.4642
19.3132
22.1359
25
27.6586
30.4138
32.249
35.0571
37
39.0512
41.1947
43.566
44.911
46.5725
48.3839
49.3964
50.5668
51.4296
52.8394
53.535
54.4059
55.4437
55.2268
55.1543
55.2268
55.4437
55.8032
54.9181
54.2033
53.6656
52.3927
2.82843
5.83095
8.94427
12.083
14.8661
16.7631
19.6469
22.561
25.318
28.1603
30.0666
33
35.0571
37.2156
39.4588
41.9762
43.4166
45.2217
47.1699
48.3322
49.6488
50.6063
52.1536
53.0094
54.037
55.2268
55.1543
55.2268
55.4437
55.8032
56.3028
55.5698
55.0091
54.626
53.4883
3.16228
6.32456
9.48683
12.3693
14.3178
17.2627
20.2237
23.0868
26.0192
28
31.0644
33.2415
35.5106
37.855
40.5216
42.0595
44.0114
46.0977
47.4131
48.8774
49.93
51.614
52.6308
53.8145
55.1543
55.2268
55.4437
55.8032
56.3028
56.9386
56.356
55.9464
55.7136
54.7083
3.16228
6.32456
9.21954
11.1803
14.1421
17.1172
20.025
23
25.02
28.1603
30.4138
32.7567
35.171
37.9473
39.5601
41.6293
43.8292
45.2769
46.8722
48.0104
49.8197
50.9902
52.3259
53.8145
54.037
54.4059
54.9181
55.5698
56.356
55.9464
55.7136
55.6597
54.8179
3.16228
6.08276
8.06226
11.0454
14.0357
17
20.025
22.0907
25.318
27.6586
30.0832
32.573
35.4683
37.1618
39.3573
41.6773
43.2666
45
46.2277
48.1664
49.4975
50.9902
52.6308
53.0094
53.535
54.2033
55.0091
55.9464
55.7136
55.6597
55.7853
55.109
3
5
8
11
14.0357
17.1172
19.2354
22.561
25
27.5136
30.0832
33.1059
34.8855
37.2156
39.6611
41.4005
43.2782
44.5982
46.669
48.1664
49.8197
51.614
52.1536
52.8394
53.6656
54.626
55.7136
55.6597
55.7853
56.0892
55.5788
2
5
8
11.0454
14.1421
16.2788
19.6469
22.1359
24.6982
27.313
30.4138
32.249
34.6699
37.2022
39.0512
41.0366
42.4264
44.5982
46.2277
48.0104
49.93
50.6063
51.4296
52.3927
53.4883
54.7083
54.8179
55.109
55.5788
55.2268
3
6
9.05539
12.1655
14.3178
17.72
20.2485
22.8473
25.4951
28.6531
30.5287
33.0151
35.609
37.5366
39.598
41.0366
43.2782
45
46.8722
48.8774
49.6488
50.5668
51.6236
52.811
54.1202
54.3415
54.7449
55.3263
55.0818
3
6.08276
9.21954
11.4018
14.8661
17.4642
20.1246
22.8254
26.0768
28.0179
30.6105
33.3017
35.3553
37.5366
39.0512
41.4005
43.2666
45.2769
47.4131
48.3322
49.3964
50.5964
51.923
53.3667
53.7587
54.3323
55.0818
55
3.16228
6.32456
8.544
12.083
14.7648
17.4929
20.2485
23.6008
25.6125
28.3196
31.1127
33.3017
35.609
37.2022
39.6611
41.6773
43.8292
46.0977
47.1699
48.3839
49.7293
51.1957
52.7731
53.3385
54.0833
55
55.0818
3.16228
5.38516
8.94427
11.6619
14.4222
17.2047
20.6155
22.6716
25.4558
28.3196
30.6105
33.0151
34.6699
37.2156
39.3573
41.6293
44.0114
45.2217
46.5725
48.0521
49.6488
51.3517
52.0865
53
54.0833
54.3323
2.23607
5.83095
8.60233
11.4018
14.2127
17.6918
19.799
22.6716
25.6125
28.0179
30.5287
32.249
34.8855
37.1618
39.5601
42.0595
43.4166
44.911
46.5296
48.2597
50.0899
51
52.0865
53.3385
53.7587
3.60555
6.40312
9.21954
12.0416
15.5563
17.6918
20.6155
23.6008
26.0768
28.6531
30.4138
33.1059
35.4683
37.9473
40.5216
41.9762
43.566
45.2769
47.0956
49.0102
50.04
51.2445
52.6118
53.1507
2.82843
5.65685
8.48528
12.0416
14.2127
17.2047
20.2485
22.8254
25.4951
27.313
30.0832
32.573
35.171
37.855
39.4588
41.1947
43.0465
45
47.0425
48.2597
49.6488
51.1957
51.923
2.82843
5.65685
9.21954
11.4018
14.4222
17.4929
20.1246
22.8473
24.6982
27.5136
30.0832
32.7567
35.5106
37.2156
39.0512
41
43.0465
45.1774
46.5296
48.0521
49.7293
50.5964
2.82843
6.40312
8.60233
11.6619
14.7648
17.4642
20.2485
22.1359
25
27.6586
30.4138
33.2415
35.0571
37
39.0512
41.1947
43.4166
44.911
46.5725
48.3839
49.3964
3.60555
5.83095
8.94427
12.083
14.8661
17.72
19.6469
22.561
25.318
28.1603
31.0644
33
35.0571
37.2156
39.4588
41.7732
43.4166
45.2217
47.1699
48.3322
2.23607
5.38516
8.544
11.4018
14.3178
16.2788
19.2354
22.0907
25.02
28
30.0666
32.249
34.5254
36.8782
39.2938
41.1096
43.0813
45.1885
46.5296
3.16228
6.32456
9.21954
12.1655
14.1421
17.1172
20.025
23
26.0192
28.1603
30.4138
32.7567
35.171
37.6431
39.5601
41.6293
43.8292
45.2769
3.16228
6.08276
9.05539
11.0454
14.0357
17
20.025
23.0868
25.318
27.6586
30.0832
32.573
35.1141
37.1618
39.3573
41.6773
43.2666
3
6
8
11
14.0357
17.1172
20.2237
22.561
25
27.5136
30.0832
32.6956
34.8855
37.2156
39.6611
41.4005
3
5
8
11.0454
14.1421
17.2627
19.6469
22.1359
24.6982
27.313
29.9666
32.249
34.6699
37.2022
39.0512
2
5
8.06226
11.1803
14.3178
16.7631
19.3132
21.9317
24.5967
27.2947
29.6816
32.2025
34.8281
36.7967
3
6.08276
9.21954
12.3693
14.8661
17.4642
20.1246
22.8254
25.5539
28.0179
30.6105
33.3017
35.3553
3.16228
6.32456
9.48683
12.083
14.7648
17.4929
20.2485
23.0217
25.6125
28.3196
31.1127
33.3017
3.16228
6.32456
8.94427
11.6619
14.4222
17.2047
20
22.6716
25.4558
28.3196
30.6105
3.16228
5.83095
8.60233
11.4018
14.2127
17.0294
19.799
22.6716
25.6125
28.0179
2.82843
5.65685
8.48528
11.3137
14.1421
17.0294
20
23.0217
25.5539
2.82843
5.65685
8.48528
11.3137
14.2127
17.2047
20.2485
22.8254
2.82843
5.65685
8.48528
11.4018
14.4222
17.4929
20.1246
2.82843
5.65685
8.60233
11.6619
14.7648
17.4642
2.82843
5.83095
8.94427
12.083
14.8661
3.16228
6.32456
9.48683
12.3693
3.16228
6.32456
9.21954
3.16228
6.08276
3
