60
19.0263
37.2156
56.7186
75.71
94.3716
111.629
129.808
148.142
165.484
181.97
198.04
214.021
229.584
243.578
257.387
270.485
282.214
294.233
305.11
314.059
323.347
331.714
339.308
345.654
351.001
355.781
359.39
361.896
363.497
364.001
363.551
362
359.547
355.99
351.262
345.962
339.666
332.122
323.802
314.56
305.655
294.822
282.846
271.155
258.095
244.322
230.361
214.83
198.879
182.833
166.373
149.054
130.74
112.579
95.3362
76.6877
57.7062
38.2099
20.025
18.2483
37.855
57.0088
75.8947
93.4077
111.893
130.599
148.354
165.303
181.819
198.346
214.516
229.103
243.578
257.379
269.824
282.639
294.337
304.113
314.25
323.512
332.054
339.342
345.584
351.332
355.928
359.451
362
363.551
364.095
363.497
362.066
359.507
355.76
351.369
346.03
339.454
332.051
323.682
315.628
305.644
294.496
283.551
271.155
258.157
244.826
229.943
214.581
199.023
183.068
166.208
148.314
130.507
113.565
95.1893
76.4199
57.0789
39
19.6469
38.8973
57.9396
75.6439
94.3663
113.371
131.469
148.809
165.702
182.702
199.404
214.516
229.584
244.018
257.111
270.651
283.099
293.639
304.559
314.651
324.076
332.244
339.324
345.984
351.514
356
359.451
362
363.497
363.815
363.369
361.773
358.979
355.473
351.07
345.442
338.941
331.435
324.222
315.083
304.764
294.567
282.846
270.633
257.948
243.731
228.98
213.937
198.517
182.148
164.712
147.299
130.698
112.641
94.1329
75
57.0789
19.3132
38.4838
56.356
75.2928
94.578
113.004
130.729
147.99
165.463
182.702
198.346
214.021
229.105
242.866
257.158
270.387
281.727
293.466
304.429
314.784
323.883
331.851
339.478
346
351.514
355.928
359.547
362.066
363.369
363.985
363.431
361.668
359.123
355.736
351.141
345.626
339.065
332.773
324.563
315.159
305.791
294.822
283.478
271.516
258.048
243.988
229.532
214.721
198.917
182.011
165.061
148.862
131.187
113
94.1329
76.4199
19.2354
37.2156
56.3028
75.8024
94.4934
112.539
130.108
147.99
165.702
181.819
198.04
213.715
228.09
243.074
257.029
269.119
281.626
293.411
304.647
314.632
323.447
332
339.478
345.984
351.332
355.99
359.507
361.773
363.431
363.902
363.16
361.566
359.189
355.625
351.095
345.485
340.119
332.848
324.373
315.85
305.655
295.203
283.989
271.301
257.963
244.131
229.965
214.767
198.436
181.995
166.244
149
131.187
112.641
95.1893
18.0278
37.2022
56.8507
75.743
94.0479
111.866
130.096
148.219
164.754
181.466
197.677
212.615
228.239
242.87
255.666
268.896
281.46
293.537
304.37
314
323.447
331.851
339.324
345.584
351.262
355.76
358.979
361.668
363.16
363.435
362.795
361.432
358.905
355.373
350.728
346.302
339.991
332.47
324.815
315.425
305.897
295.466
283.595
271.022
257.857
244.381
229.837
214.133
198.252
183
166.244
148.862
130.698
113.565
19.2094
38.9487
57.9828
76.4853
94.4934
113.004
131.469
148.354
165.484
182.157
197.585
213.771
229
242.425
256.301
269.564
282.399
294
304.37
314.632
323.883
332.244
339.342
345.962
351.369
355.473
359.123
361.566
362.795
363.05
362.64
361.093
358.504
354.775
351.241
345.845
339.236
332.415
323.802
315.163
305.491
294.416
282.592
270.083
257.288
243.393
228.316
213
198.252
181.995
165.061
147.299
130.507
19.799
38.9487
57.6281
75.8024
94.578
113.371
130.599
148.142
165.276
181.199
197.952
213.79
227.862
242.398
256.383
270
282.399
293.537
304.647
314.784
324.076
332.054
339.666
346.03
351.07
355.736
359.189
361.432
362.64
363.248
362.746
361.168
358.422
355.844
351.434
345.809
339.89
332.122
324.446
315.601
305.395
294.389
282.606
270.559
257.381
243
228.316
214.133
198.436
182.011
164.712
148.314
19.2094
38.0132
56.3028
75.2928
94.3663
111.893
129.808
147.363
163.747
181.033
197.449
212.144
227.317
242
256.383
269.564
281.46
293.411
304.429
314.651
323.512
332.122
339.454
345.442
351.141
355.625
358.905
361.093
362.746
363.325
362.792
361.068
359.484
356.104
351.511
346.539
339.666
333.006
325.042
315.763
305.635
294.635
283.397
271
257.381
243.393
229.837
214.767
198.917
182.148
166.208
18.868
37.2156
56.356
75.6439
93.4077
111.629
129.541
146.322
164.073
181
196.255
212
227.317
242.398
256.301
268.896
281.626
293.466
304.559
314.25
323.802
332.051
338.941
345.626
351.095
355.373
358.504
361.168
362.792
363.275
362.548
361.934
359.562
355.985
351.946
345.962
340.309
333.222
324.871
315.626
305.419
295
283.397
270.559
257.288
244.381
229.965
214.721
198.517
183.068
18.3576
37.5766
57.0088
74.9466
93.4077
111.611
128.725
146.874
164.247
180
196.255
212.144
227.862
242.425
255.666
269.119
281.727
293.639
304.113
314.56
323.682
331.435
339.065
345.485
350.728
354.775
358.422
361.068
362.548
362.802
363.142
361.769
359.201
356.093
351.001
346.355
340.154
332.742
324.395
315
305.419
294.635
282.606
270.083
257.857
244.131
229.532
213.937
199.023
19.3132
38.8973
57.0088
75.71
94.2019
111.647
130.188
148
164.247
181
197.449
213.79
229
242.87
257.029
270.387
283.099
294.337
305.655
315.628
324.222
332.773
340.119
346.302
351.241
355.844
359.484
361.934
363.142
364.408
364.005
362.417
360.212
355.99
352.319
346.978
340.476
333
324.395
315.626
305.635
294.389
282.592
271.022
257.963
243.988
228.98
214.581
19.6469
37.855
56.7186
75.4255
93.1343
112
130.188
146.874
164.073
181.033
197.952
213.771
228.239
243.074
257.158
270.651
282.639
294.822
305.644
315.083
324.563
332.848
339.991
345.845
351.434
356.104
359.562
361.769
364.005
364.627
364.078
362.836
359.547
356.923
352.512
347
340.476
332.742
324.871
315.763
305.395
294.416
283.595
271.301
258.048
243.731
229.943
18.2483
37.2156
56.0803
74
93.1343
111.647
128.725
146.322
163.747
181.199
197.585
212.615
228.09
242.866
257.111
269.824
282.846
294.496
304.764
315.159
324.373
332.47
339.236
345.809
351.511
355.985
359.201
362.417
364.078
364.589
364.33
362
360.45
357
352.512
346.978
340.154
333.222
325.042
315.601
305.491
295.466
283.989
271.516
257.948
244.826
19.0263
38
56.0803
75.4255
94.2019
111.611
129.541
147.363
165.276
182.157
197.677
213.715
229.105
244.018
257.379
271.155
283.551
294.567
305.791
315.85
324.815
332.415
339.89
346.539
351.946
356.093
360.212
362.836
364.33
364.984
363.551
363
360.45
356.923
352.319
346.355
340.309
333.006
324.446
315.163
305.897
295.203
283.478
270.633
258.157
19.0263
37.2156
56.7186
75.71
93.4077
111.629
129.808
148.142
165.484
181.466
198.04
214.021
229.584
243.578
258.095
271.229
282.991
295.042
305.949
315.793
324.238
332.627
340.243
346.606
351.71
356.759
360.378
362.891
364.496
364.001
364.496
362.891
360.378
356.759
351.71
346.606
340.243
332.627
324.238
315.793
305.949
295.042
282.991
271.229
18.2483
37.855
57.0088
74.9466
93.4077
111.893
130.599
148.354
164.754
181.819
198.346
214.516
229.103
244.322
258.157
270.633
283.478
295.203
305.897
315.163
324.446
333.006
340.309
346.355
352.319
356.923
360.45
363
363.446
364.984
364.33
362.836
360.212
356.093
351.946
346.539
339.89
332.415
324.815
315.85
305.791
294.567
283.551
19.6469
38.8973
57.0088
75.6439
94.3663
113.371
131.469
148.219
165.702
182.702
199.404
214.516
230.361
244.826
257.948
271.516
283.989
295.466
305.491
315.601
325.042
333.222
340.154
346.978
352.512
357
360.45
361.796
364.33
364.589
364.078
362.417
359.201
355.985
351.511
345.809
339.236
332.47
324.373
315.159
304.764
294.496
19.3132
37.5766
56.356
75.2928
94.578
113.004
130.096
147.99
165.463
182.702
198.346
214.83
229.943
243.731
258.048
271.301
283.595
294.416
305.395
315.763
324.871
332.742
340.476
347
352.512
356.923
359.235
362.836
364.078
364.627
364.005
361.769
359.562
356.104
351.434
345.845
339.991
332.848
324.563
315.083
305.644
18.3576
37.2156
56.3028
75.8024
94.4934
111.866
130.108
147.99
165.702
181.819
198.879
214.581
228.98
243.988
257.963
271.022
282.592
294.389
305.635
315.626
324.395
333
340.476
346.978
352.319
355.574
360.212
362.417
364.005
364.408
363.142
361.934
359.484
355.844
351.241
346.302
340.119
332.773
324.222
315.628
18.868
38.0132
57.6281
76.4853
94.0479
112.539
130.729
148.809
165.303
182.833
199.023
213.937
229.532
244.131
257.857
270.083
282.606
294.635
305.419
315
324.395
332.742
340.154
346.355
350.488
356.093
359.201
361.769
363.142
362.802
362.548
361.068
358.422
354.775
350.728
345.485
339.065
331.435
323.682
19.2094
38.9487
57.9828
75.743
94.4934
113.004
131.469
148.354
166.373
183.068
198.517
214.721
229.965
244.381
257.288
270.559
283.397
295
305.419
315.626
324.871
333.222
340.309
345.349
351.946
355.985
359.562
361.934
362.548
363.275
362.792
361.168
358.504
355.373
351.095
345.626
338.941
332.051
19.799
38.9487
56.8507
75.8024
94.578
113.371
130.599
149.054
166.208
182.148
198.917
214.767
229.837
243.393
257.381
271
283.397
294.635
305.635
315.763
325.042
333.006
338.953
346.539
351.511
356.104
359.484
361.068
362.792
363.325
362.746
361.093
358.905
355.625
351.141
345.442
339.454
19.2094
37.2022
56.3028
75.2928
94.3663
111.893
130.74
148.314
164.712
182.011
198.436
214.133
228.316
243
257.381
270.559
282.606
294.389
305.395
315.601
324.446
331.308
339.89
345.809
351.434
355.844
358.422
361.168
362.746
363.248
362.64
361.432
359.189
355.736
351.07
346.03
18.0278
37.2156
56.356
75.6439
93.4077
112.579
130.507
147.299
165.061
181.995
198.252
213
228.316
243.393
257.288
270.083
282.592
294.416
305.491
315.163
322.893
332.415
339.236
345.845
351.241
354.775
358.504
361.093
362.64
363.05
362.795
361.566
359.123
355.473
351.369
19.2354
38.4838
57.9396
75.8947
95.3362
113.565
130.698
148.862
166.244
183
198.252
214.133
229.837
244.381
257.857
271.022
283.595
295.466
305.897
314.428
324.815
332.47
339.991
346.302
350.728
355.373
358.905
361.432
362.795
363.435
363.16
361.668
358.979
355.76
19.3132
38.8973
57.0088
76.6877
95.1893
112.641
131.187
149
166.244
181.995
198.436
214.767
229.965
244.131
257.963
271.301
283.989
295.203
304.567
315.85
324.373
332.848
340.119
345.485
351.095
355.625
359.189
361.566
363.16
363.902
363.431
361.773
359.507
19.6469
37.855
57.7062
76.4199
94.1329
113
131.187
148.862
165.061
182.011
198.917
214.721
229.532
243.988
258.048
271.516
283.478
293.646
305.791
315.159
324.563
332.773
339.065
345.626
351.141
355.736
359.123
361.668
363.431
363.985
363.369
362.066
18.2483
38.2099
57.0789
75
94.1329
112.641
130.698
147.299
164.712
182.148
198.517
213.937
228.98
243.731
257.948
270.633
281.585
294.567
304.764
315.083
324.222
331.435
338.941
345.442
351.07
355.473
358.979
361.773
363.369
363.815
363.497
20.025
39
57.0789
76.4199
95.1893
113.565
130.507
148.314
166.208
183.068
199.023
214.581
229.943
244.826
258.157
269.817
283.551
294.496
305.644
315.628
323.682
332.051
339.454
346.03
351.369
355.76
359.507
362.066
363.497
364.095
19.0263
37.2156
56.7186
75.71
94.3716
111.629
129.808
148.142
165.484
181.97
198.04
214.021
229.584
243.578
255.973
270.485
282.214
294.233
305.11
314.059
323.347
331.714
339.308
345.654
351.001
355.781
359.39
361.896
363.497
18.2483
37.855
57.0088
75.8947
93.4077
111.893
130.599
148.354
165.303
181.819
198.346
214.516
229.103
242.165
257.379
269.824
282.639
294.337
304.113
314.25
323.512
332.054
339.342
345.584
351.332
355.928
359.451
362
19.6469
38.8973
57.9396
75.6439
94.3663
113.371
131.469
148.809
165.702
182.702
199.404
214.516
228.178
244.018
257.111
270.651
283.099
293.639
304.559
314.651
324.076
332.244
339.324
345.984
351.514
356
359.451
19.3132
38.4838
56.356
75.2928
94.578
113.004
130.729
147.99
165.463
182.702
198.346
212.624
229.105
242.866
257.158
270.387
281.727
293.466
304.429
314.784
323.883
331.851
339.478
346
351.514
355.928
19.2354
37.2156
56.3028
75.8024
94.4934
112.539
130.108
147.99
165.702
181.819
196.657
213.715
228.09
243.074
257.029
269.119
281.626
293.411
304.647
314.632
323.447
332
339.478
345.984
351.332
18.0278
37.2022
56.8507
75.743
94.0479
111.866
130.096
148.219
164.754
180.1
197.677
212.615
228.239
242.87
255.666
268.896
281.46
293.537
304.37
314
323.447
331.851
339.324
345.584
19.2094
38.9487
57.9828
76.4853
94.4934
113.004
131.469
148.354
164.137
182.157
197.585
213.771
229
242.425
256.301
269.564
282.399
294
304.37
314.632
323.883
332.244
339.342
19.799
38.9487
57.6281
75.8024
94.578
113.371
130.599
146.82
165.276
181.199
197.952
213.79
227.862
242.398
256.383
270
282.399
293.537
304.647
314.784
324.076
332.054
19.2094
38.0132
56.3028
75.2928
94.3663
111.893
128.515
147.363
163.747
181.033
197.449
212.144
227.317
242
256.383
269.564
281.46
293.411
304.429
314.651
323.512
18.868
37.2156
56.356
75.6439
93.4077
110.368
129.541
146.322
164.073
181
196.255
212
227.317
242.398
256.301
268.896
281.626
293.466
304.559
314.25
18.3576
37.5766
57.0088
74.9466
92.1792
111.611
128.725
146.874
164.247
180
196.255
212.144
227.862
242.425
255.666
269.119
281.727
293.639
304.113
19.3132
38.8973
57.0088
74.5252
94.2019
111.647
130.188
148
164.247
181
197.449
213.79
229
242.87
257.029
270.387
283.099
294.337
19.6469
37.855
55.5788
75.4255
93.1343
112
130.188
146.874
164.073
181.033
197.952
213.771
228.239
243.074
257.158
270.651
282.639
18.2483
36.1248
56.0803
74
93.1343
111.647
128.725
146.322
163.747
181.199
197.585
212.615
228.09
242.866
257.111
269.824
18
38
56.0803
75.4255
94.2019
111.611
129.541
147.363
165.276
182.157
197.677
213.715
229.105
244.018
257.379
20
38.1182
57.5587
76.4853
94.1116
112.272
130.384
148.647
165.919
181.835
198.338
214.245
229.732
243.655
18.2483
37.855
57.0088
74.9466
93.4077
111.893
130.599
148.354
164.754
181.819
198.346
214.516
229.103
19.6469
38.8973
57.0088
75.6439
94.3663
113.371
131.469
148.219
165.702
182.702
199.404
214.516
19.3132
37.5766
56.356
75.2928
94.578
113.004
130.096
147.99
165.463
182.702
198.346
18.3576
37.2156
56.3028
75.8024
94.4934
111.866
130.108
147.99
165.702
181.819
18.868
38.0132
57.6281
76.4853
94.0479
112.539
130.729
148.809
165.303
19.2094
38.9487
57.9828
75.743
94.4934
113.004
131.469
148.354
19.799
38.9487
56.8507
75.8024
94.578
113.371
130.599
19.2094
37.2022
56.3028
75.2928
94.3663
111.893
18.0278
37.2156
56.356
75.6439
93.4077
19.2354
38.4838
57.9396
75.8947
19.3132
38.8973
57.0088
19.6469
37.855
18.2483
