60
11.0454
23.1948
34.5254
46.0977
58.2409
69.5701
80.7775
91.2853
102.421
112.508
123.422
133.004
142.127
151.486
159.806
167.836
175.696
182.628
189.447
195.727
201.695
206.422
210.794
215.362
218.305
221.617
223.6
225.178
226.268
226.002
226.318
225.282
223.754
221.822
218.563
215.671
211.152
206.826
202.148
196.224
189.992
183.216
176.324
168.505
159.806
152.227
142.902
133.81
124.258
113.371
103.31
92.1954
81.7068
70.5195
59.203
47.0744
35.5106
24.1868
12.0416
12.1655
23.5372
35.171
47.4342
58.8727
70.2638
80.9506
92.2822
102.626
113.811
123.693
133.124
142.836
151.486
159.928
168.217
175.57
182.833
189.623
196.064
201.316
206.184
211.284
214.767
218.66
221.199
223.323
225
225.32
226.173
225.73
224.758
223.394
220.735
218.403
214.441
210.64
206.519
201.102
195.42
189.13
182.702
175.362
167.093
159.928
151.013
142.285
133.094
122.544
112.805
101.951
91.7061
80.7775
69.6348
57.7062
46.2709
35.0571
23
11.4018
23.0868
35.4683
47.0106
58.5918
69.4622
80.9938
91.6079
103.078
113.278
123.037
133.124
142.127
151.013
159.765
167.574
175.317
182.661
189.613
195.438
200.848
206.526
210.602
215.128
218.277
221
223.323
224.288
225.73
225.942
225.584
224.849
222.854
221.142
217.8
214.581
211.078
206.228
201.159
195.412
189.505
182.702
174.917
168.217
159.765
151.45
142.667
132.503
123.13
112.579
102.616
91.9837
81.0494
69.3542
58.0775
47
35.0571
11.7047
24.1661
35.7771
47.5079
58.5235
70.214
81.0555
92.7631
103.238
113.278
123.693
133.004
142.285
151.45
159.665
167.839
175.684
183.098
189.447
195.351
201.556
206.177
211.287
215
218.277
221.199
222.767
224.758
225.584
225.801
225.657
224.29
223.164
220.411
217.745
214.83
210.523
206.041
200.818
195.412
189.13
181.819
175.57
167.574
159.665
151.288
141.51
132.503
122.262
112.588
102.259
91.5478
80.0999
69
58.0775
46.2709
12.53
24.1868
36.0555
47.2017
59.0339
70.0928
82.0244
92.7631
103.078
113.811
123.422
133.094
142.667
151.288
159.891
168.238
176.114
182.989
189.391
196.128
201.301
207
211.287
215.128
218.66
220.844
223.394
224.849
225.657
226.119
225.4
224.876
222.733
220.64
218.332
214.59
210.718
206.041
201.159
195.42
188.608
182.833
175.317
167.839
159.891
150.526
141.908
132.004
122.642
112.641
102.176
91
80.0999
69.3542
57.7062
11.6619
23.6008
34.8281
46.7547
57.9828
70.0928
81.0555
91.6079
102.626
112.508
122.544
132.503
141.51
150.526
159.364
167.693
175.094
181.995
189.264
195
201.301
206.177
210.602
214.767
217.598
220.735
222.854
224.29
225.4
225.375
225.499
224.02
222.551
220.907
217.789
214.59
210.523
206.228
201.102
194.859
189.623
182.661
175.684
168.238
159.364
151.212
141.718
132.74
123.146
113
102.176
91.5478
81.0494
69.6348
12.0416
23.3452
35.3553
46.7547
59.0339
70.214
80.9938
92.2822
102.421
112.805
123.13
132.503
141.908
151.212
159.966
167.863
175.231
183
189.264
196.128
201.556
206.526
211.284
214.721
218.403
221.142
223.164
224.876
225.499
226.226
225.364
224.475
223.446
220.907
218.332
214.83
211.078
206.519
200.803
196.064
189.613
183.098
176.114
167.693
159.966
150.851
142.225
133
123.146
112.641
102.259
91.9837
80.7775
11.3137
23.3452
34.8281
47.2017
58.5235
69.4622
80.9506
91.2853
101.951
112.579
122.262
132.004
141.718
150.851
159.201
167
175.231
181.995
189.391
195.351
200.848
206.184
210.219
214.441
217.8
220.411
222.733
224.02
225.364
225.144
224.86
224.475
222.551
220.64
217.745
214.581
210.64
205.507
201.316
195.438
189.447
182.989
175.094
167.863
159.201
151
142.225
132.74
122.642
112.588
102.616
91.7061
12.0416
23.6008
36.0555
47.5079
58.5918
70.2638
80.7775
91.7061
102.616
112.588
122.642
132.74
142.225
151
159.201
167.863
175.094
182.989
189.447
195.438
201.316
205.913
210.64
214.581
217.745
220.64
222.551
224.475
224.86
225.144
225.364
224.02
222.733
220.411
217.8
214.441
209.859
206.184
200.848
195.351
189.391
181.995
175.231
167
159.201
150.851
141.718
132.004
122.262
112.579
101.951
11.6619
24.1868
35.7771
47.0106
58.8727
69.5701
80.7775
91.9837
102.259
112.641
123.146
133
142.225
150.851
159.966
167.693
176.114
183.098
189.613
196.064
201.259
206.519
211.078
214.83
218.332
220.907
223.446
224.475
225.364
226.226
225.499
224.876
223.164
221.142
218.403
214.411
211.284
206.526
201.556
196.128
189.264
183
175.231
167.863
159.966
151.212
141.908
132.503
123.13
112.805
12.53
24.1661
35.4683
47.4342
58.2409
69.6348
81.0494
91.5478
102.176
113
123.146
132.74
141.718
151.212
159.364
168.238
175.684
182.661
189.623
195.359
201.102
206.228
210.523
214.59
217.789
220.907
222.551
224.02
225.499
225.375
225.4
224.29
222.854
220.735
217.338
214.767
210.602
206.177
201.301
195
189.264
181.995
175.094
167.693
159.364
150.526
141.51
132.503
122.544
11.7047
23.0868
35.171
46.0977
57.7062
69.3542
80.0999
91
102.176
112.641
122.642
132.004
141.908
150.526
159.891
167.839
175.317
182.833
189.156
195.42
201.159
206.041
210.718
214.59
218.332
220.64
222.733
224.876
225.4
226.119
225.657
224.849
223.394
220.638
218.66
215.128
211.287
207
201.301
196.128
189.391
182.989
176.114
168.238
159.891
151.288
142.667
133.094
11.4018
23.5372
34.5254
46.2709
58.0775
69
80.0999
91.5478
102.259
112.588
122.262
132.503
141.51
151.288
159.665
167.574
175.57
182.409
189.13
195.412
200.818
206.041
210.523
214.83
217.745
220.411
223.164
224.29
225.657
225.801
225.584
224.758
222.612
221.199
218.277
215
211.287
206.177
201.556
195.351
189.447
183.098
175.684
167.839
159.665
151.45
142.285
12.1655
23.1948
35.0571
47
58.0775
69.3542
81.0494
91.9837
102.616
112.579
123.13
132.503
142.667
151.45
159.765
168.217
175.548
182.702
189.505
195.412
201.159
206.228
211.078
214.581
217.8
221.142
222.854
224.849
225.584
225.942
225.73
224.183
223.323
221
218.277
215.128
210.602
206.526
200.848
195.438
189.613
182.661
175.317
167.574
159.765
151.013
11.0454
23
35.0571
46.2709
57.7062
69.6348
80.7775
91.7061
101.951
112.805
122.544
133.094
142.285
151.013
159.928
167.765
175.362
182.702
189.13
195.42
201.102
206.519
210.64
214.441
218.403
220.735
223.394
224.758
225.73
226.173
225.269
225
223.323
221.199
218.66
214.767
211.284
206.184
201.316
196.064
189.623
182.833
175.57
168.217
159.928
12.0416
24.1868
35.5106
47.0744
59.203
70.5195
81.7068
92.1954
103.31
113.371
124.258
133.81
142.902
152.227
160.515
168.505
176.324
183.216
189.992
196.224
202.148
206.826
211.152
215.671
218.563
221.822
223.754
225.282
226.318
226
226.268
225.178
223.6
221.617
218.305
215.362
210.794
206.422
201.695
195.727
189.447
182.628
175.696
167.836
12.1655
23.5372
35.171
47.4342
58.8727
70.2638
80.9506
92.2822
102.626
113.811
123.693
133.124
142.836
151.559
159.928
168.217
175.57
182.833
189.623
196.064
201.316
206.184
211.284
214.767
218.66
221.199
223.323
225
225.32
226.173
225.73
224.758
223.394
220.735
218.403
214.441
210.64
206.519
201.102
195.42
189.13
182.702
175.362
11.4018
23.0868
35.4683
47.0106
58.5918
69.4622
80.9938
91.6079
103.078
113.278
123.037
133.124
142.274
151.013
159.765
167.574
175.317
182.661
189.613
195.438
200.848
206.526
210.602
215.128
218.277
221
223.323
224.288
225.73
225.942
225.584
224.849
222.854
221.142
217.8
214.581
211.078
206.228
201.159
195.412
189.505
182.702
11.7047
24.1661
35.7771
47.5079
58.5235
70.214
81.0555
92.7631
103.238
113.278
123.693
133.222
142.285
151.45
159.665
167.839
175.684
183.098
189.447
195.351
201.556
206.177
211.287
215
218.277
221.199
222.767
224.758
225.584
225.801
225.657
224.29
223.164
220.411
217.745
214.83
210.523
206.041
200.818
195.412
189.13
12.53
24.1868
36.0555
47.2017
59.0339
70.0928
82.0244
92.7631
103.078
113.811
123.713
133.094
142.667
151.288
159.891
168.238
176.114
182.989
189.391
196.128
201.301
207
211.287
215.128
218.66
220.844
223.394
224.849
225.657
226.119
225.4
224.876
222.733
220.64
218.332
214.59
210.718
206.041
201.159
195.42
11.6619
23.6008
34.8281
46.7547
57.9828
70.0928
81.0555
91.6079
102.626
112.872
122.544
132.503
141.51
150.526
159.364
167.693
175.094
181.995
189.264
195
201.301
206.177
210.602
214.767
217.598
220.735
222.854
224.29
225.4
225.375
225.499
224.02
222.551
220.907
217.789
214.59
210.523
206.228
201.102
12.0416
23.3452
35.3553
46.7547
59.0339
70.214
80.9938
92.2822
102.859
112.805
123.13
132.503
141.908
151.212
159.966
167.863
175.231
183
189.264
196.128
201.556
206.526
211.284
214.721
218.403
221.142
223.164
224.876
225.499
226.226
225.364
224.475
223.446
220.907
218.332
214.83
211.078
206.519
11.3137
23.3452
34.8281
47.2017
58.5235
69.4622
80.9506
91.7878
101.951
112.579
122.262
132.004
141.718
150.851
159.201
167
175.231
181.995
189.391
195.351
200.848
206.184
210.219
214.441
217.8
220.411
222.733
224.02
225.364
225.144
224.86
224.475
222.551
220.64
217.745
214.581
210.64
12.0416
23.6008
36.0555
47.5079
58.5918
70.2638
81.3449
91.7061
102.616
112.588
122.642
132.74
142.225
151
159.201
167.863
175.094
182.989
189.447
195.438
201.316
205.913
210.64
214.581
217.745
220.64
222.551
224.475
224.86
225.144
225.364
224.02
222.733
220.411
217.8
214.441
11.6619
24.1868
35.7771
47.0106
58.8727
70.214
80.7775
91.9837
102.259
112.641
123.146
133
142.225
150.851
159.966
167.693
176.114
183.098
189.613
196.064
201.259
206.519
211.078
214.83
218.332
220.907
223.446
224.475
225.364
226.226
225.499
224.876
223.164
221.142
218.403
12.53
24.1661
35.4683
47.4342
58.9406
69.6348
81.0494
91.5478
102.176
113
123.146
132.74
141.718
151.212
159.364
168.238
175.684
182.661
189.623
195.359
201.102
206.228
210.523
214.59
217.789
220.907
222.551
224.02
225.499
225.375
225.4
224.29
222.854
220.735
11.7047
23.0868
35.171
46.8722
57.7062
69.3542
80.0999
91
102.176
112.641
122.642
132.004
141.908
150.526
159.891
167.839
175.317
182.833
189.156
195.42
201.159
206.041
210.718
214.59
218.332
220.64
222.733
224.876
225.4
226.119
225.657
224.849
223.394
11.4018
23.5372
35.3553
46.2709
58.0775
69
80.0999
91.5478
102.259
112.588
122.262
132.503
141.51
151.288
159.665
167.574
175.57
182.409
189.13
195.412
200.818
206.041
210.523
214.83
217.745
220.411
223.164
224.29
225.657
225.801
225.584
224.758
12.1655
24.0832
35.0571
47
58.0775
69.3542
81.0494
91.9837
102.616
112.579
123.13
132.503
142.667
151.45
159.765
168.217
175.548
182.702
189.505
195.412
201.159
206.228
211.078
214.581
217.8
221.142
222.854
224.849
225.584
225.942
225.73
12
23
35.0571
46.2709
57.7062
69.6348
80.7775
91.7061
101.951
112.805
122.544
133.094
142.285
151.013
159.928
167.765
175.362
182.702
189.13
195.42
201.102
206.519
210.64
214.441
218.403
220.735
223.394
224.758
225.73
226.173
11
23.0868
34.3657
45.8912
57.9741
69.2604
80.4114
90.8735
101.966
112.004
122.874
132.412
141.496
150.814
159.101
167.093
174.917
181.819
188.608
194.859
200.803
205.507
209.859
214.411
217.338
220.638
222.612
224.183
225.269
12.1655
23.5372
35.171
47.4342
58.8727
70.2638
80.9506
92.2822
102.626
113.811
123.693
133.124
142.836
151.559
159.928
168.217
175.57
182.833
189.623
196.064
201.316
206.184
211.284
214.767
218.66
221.199
223.323
225
11.4018
23.0868
35.4683
47.0106
58.5918
69.4622
80.9938
91.6079
103.078
113.278
123.037
133.124
142.274
151.013
159.765
167.574
175.317
182.661
189.613
195.438
200.848
206.526
210.602
215.128
218.277
221
223.323
11.7047
24.1661
35.7771
47.5079
58.5235
70.214
81.0555
92.7631
103.238
113.278
123.693
133.222
142.285
151.45
159.665
167.839
175.684
183.098
189.447
195.351
201.556
206.177
211.287
215
218.277
221.199
12.53
24.1868
36.0555
47.2017
59.0339
70.0928
82.0244
92.7631
103.078
113.811
123.713
133.094
142.667
151.288
159.891
168.238
176.114
182.989
189.391
196.128
201.301
207
211.287
215.128
218.66
11.6619
23.6008
34.8281
46.7547
57.9828
70.0928
81.0555
91.6079
102.626
112.872
122.544
132.503
141.51
150.526
159.364
167.693
175.094
181.995
189.264
195
201.301
206.177
210.602
214.767
12.0416
23.3452
35.3553
46.7547
59.0339
70.214
80.9938
92.2822
102.859
112.805
123.13
132.503
141.908
151.212
159.966
167.863
175.231
183
189.264
196.128
201.556
206.526
211.284
11.3137
23.3452
34.8281
47.2017
58.5235
69.4622
80.9506
91.7878
101.951
112.579
122.262
132.004
141.718
150.851
159.201
167
175.231
181.995
189.391
195.351
200.848
206.184
12.0416
23.6008
36.0555
47.5079
58.5918
70.2638
81.3449
91.7061
102.616
112.588
122.642
132.74
142.225
151
159.201
167.863
175.094
182.989
189.447
195.438
201.316
11.6619
24.1868
35.7771
47.0106
58.8727
70.214
80.7775
91.9837
102.259
112.641
123.146
133
142.225
150.851
159.966
167.693
176.114
183.098
189.613
196.064
12.53
24.1661
35.4683
47.4342
58.9406
69.6348
81.0494
91.5478
102.176
113
123.146
132.74
141.718
151.212
159.364
168.238
175.684
182.661
189.623
11.7047
23.0868
35.171
46.8722
57.7062
69.3542
80.0999
91
102.176
112.641
122.642
132.004
141.908
150.526
159.891
167.839
175.317
182.833
11.4018
23.5372
35.3553
46.2709
58.0775
69
80.0999
91.5478
102.259
112.588
122.262
132.503
141.51
151.288
159.665
167.574
175.57
12.1655
24.0832
35.0571
47
58.0775
69.3542
81.0494
91.9837
102.616
112.579
123.13
132.503
142.667
151.45
159.765
168.217
12
23
35.0571
46.2709
57.7062
69.6348
80.7775
91.7061
101.951
112.805
122.544
133.094
142.285
151.013
159.928
11
23.0868
34.3657
45.8912
57.9741
69.2604
80.4114
90.8735
101.966
112.004
122.874
132.412
141.496
150.814
12.1655
23.5372
35.171
47.4342
58.8727
70.2638
80.9506
92.2822
102.626
113.811
123.693
133.124
142.836
11.4018
23.0868
35.4683
47.0106
58.5918
69.4622
80.9938
91.6079
103.078
113.278
123.037
133.124
11.7047
24.1661
35.7771
47.5079
58.5235
70.214
81.0555
92.7631
103.238
113.278
123.693
12.53
24.1868
36.0555
47.2017
59.0339
70.0928
82.0244
92.7631
103.078
113.811
11.6619
23.6008
34.8281
46.7547
57.9828
70.0928
81.0555
91.6079
102.626
12.0416
23.3452
35.3553
46.7547
59.0339
70.214
80.9938
92.2822
11.3137
23.3452
34.8281
47.2017
58.5235
69.4622
80.9506
12.0416
23.6008
36.0555
47.5079
58.5918
70.2638
11.6619
24.1868
35.7771
47.0106
58.8727
12.53
24.1661
35.4683
47.4342
11.7047
23.0868
35.171
11.4018
23.5372
12.1655
