20
264.358
660.984
552.359
662.488
535.777
581.877
252.24
302.333
355.643
576.459
707.549
325.154
302.592
628.16
337.806
385.24
71.4493
129.201
224.629
744.412
464.562
641.377
358.006
800.09
63.9531
423.851
255.368
840.773
497.403
444.623
566.117
650.577
336.253
388.902
325.96
385.253
433.402
435.165
274.449
622.615
442.191
790.016
956.791
523.483
805.884
761.528
335.847
719.401
170.496
990.509
362.737
615.523
710.294
840.577
208.943
197.449
743.582
527.007
834.019
214.898
986.275
327.835
370.54
779.849
274.642
790.941
200.562
555.561
665.62
776.925
405.444
672.075
699.861
961.938
386.807
983.628
510.358
386.788
826.467
107.075
947.701
278.568
643.991
754.009
878.419
873.453
421.096
773.497
194.487
1053.64
182.981
474.504
812.2
469.359
693.526
309.595
563.895
663.063
751.522
814.461
793.419
698.087
395.176
1049.62
401.001
437.768
569.415
898.693
565.329
511.032
542.944
647.059
368.049
315.748
824.385
555.428
478.602
546.312
704.23
272.595
440.732
320.25
361.798
392.521
623.051
625.5
921.238
622.832
377.318
930.484
169.163
683.465
341.321
258.863
148.246
859.24
377.037
297.605
619.681
405.824
576.24
162.985
374.797
478.724
578.342
1236.26
617.875
279.229
895.014
780.299
785.955
517.929
464.284
490.181
653.758
991.583
596.121
819.688
484.34
741.202
836.312
915.933
439.683
323.79
656.494
173.566
282.878
384.762
514.51
757.594
515.796
583.212
252.446
185.162
230.417
935.017
264.093
599.083
705.642
833.881
673.832
399.945
357.997
290.209
373.263
484.455
604.745
111.221
235.153
130.388
