20
973.432
704.637
1252.67
866.931
235.593
998.852
754.897
677.207
1078.66
256.462
1039.85
702.402
826.104
464.037
843.718
661.662
820.176
915.478
615.65
1024.34
582.417
124.964
755.541
771.169
236.053
430.215
421.546
735.37
674.641
538.034
476.615
971.195
190.961
341.072
945.275
989.55
390.288
922.376
990.241
596.309
492.881
809.91
596.719
830.013
593.394
605.898
488.492
584.33
242.052
1022.66
718.758
179.287
254.466
681.459
675.214
1019.37
452.028
609.085
580.211
190.192
999.29
322.969
558.628
428.901
1012.09
750.323
648.598
763.535
748.096
678.06
657.895
798.827
180.602
396.138
499.509
638.549
718.001
518.437
487.469
909.534
75.1665
275.757
932.065
986.879
320.408
794.909
528.792
441.988
843.602
21.095
821.426
475.942
595.234
387.001
646.31
431.226
668.815
762.21
383.741
642.715
468.028
422.083
779.564
131.529
354.813
315.786
639.951
860.189
606.496
320.656
296.083
602.118
215.796
419.609
508.089
578.517
340.074
326.933
738.318
224.404
105.019
753.272
811.054
154.324
401.637
421.438
437.961
128.6
175.525
550.001
437.247
143.892
538.563
600.091
134.164
823.074
297.379
403.834
273.029
880.707
573.767
459.331
692.649
700.94
490.567
803.953
457.476
575.775
389.622
628.064
410.26
660.56
753.401
362.704
350.417
265.068
724.801
784.618
562.723
441.679
426.198
569.022
131.548
483.873
563.664
272.083
413.628
472.026
255.785
609.48
545.927
298.429
476.539
513.72
304.199
925.29
635.416
382.545
474.352
589.207
304.026
975.81
1035.24
342.58
676.702
741.873
49.6488
95.3362
649.007
718.307
