20
925.212
252.873
721.249
106.231
193.499
116.76
938.659
754.836
586.055
788.985
1088.06
1082.15
426.919
960.239
810.375
211.929
783.441
745.292
908.661
784.006
561.621
847.552
950.436
978.634
328.002
900.74
510.327
257.597
576.439
450.001
834.454
485.094
559.416
835.225
280.046
180.006
312.258
750.15
148.661
421.048
228.954
727.941
885.413
593.549
598.228
1079
1039.48
576.823
945.239
832.476
56.0803
716.886
612.687
700.286
707.011
628.046
825.671
822.229
340.407
158.808
665.566
376.085
412.835
392.046
263.321
89.3756
773.146
281.603
465.639
794.258
276.407
133.417
839.963
788.401
560.072
695.095
1061.37
1041.83
465.988
930.138
794.353
115.694
731.098
668.913
810.494
303.007
1026.46
590.36
522.412
863.447
1004.08
1023
269.804
885.494
716.247
391.959
757.719
773.906
995.008
953.546
871.532
684.039
816.138
1186.71
1172.02
543.644
1056.71
914.178
174.256
863.656
800.685
925.127
1143.05
721.992
171.327
902.377
778.003
993.97
802.716
843.666
784.021
559.937
356.602
31.9061
422.834
978.215
599.404
693.895
327.947
540.615
369.899
887.354
621.235
789.649
1113.43
555.685
502.764
502.336
335.452
374.2
238.948
618.943
255.155
373.62
691.911
792.91
683.465
822.685
680.294
695.881
653.547
420.374
205.976
139.703
145.055
762.483
133.963
288.922
1111.26
395.297
598.415
883.473
803.545
155.322
340.037
1077.44
325.314
502.355
761.552
655.355
474.51
571.001
590.593
677.082
962.229
185.607
977.959
269.136
479.652
781.228
857.505
285.559
490.812
817.47
757.085
662.107
756.35
215.128
534.757
328.732
