20
846.898
960.009
607.267
889.322
529.114
605.325
655.037
974.298
453.415
191.755
638.085
871.757
284.972
717.547
546.682
537.104
913.937
971.178
965.729
140.207
1078.8
1113.89
320.919
259.833
219.18
356.634
400.712
657.39
230.217
204.245
854.757
383.021
915.181
797.111
205.232
125.718
304.401
1127.61
1120.91
431.264
356.114
307.587
267.301
525.875
768.474
366.347
158.902
936.233
392.959
961.462
840.012
129.252
109.458
210.737
338.018
808.965
832.2
863.039
988.012
826.265
625.924
967.324
979.408
334.619
742.647
166.373
288.461
1021.48
1194.05
1013.81
917.767
909.187
923.327
915.664
975.32
850.029
1070.19
962.168
604.644
733.706
342.812
389.382
997.03
1209.57
956.949
85.0882
133.54
494.802
119.553
338.053
158.673
361.448
546.751
308.869
655.44
550.368
399.431
446.515
470.078
50.01
410.581
202.428
413.57
167.872
276.682
595.003
245.569
672.468
559.797
315.349
384.552
385.021
366.742
247.681
463.289
177.629
228.079
637.095
230.02
701.076
585.5
265.932
341.867
338.378
612.988
789.02
515.461
159.248
871.483
269.475
824.451
704.081
151.908
376.697
56.5685
272.369
184.743
474.723
531.01
423.586
684.79
592.935
510.327
522.116
586.06
455.927
681.27
297.007
539.881
517.607
465.692
723.08
782.309
777.674
359.539
696.473
406.897
814.088
708.109
384.666
344.362
475.786
811.193
238.296
813.039
690.978
44.4072
256.26
116.276
602.14
262.545
274.489
855.599
978.816
879.415
576.428
454.274
279.251
476.193
279.873
122.156
855.151
1029.14
848.816
733.023
909.4
727.331
234.386
99.2975
320.145
