20
706.001
587.388
536.75
187.323
259.833
661.844
642.05
773.866
542.683
771.847
610.574
245.725
778.067
312.464
360.168
413.552
734.064
639.113
328.002
296.769
375.255
640.963
458.495
353.927
850.854
398.764
163.487
452.585
139.789
509.378
338.352
397.287
368.057
388.075
603.938
587.657
711.601
529.279
454.582
416.915
572.496
959.444
652.13
236.136
224.617
344.071
343.956
604.015
357.951
241.052
175.642
803.234
755.408
729.712
580.504
299.095
126.491
475.682
237.261
299.933
747.337
236.62
473.711
250.012
285.554
385.811
479.235
278.189
227.238
388.731
282.703
694.511
795.529
806.292
482.83
610.988
578.358
131.883
794.353
301.317
273.029
281.576
822.525
735.179
486.544
417.481
577.256
530.212
299.042
634.527
352.626
192.01
526.156
64.5368
181.019
278.403
543.457
460.405
314.341
534.252
112.805
336.63
776.701
235.637
580.057
126.531
394.062
474.858
558.142
250.05
246.457
504.008
580.517
755.924
1184.06
711.688
756.738
638.126
618.328
749.555
851.16
351.07
294.717
314.078
421.142
843.445
308.058
689.951
68.593
505.302
579.356
657.277
248.294
286.248
598.82
448.175
117.953
350.967
379.318
236.172
210.642
253.476
568.958
527.137
574.178
541.498
527.459
787.633
578.524
454.173
366.869
1016.35
974.483
948.812
448.282
262.383
298.613
313.83
369.412
480.885
454.667
578.426
672.86
188.162
141.322
168.689
732.159
651.556
466.513
493.584
553.657
624.375
314.396
343.548
630.354
131.229
233
548.106
472.271
371.808
102.157
660.219
591.572
495.219
756.151
690.682
590.161
97.8366
470.507
373.375
