100
24.6982
19.4165
66.2722
55.8659
51.788
46.8615
42.2019
4
42.5206
16.1245
52.6308
11.7047
67.4759
53
26.2488
56.0446
30.4631
39.4588
34.6554
16.2788
21.5407
29.4109
48.7955
52.6118
35.3412
46.6905
27.313
17.8045
76.4003
21.587
36.2215
71.1758
365.301
399.531
356.808
327.542
398.984
313.79
309.555
331.887
395.051
285.07
396.203
424.17
314.865
304.962
319.132
437.127
395.976
362.509
356.103
395.38
420.894
430.562
349.517
347.731
399.452
371.042
284.923
331.475
412.572
400.202
321.361
385.523
288.924
222.182
292.223
168.716
188.279
306.203
145.609
134.648
237.394
263.519
120.15
308.508
173.003
308.255
219.018
332.929
149.513
194.743
259.942
358.558
269.765
292.022
152.082
141.481
204.551
340.238
337.249
328.381
180.712
151.753
228.09
131.004
313.413
209.251
276.371
6.40312
43.1045
50.9215
28
27.8927
35.7351
28.4605
41.3038
35.3553
45.6946
17.6918
44.0114
29.0689
12.53
39.2046
5.83095
21.9317
33.0606
22.8254
3.16228
5
44.643
33.6155
10.8167
28.6007
20
9.21954
58.1808
4.47214
13.9284
50
360.268
387.769
347.001
323.818
392.329
301.281
292.099
317.277
389.709
281.114
384.194
416.473
313.129
293.155
306.889
434.2
392.185
358.052
353.345
385.13
409.06
421.001
340.024
331.803
381.848
354.81
269.713
328.442
401.659
390.082
304.199
380.466
277.584
215.39
279.836
164.842
192.211
306.545
152.84
124.016
233.654
266.188
112.294
294.803
170.88
309.472
217.47
321.223
157.035
191.951
248.516
351.639
273.754
288.882
150.615
149.215
198.668
334.072
327.055
316.91
167.967
148.314
210.231
124.338
301.042
214.401
275.051
47.0425
47.8539
32.3883
33.8378
32.6497
23.3452
37.108
29
43.0465
11.3137
48.1664
35.3836
16.1245
39.8246
12.0416
22.3607
28.6356
16.5529
4.12311
10.2956
41.2311
35.1141
17.0294
29.5466
22.4722
8.60233
59.6154
2.23607
17
52.7731
364.401
393.144
352.036
327.666
396.793
306.752
298.236
323.067
393.914
284.988
389.607
421.142
316.545
298.511
312.32
437.919
396.073
362.066
357.001
390.251
414.45
426.011
345
337.769
388.012
360.817
275.572
332.146
406.897
395.182
310.306
384.61
282.857
219.791
285.281
168.576
194.196
309.492
153.912
129.016
237.447
268.561
116.726
300.456
174.244
312.218
220.771
326.572
158.041
195.494
253.789
356.142
275.812
292.588
153.792
150.147
202.869
338.421
332.151
322.219
173.401
151.921
216.393
128.565
306.491
216.113
278.352
51.9711
15.2971
46.8615
44.5533
70.2567
53.7401
71.4703
46.3249
55.9017
2.23607
30.4138
50.9608
24.1868
38.4708
29.5466
50.8035
56.6127
46.0435
38.1182
50.6063
19.799
35.171
24.4131
58.1893
52.2398
26.2488
45.0111
30.0666
12.083
374.114
389.046
352.511
340.194
403.113
302.06
281.837
313.345
402.767
297.693
385.005
425.215
332.728
295.489
308.131
450.884
407.785
372.871
370.941
389.401
410.005
426.277
346.205
324.692
370.203
346.733
265.181
345.861
404.495
394.555
294.491
394.081
281.114
228.65
281.215
184.448
221.461
329.278
186.639
134.737
251.436
292.606
128.825
293.171
192.816
333.408
238.908
323.348
191.024
212.229
252.448
362.353
301.783
306.635
174.256
183.6
213.928
346.286
332.068
319.565
171.828
169.284
200.632
141.824
302.106
244.675
295.772
49.2443
75.6637
15.2315
58.7963
13.8924
47.8853
6.08276
45.4533
54.2033
67.1863
63.3246
27.7849
52.3927
33.0151
21.2132
39.598
51.0784
49.4773
7.07107
33.2415
54.5894
31.5753
70.2638
56.356
39.4462
47.927
43.1856
46.0109
410.758
434.461
395.324
374.594
442.259
347.576
332.002
361.212
440.093
331.879
430.669
465.911
364.051
340.119
353.409
485.045
442.922
408.678
404.223
433.057
455.633
469.345
388.568
373.88
420.905
396.309
313.18
379.301
449.04
438.092
344.511
430.935
325.002
265.56
326.345
215.713
241.814
357.302
200.602
173.046
284.48
316.362
162.595
339.912
221.795
360.069
268.377
368.164
204.619
242.866
296.002
401.508
323.447
339.744
201.48
196.637
249.147
384.246
375.161
364.067
215.002
199.223
250.32
174.874
347.467
263.486
325.96
34.2053
38.0132
55.7315
47.0106
58.6003
43.1741
42.0595
16.0312
19.9249
35.7351
24.1868
23.1948
19.2094
42.0119
43.8292
31.0161
23
45.8803
17.0294
19.9249
17.72
43.0813
37.054
36.2353
30.2655
15.8114
24.4131
366.891
386.105
348.049
332.099
396.941
299.135
282.846
312.117
395.84
289.456
382.221
419.755
323.595
292.007
305.059
442.821
400.031
365.329
362.498
385.421
407.208
421.998
341.503
324.637
371.892
347.071
264.047
337.44
401.031
390.512
295.325
386.96
277.18
221.289
278.029
174.897
209.23
319.165
173.113
127.577
242.706
281.325
119.775
291.076
182.603
322.932
229.009
320
177.46
202.596
248.29
356.149
290.043
298.042
163.453
169.921
205.866
339.559
327.739
316.025
167.299
159.239
201.109
132.62
299.082
232.207
286.225
61.131
49.5177
68.0294
61.0574
69.8713
44.2832
46.4004
17
20.6155
56.3649
24.0832
42.9535
60.208
50.3289
29.7321
27.074
70.1783
49.1935
21.095
46.8188
21.9545
29.6816
70.4344
32.28
32.5576
57.9828
335.436
360.251
320.056
299.827
366.617
273.649
264.462
289.394
364.66
257.117
356.624
390.267
290.462
265.68
279.308
410.468
368.001
333.546
329.88
358.013
381.518
394.081
313.193
303.942
354.268
326.98
241.82
304.867
374.342
363.001
276.501
355.584
250.242
190.045
252.242
141.693
175.069
285.412
139.807
97.4166
210.01
247.164
87.3613
266.993
148.923
289.007
195.451
293.752
144.201
169.26
221.183
325.859
255.838
265.37
129.495
136.825
173.922
308.691
300.002
289.5
140.431
125.718
182.661
99.93
273.437
198.116
252.834
45.4863
9.21954
37.108
10.6301
31.1448
46.669
54.1295
48.1041
22.3607
37.4833
19.6469
9.05539
26.0768
35.8469
34.5254
9.05539
24.7588
40.05
20.8087
55.0364
41.1825
40.4475
32.6956
29.0689
42.0595
395.8
420.804
381.131
359.507
427.52
334.013
320.358
348.382
425.18
316.796
417.08
451.35
348.851
326.345
339.779
469.92
427.855
393.662
389.076
419.001
442.019
455.158
374.301
361.621
409.591
384.241
300.456
364.166
435.165
424.011
332.758
415.987
311.079
250.715
312.706
200.569
226.738
342.072
185.852
158.534
269.364
301.199
147.679
326.711
206.584
344.851
253.16
354.408
189.908
227.684
282.044
386.788
308.367
324.607
186.253
181.951
234.184
369.412
361.035
350.241
201.122
184.049
238.504
159.878
333.864
248.51
310.744
45.2548
16.1245
55.8032
15.5242
71.4493
56.4358
29
59.9083
34.176
43.4166
37.6431
19.4165
25.2982
33.2415
51.7397
56.5685
39
50.636
29.1548
21.095
80.2808
25.4951
40.1995
75.1665
364.786
400.151
357.099
326.833
398.723
314.579
311.281
333.054
394.574
284.424
396.869
424.075
313.847
305.63
319.87
436.248
395.248
361.902
355.225
395.733
421.521
430.785
349.757
349.143
401.181
372.505
286.225
330.654
413.038
400.532
323.025
385.004
289.519
222.056
293.002
168.193
186.507
304.867
143.422
135.329
236.753
261.859
120.416
309.517
172.192
306.785
218.048
333.566
147.275
194.003
260.572
358.357
267.905
291.24
151.212
139.23
204.296
339.921
337.617
328.977
181.662
151.199
229.941
131.034
314.178
207.273
275.313
34
13.0384
32.7567
55.8659
62.3618
53.1507
31.0644
44
28.2312
8.544
26.4008
40.7922
41
7.28011
33.9411
47.1699
30
59.4811
45.2217
47.8017
37.6563
36.8782
50.774
401.454
428.197
388.021
364.774
433.631
341.503
328.877
356.355
430.935
322.095
424.529
457.751
353.548
333.662
347.213
475.016
433.18
399.155
394.088
426.029
449.444
462.039
381.106
369.882
418.208
392.581
308.501
369.242
442.366
431.01
341.235
421.659
318.266
256.681
320.141
205.682
229.715
346.156
187.856
165.148
274.554
304.569
153.584
334.462
211.249
348.673
257.73
361.732
191.818
232.562
289.209
392.943
311.328
329.686
190.707
183.807
239.885
375.353
368.001
357.505
208.406
189.011
246.984
165.56
341.321
251.114
315.298
46.2385
17.6918
73.0548
64.3817
40.7063
56.0089
41.0366
42.2019
28.1603
14.8661
32.5576
39.0512
41.1461
54.5894
46.0109
48.6621
43.0116
31.3847
76.0592
31.1448
42.9418
73.8241
380.911
415.65
372.907
342.94
414.816
329.879
324.918
347.8
410.698
300.541
412.317
440.114
329.848
321.076
335.233
452.305
411.35
378.022
371.286
411.491
437.013
446.645
365.604
363.446
414.799
386.704
300.741
346.733
428.696
416.31
336.804
401.128
305.046
238.103
308.315
184.318
201.854
320.656
158.146
150.765
252.872
277.319
136.235
324.513
188.282
322.448
234.079
349.047
161.895
210.107
276.062
374.433
283.092
307.332
167.287
153.834
220.384
356.025
353.362
344.503
196.756
167.323
243.304
147.003
329.509
222.302
291.295
41.7253
48.5489
61.131
58.1808
22.2036
46.8402
27.074
18.3576
36.4005
46.0652
43.9659
6.08276
27.313
48.8365
25.4951
65.2993
51.6236
35.8469
42.9418
37.3363
41.0366
405.123
428.422
389.371
369.088
436.488
341.529
325.96
355.13
434.425
326.369
424.623
460.063
358.745
334.096
347.369
479.585
437.389
403.094
398.799
427.075
449.589
463.39
382.633
367.806
414.893
390.244
307.098
373.858
443.028
432.116
338.463
425.293
319
259.856
320.306
210.297
237.228
352.23
196.469
167.2
279.016
311.589
156.952
333.84
216.536
355.101
263.137
362.138
200.529
237.523
290.007
395.73
318.849
334.307
196.308
192.575
243.526
378.529
369.195
358.05
209
193.869
244.264
169.293
341.423
259.06
320.713
57.2713
46.6905
24.7386
44.3847
23.3452
28.0713
24.4131
7.07107
15
21.4009
38.4187
41.1947
28.3196
35.2278
29
15.2971
64.7611
13.4536
26.2488
60.0083
370.885
401.998
360.235
333.642
403.887
315.824
308.702
332.776
400.52
291.043
398.54
428.618
321.734
307.358
321.31
443.6
402.087
368.331
362.604
398.608
423.331
434.139
353.091
347.851
398.529
370.984
285.44
337.854
415.477
403.496
320.702
391.107
291.548
226.883
294.308
174.545
196.977
313.83
155.206
137.364
243.403
271.906
124.101
309.894
179.536
316.19
225.858
335.394
159.201
201.062
262.498
363.325
278.582
298.329
158.808
151.208
209.619
345.324
340.476
330.964
182.483
157.709
226.932
135.532
315.52
218.36
283.365
29.7321
51.4198
26.4197
39.2046
31.305
52.8015
58.1893
47
39.0128
52.8015
21.9317
35.6931
26.4008
58.5235
53.0848
27.8927
46.0977
31.257
13.6015
372.521
387.063
350.647
338.711
401.404
300.082
279.659
311.262
401.138
296.233
383.012
423.435
331.386
293.552
306.163
449.387
406.254
371.317
369.5
387.495
408.011
424.393
344.362
322.552
368.001
344.577
263.097
344.42
402.548
392.654
292.318
392.475
279.213
227.095
279.258
183.199
220.69
328.087
186.207
133.195
250.05
291.625
127.534
291.139
191.669
332.277
237.697
321.399
190.602
210.983
250.569
360.651
300.892
305.221
173.217
183.216
212.462
344.64
330.194
317.63
170
168.119
198.479
140.545
300.135
243.953
294.496
29.1204
43.9318
23.3452
34.5254
55.7136
51.0882
32.0156
25.4951
62.8013
36.6742
18.3848
36.0139
34.1321
35.3553
55.2268
33.2415
25.632
42.0119
346.976
367.306
328.672
312.187
377.133
280.401
266.595
294.279
375.941
269.551
363.497
400.081
303.817
273.029
286.252
422.91
380.108
345.404
342.616
366.197
388.465
402.657
322.051
307.539
356.041
330.22
246.333
317.555
382.001
371.264
278.916
367.049
258.031
201.375
259.193
155.184
191.05
299.668
156.605
107.708
222.847
262.406
99.925
272.767
163.11
303.585
209.418
301.06
161.012
182.915
229.079
336.341
271.448
278.173
144.222
153.688
185.946
319.683
308.415
297.007
148.054
139.671
184.678
112.805
280.302
214.264
266.541
50.9313
13.6015
34.0588
44.7214
31.4006
12.3693
15.5563
56.921
44.8219
15.8114
40.3113
7.81025
9.48683
69.0652
15.5242
24.8395
59.5063
348.31
377.457
336.073
311.662
380.669
291.192
284.297
308.039
377.809
268.972
373.965
405.04
300.761
282.816
296.709
421.973
380.055
346.006
341.084
374.342
398.779
410.03
329.006
323.19
374.162
346.36
260.722
316.204
391.077
379.258
296.233
368.517
267.081
203.666
269.691
152.611
179.744
294.049
140.73
113.071
221.461
253.663
100.603
285.17
158.483
296.951
205.056
310.865
144.959
179.627
238.019
340.019
261.266
276.644
138.159
137.186
186.762
322.3
316.228
306.472
157.835
136.015
202.628
112.45
290.904
202.002
262.64
37.4833
17.4929
30.3645
42.19
41.0488
35.3836
26.8701
7.28011
37.2022
10.6301
58.7282
47.7074
20.3961
38.5876
26.1725
19.7231
390.817
410.044
372.211
355.76
421.062
323.056
305.138
335.515
419.831
313.081
406.123
443.934
346.781
316.04
329.014
466.46
423.792
389.166
386.005
409.539
431.116
446.149
365.679
347.52
393.783
369.758
287.392
360.967
425.075
414.638
317.723
410.908
301.281
245.231
302.002
198.01
229.804
341.721
191.627
151.634
266.152
302.888
143.279
314.77
205.273
345.198
251.813
344.013
195.87
225.61
272.413
380.27
311.079
321.512
185.715
188.112
229.613
363.6
351.889
340.072
191.442
182.082
223.66
156.016
323.025
252.383
309.196
21.095
36.1248
28.0179
8.94427
3
46.5296
31.241
5
26.9072
21.4009
14.0357
55.4707
9.89949
11.3137
46.2385
358.37
384.334
344.023
322.248
390.041
297.725
287.472
313.249
387.723
279.53
380.706
413.937
312.032
289.762
303.389
432.749
390.555
356.288
351.979
382.033
405.601
418.043
337.12
327.483
377.16
350.417
265.58
327.029
398.407
387.012
299.628
378.55
274.308
213.235
276.322
163.49
192.627
305.941
154.149
121.202
232.181
266.177
110.218
290.986
169.924
309.071
216.539
317.833
158.398
190.78
245.247
349.314
274.046
287.48
149.883
150.655
196.756
331.931
324.002
313.576
164.514
147.122
205.565
122.483
297.516
215.058
274.089
22.8035
27.4591
23.6008
18.6011
28.2843
13.1529
22.1359
7.28011
41.7732
30.2324
37.3363
21.095
10.4403
32.0156
378.375
401.549
362.311
342.615
409.518
314.701
300.741
328.804
407.613
299.897
397.786
433.014
332.778
307.163
320.506
453.203
410.845
376.447
372.518
400.045
422.74
436.331
355.563
341.977
390.017
364.594
280.856
347.536
416.059
405.079
313.129
398.529
292.007
232.998
293.437
184.114
213.663
326.933
174.725
140.161
252.668
287.272
130.25
307.236
190.79
330.121
237.403
335.215
178.933
211.514
263
368.751
295.114
308.006
170.857
171.126
216.832
351.638
342.146
331.097
182.011
167.869
218.874
142.72
314.574
236.019
294.924
18.3848
32.3883
33.1361
14.1421
31.3847
39.6232
26.4008
50.9608
36.6879
49.2544
29.2746
30.0832
49.7695
393.029
420.459
380.001
356.288
425.315
333.84
322.281
349.09
422.53
313.614
416.829
449.525
345.012
325.885
339.511
466.507
424.7
390.702
385.572
418.077
441.725
454.01
373.048
362.927
411.754
385.721
301.317
360.734
434.508
423.043
334.571
413.237
310.413
248.338
312.444
197.185
221.278
337.617
179.613
157.051
266.062
296.083
145.248
327.002
202.714
340.147
249.191
353.956
183.6
224.04
281.349
384.641
302.899
321.179
182.165
175.602
231.482
366.995
360.022
349.693
200.639
180.499
240.354
157.166
333.636
242.745
306.757
20.6155
25.6125
32.5269
40.1123
32.8024
34.1321
36.0139
22.0907
62.514
18.3576
28.3019
59.3043
377.955
408.828
367.196
340.695
410.951
322.591
314.771
339.308
407.59
298.101
405.349
435.662
328.726
314.186
328.101
450.632
409.141
375.396
369.632
405.544
430.155
441.113
360.068
354.189
404.555
377.27
291.894
344.89
422.371
410.44
326.827
398.177
298.412
233.944
301.086
181.604
203.593
320.713
161.471
144.281
250.458
278.62
131.137
316.538
186.55
323.014
232.848
342.229
165.424
208.096
269.357
370.385
285.17
305.369
165.801
157.41
216.689
352.393
347.416
337.818
189.235
164.76
232.938
142.594
322.3
224.84
290.341
8.06226
44.5982
35.7771
13.8924
30.5287
19.2354
6.7082
60.3738
3.16228
16.4924
52.6308
360.662
389.062
348.023
324.031
392.943
302.655
294.156
318.944
390.15
281.341
385.519
417.229
313.081
294.432
308.229
434.336
392.425
358.37
353.442
386.219
410.366
422.005
341.001
333.654
383.94
356.707
271.45
328.567
402.84
391.155
306.217
380.867
278.792
215.956
281.187
164.976
191.377
306.229
151.559
125.004
233.829
265.56
112.872
296.339
170.792
309.045
217.35
322.493
155.724
191.971
249.724
352.278
272.963
289.007
150.416
147.868
199.1
334.607
328.123
318.148
169.307
148.368
212.323
124.78
302.397
213.434
274.935
43.566
29.4109
7.2111
24.7588
23.3452
14.1421
53.8516
8.06226
9.43398
45.2217
361.3
387.324
347.023
325.135
393.01
300.707
290.271
316.18
390.664
282.418
383.693
416.923
314.841
292.754
306.376
435.62
393.451
359.202
354.835
385.032
408.589
421.043
340.119
330.36
379.938
353.278
268.496
329.892
401.404
390.012
302.443
381.483
277.305
216.19
279.308
166.337
195.064
308.65
156.285
124.197
235.051
268.74
113.159
293.946
172.699
311.734
219.313
320.825
160.515
193.598
248.244
352.285
276.525
290.341
152.611
152.742
199.685
334.887
327.002
316.571
167.505
149.94
208.355
125.399
300.501
217.424
276.872
31.0644
49.0918
28.2312
63.6946
49.6588
41.7852
41.4367
38.0132
46.2277
404.811
429.728
390.155
368.458
436.57
342.913
328.641
357.077
434.203
325.751
425.988
460.405
357.677
335.292
348.695
478.841
436.818
402.651
397.977
428.005
450.933
464.182
383.334
370.13
417.757
392.684
309.115
373.08
444.136
433.018
341.084
425
320.056
259.754
321.622
209.48
234.955
350.721
193.6
167.586
278.297
309.588
156.707
335.515
215.39
353.412
261.947
363.352
197.608
236.546
291.027
395.84
316.588
333.521
194.997
189.621
243.195
378.451
370.049
359.201
210.086
192.925
246.84
168.882
342.773
256.564
319.531
30.4795
6
52.6308
42.4853
24.5967
33.6155
20
19.2354
383.537
403.079
365.075
348.488
413.807
316.101
298.905
328.824
412.554
305.812
399.18
436.715
339.559
309.015
322.039
459.191
416.515
381.886
378.747
402.449
424.17
439.026
358.522
341.053
387.714
363.373
280.722
353.706
418.043
407.541
311.45
403.629
294.206
237.952
295.015
190.79
223.036
334.592
185.284
144.368
258.898
295.936
136.015
307.937
198.116
338.12
244.641
337.001
189.552
218.406
265.319
373.015
304.232
314.256
178.62
181.838
222.335
356.329
344.768
333.038
184.329
174.897
217.313
148.762
316.057
245.703
302.002
26.9258
23.2594
18.4391
54.037
14.8661
11.7047
43.8292
356.329
381.03
341.094
320.489
387.671
294.335
283.24
309.48
385.603
277.77
377.359
411.36
310.672
286.505
300.043
431.07
388.731
354.359
350.383
379.001
402.275
415.12
334.253
323.484
372.877
346.36
261.737
325.4
395.248
384.001
295.439
376.49
271.149
211.021
272.971
161.988
192.608
305
154.935
118.512
230.532
265.754
108.171
287.388
168.751
308.302
215.356
314.574
159.226
189.41
242.101
346.919
273.88
285.871
148.923
151.559
194.756
329.692
321.014
310.363
161.251
145.774
201.316
120.603
294.151
215.232
272.855
48.1041
37.2156
30.0832
28.178
15.6205
25.1794
382.001
403.243
364.664
346.606
412.689
316.31
300.566
329.662
411.127
303.903
399.406
435.876
337.236
309.015
322.188
457.266
414.74
380.217
376.697
402.21
424.382
438.657
358.02
342.317
389.597
364.774
281.619
351.682
418
407.276
313.045
402.124
294.043
236.485
295.137
188.481
219.401
331.837
181.025
143.199
256.827
292.674
134.104
308.462
195.494
335.197
242.076
337.037
185.262
216.002
265.092
371.903
300.741
312.187
175.775
177.496
220.601
355.013
344.42
333.002
184.068
172.409
218.826
146.731
316.228
241.913
299.528
14.3178
76.844
22.3607
32.6497
67.082
342.3
373.23
331.255
305.369
375.033
287.211
282.252
304.803
371.872
262.711
369.818
399.662
294.092
278.604
292.638
415.55
373.793
339.872
334.612
369.655
394.576
405.149
324.099
320.47
372.151
343.759
257.73
309.777
386.588
374.534
294.049
362.516
262.718
198.013
265.669
146.25
172.235
287.044
132.966
108.462
215.133
246.333
95.1315
281.604
151.789
289.822
198.305
306.62
137.186
173.081
233.684
334.44
253.797
270.224
131.32
129.402
180.878
316.538
311.52
302.152
153.951
129.541
200.831
106.677
286.876
194.402
255.885
67.082
9.21954
23.0868
59.203
356.609
386.745
345.145
319.683
389.272
300.541
293.743
317.506
386.174
277.027
383.275
413.818
308.326
292.104
306.036
429.848
388.108
354.189
348.901
383.471
408.075
419.076
338.037
332.677
383.6
355.844
270.204
324.076
400.281
388.372
305.693
376.825
276.322
212.25
279.029
160.562
185.607
301.086
145.344
122.201
229.445
260.017
109.293
294.598
166.027
303.753
212.514
320.145
149.482
187.361
247.267
348.662
267.226
284.524
145.499
141.598
195.167
330.807
325.346
315.729
167.194
143.84
212.047
120.934
300.242
207.511
270.085
58.1808
44.4185
14.3178
400.362
414.237
378.319
366.384
429.294
327.3
304.573
337.654
429.01
323.858
410.122
451.27
358.699
320.975
333.434
477.084
434.014
399.112
397.079
415.03
435.115
452.001
372.087
348.187
392.185
369.899
289.5
372.001
429.913
420.206
317.345
420.33
306.78
254.892
306.589
210.238
245.459
354.87
208.866
160.975
277.498
317.473
154.742
318.006
218.323
358.812
264.579
348.759
213.178
238
278.21
388.542
326.267
332.737
199.424
205.548
240.104
372.522
357.841
345.058
197.773
194.859
224.018
167.705
327.391
268.405
321.599
15.0333
50.9902
363.798
391.945
351.013
327.185
396.043
305.5
296.557
321.629
393.28
284.494
388.388
420.298
316.244
297.321
311.09
437.495
395.577
361.515
356.602
389.185
413.243
425.001
344.006
336.216
386.311
359.235
274.089
331.726
405.771
394.127
308.65
384.003
281.711
219.064
284.042
168.134
194.435
309.377
154.467
128
236.985
268.663
115.974
299.1
173.954
312.181
220.511
325.386
158.619
195.133
252.642
355.373
276.031
292.166
153.574
150.748
202.23
337.722
331.097
321.055
172.166
151.529
214.693
127.906
305.251
216.453
278.095
36.1386
367.952
391.736
352.204
332.175
399.164
304.946
292.219
319.495
397.201
289.456
388.012
422.734
322.372
297.284
310.71
442.764
400.406
366.012
362.084
390.012
412.95
426.23
345.419
333.03
381.673
355.764
271.627
337.099
406.123
395.032
304.528
388.108
282.044
222.596
283.637
173.692
203.806
316.632
165.463
129.869
242.231
277.189
119.817
297.7
180.427
319.883
227.035
325.346
169.712
201.109
253.018
358.402
285.175
297.572
160.552
161.966
206.4
341.248
332.074
321.188
172.073
157.471
210.297
132.28
304.795
226.296
284.543
386.12
400.151
364.047
352.264
414.982
313.193
291.455
323.89
414.74
309.769
396.062
436.955
344.804
306.79
319.307
462.949
419.834
384.906
383.021
400.805
421.058
437.751
357.799
334.755
379.415
356.609
275.726
357.941
415.752
405.975
304.179
406.076
292.542
240.684
292.438
196.492
232.948
341.283
197.434
146.779
263.519
304.401
140.89
304.041
204.793
345.365
250.928
334.598
201.792
224.27
263.947
374.233
313.453
318.718
186.132
194.281
226.002
358.24
343.577
330.872
183.469
181.276
210.602
153.883
313.27
256.07
307.826
113.886
73.2462
41.4849
41.6773
121.643
198.708
150.572
30
81.0062
116.662
72.2011
66.7308
115.434
116.362
80.604
36.7967
8.94427
34.4384
88.0227
125.24
98.3107
69.2315
173.77
220.002
183.698
167.523
43.4166
106.438
88.1419
193.706
20.2237
117.796
145.602
128.222
196.596
197.312
92.2009
243.115
239.46
128.316
137.743
248.171
139.979
193.373
100.658
150.12
105.304
241.696
171.353
137
29.2746
146.492
76.6551
214.457
248.073
161.617
30.4795
82.2192
102.883
206.63
213.588
220.658
235.934
119.854
189.465
99.4585
53.0754
140.46
88.0511
87
135.68
84.5813
109.041
157.035
5.65685
77.6209
168.656
94.6414
81.0555
161.012
134.134
122.711
148
27.0185
21.3776
51.6624
61.6198
92.0978
116.09
88.7525
128.787
148.125
20.5183
29.2746
124.852
112.752
110.644
186.253
108.116
242.981
269.358
195.819
308.151
264.887
189.528
231.467
280.252
97.3242
245.937
206.17
216.134
66.6108
308.235
226.318
139.589
88.1419
244.168
161.375
264.639
312.605
205.197
105.152
66.6483
71.1969
219.823
258.677
196.977
270.956
87.023
270.224
186.724
90.6201
66.8431
60
132.061
80.5295
81.3941
103.966
53.1507
76.9415
118.068
60.4152
53.4135
140.656
103.407
81.0247
104.389
39.0512
72.111
74.027
8.60233
101.533
147.085
110.454
109.018
99.2975
58.3095
43.566
125.032
80.3243
72.0347
138.004
75.6439
195
217.313
144.941
257.391
223.02
137.768
178.645
236.685
77.1557
196.698
155.631
164.247
38.1838
257.235
176.264
100.13
44.0454
191.638
108.577
216.206
261.964
156.924
55.6597
20.6155
38.6005
180.801
211.294
172.653
226.385
58.8218
217.407
133.795
82.4621
120.814
196.54
155.052
70.859
42.72
141.905
112.73
28.4253
111.005
117.273
110.725
68.4471
36.1248
32.0156
117.614
155.602
135.602
83.4865
181.044
234.269
195.479
159.703
10.198
137.768
119.206
194.178
60.531
107.224
112.254
120.208
159.126
156.016
55.6058
202.094
205.626
90.2441
97.4166
212.509
137.931
154.719
65.7343
110.114
111.221
200.564
132.834
118.431
53.8145
107.448
36.0139
175.787
207.068
126.289
35.3553
90.0944
107.042
177.53
175.935
202.625
199.905
118.828
148.007
57.9741
125.873
198.806
146.728
21.8403
118.697
92.2659
30.5287
108.407
123.847
119.503
75.3923
46.8722
49.4065
72.8354
61.131
93.7443
59.3633
67.897
165.484
202.41
170.141
174.771
85.0882
74.9667
59.0085
191.377
28.8444
131.548
177.023
138.6
231.035
236.958
133.701
282.025
269.492
164.438
179.36
280.071
143.586
229.177
141.82
187.949
104.89
280.845
207.241
156.109
40.7922
188.152
116.211
250.098
286.937
194.435
59.0085
84.22
104.661
232.476
248.05
235.476
268.362
124.483
230.256
140.118
77.2528
36.4005
137.612
111.324
83.0963
136.528
142.056
13.0384
6.7082
197.2
156.579
127.236
145.331
90.1388
108.074
127.781
57.9828
63.6003
123.004
83.1865
49.0408
130.981
102.956
95.5092
73.5459
134.239
29.0689
110.259
21.587
164.125
201.556
165.215
234.201
179.293
124.403
184.396
195.602
18.3576
169.499
176.377
149.803
22.8473
235.053
152.62
55.1543
94.3398
199.672
121.017
186.078
238.212
128.222
94.2444
41.7732
21.4009
133.36
178.474
113.846
187.216
2
208.216
141.382
53.0377
212.85
180.003
130.173
203.647
215.342
85.6154
82.3468
272.426
233.06
204.463
222.335
150.987
152.053
186.011
132.401
47.2969
89.8999
66.0303
42.2019
206.737
155.872
156.083
13
210.381
91.1976
152.463
77.3175
192.627
244.199
236.136
265.801
184.201
178.045
246.435
203.657
59.1354
202.193
247.073
198.98
94.6678
267.84
191.888
95.8019
170.845
262.383
191.094
212.869
268.822
165.484
171.47
117.239
96.1769
138.192
202.299
81.9329
199.725
79.1202
256.846
207.473
161.901
147.709
79.3095
150.615
177.553
49.0408
38.2099
221.163
183.308
157.175
177.387
98.0816
102.786
133.69
82.0792
27.2029
87.3212
48.0104
48.1664
165.109
104.235
103.233
44.6542
160.328
62.7694
141.534
50.6063
192.255
234.307
201.249
264.169
199.251
159
220.629
217.083
26.8701
199.06
212.424
183.674
45.3542
265.377
183.897
82.807
121.758
235.975
157.29
214.009
267.918
158.417
125.766
68.4105
48.5077
151.921
205.3
115.352
210.202
38.3275
242.423
177.775
111.005
113.004
48.9183
93.984
133.735
131.605
59.6406
25.1794
34.9285
54.6443
82.0244
115.521
80.5295
80.455
182.362
222.173
188.693
185.699
71.1688
96.6902
80.3057
206.306
10.4403
139.054
174.642
147.787
226.385
226.874
117.648
272.883
268.293
158.256
165.085
277.505
155.801
223.323
124.868
180.1
118.191
271.398
201.301
161.149
44.6878
172.627
106.471
244.401
277.849
191.05
56.648
96.0208
117.068
234
243.393
243.167
265.377
136.033
218.305
128.655
156.984
147.462
41.0488
99.0404
110.064
153.379
111.086
77.5242
73.3485
139.032
175.411
164.624
95.462
174.889
233.154
193.259
139.435
48.3011
159.615
142.004
180.4
101.079
89.1403
70.7248
103.175
116.499
118.903
56.4358
163.368
163.294
47.676
75.7166
169.815
125.3
112.539
67.1863
69.3542
110.023
162.274
90.5539
90.2497
81.9329
89.9444
12.083
133.634
168.268
83.7735
61.0328
94.6256
104.695
137.644
133.364
170.845
157.191
109.385
115.104
30.8869
82.8553
169.956
91.2414
77.3175
165.738
138.014
125.419
150.572
31.1448
25
57.3149
61.5549
86.4523
111.126
83.2166
123.976
149.817
26.1725
33.9559
119.281
116.349
107.49
184.092
104.389
240.666
268.198
197.061
306.472
261.559
188.322
231.795
277.137
92.7793
243.895
207.523
214.947
63.3482
306.635
224.508
136.312
90.2497
244.724
161.722
262.393
310.886
203.002
106.55
65.192
68.1542
216.227
256.223
192.208
268.002
83.2166
269.557
186.938
138.924
137.295
129.85
86.0233
71.1969
79.8812
102.728
54.0833
76.4199
34.5254
81.1542
165.206
193.541
165.529
185.27
115.603
59.6657
49.7393
194.672
58
147.828
202.022
152.506
257.28
266.205
164.195
310.757
292.865
192.052
209.824
304.532
152.869
256.223
172.2
216.317
113.991
309.726
234.446
174.614
66.4831
218.68
145.784
276.957
315.634
220.02
86.6833
97.0824
115.248
253.6
274.221
249.594
293.206
135.484
260.188
170.097
131.034
139.359
123.045
85.3756
59.5063
43.0465
146.031
184.011
163.377
110.571
204.189
259.341
220.045
176.309
23.3238
166.193
147.628
214.283
83.5703
124.31
109.786
138.051
148.772
136.033
27.2029
183.003
199.625
81.6333
71.1758
203.961
158.079
142.302
37.5899
95.8801
135.329
181.025
121.264
129.808
82.2192
79.8812
29.2062
162.926
188.003
120.37
63.5138
115.521
130.698
177.519
164.915
211.653
191.024
140.057
125.132
38.6394
15.2643
192.961
151.238
120.354
136.956
94.3663
115.974
131.795
56.6039
76.2168
135.956
96.1769
52.2015
121.202
109.041
99.6393
83.3847
129.468
17
98.0051
15.2315
152.594
188.799
153.551
222.036
170.317
111.4
171.593
186.038
27.074
157.544
164.685
136.883
28.0713
222.8
140.246
45.1221
89.4986
186.936
109.037
174.542
226.108
116.211
86.764
40.3113
24.0832
125.256
167.287
112.379
177.2
11.4018
195.233
128.845
191.23
150.95
122.197
140.918
83.5225
102.24
121.165
51.6624
65.1153
123.309
83.3847
55.6058
127.393
96.6282
88.8876
77.8845
128.472
32.249
113.225
27.074
167.839
203.666
163.086
237.261
184.545
125.734
183.981
200.592
24.2074
172.803
174.264
151.486
16.1555
238.002
155.416
59.7746
88.6848
199.078
119.331
189.789
241.346
131.469
89.56
35.609
14.8661
138.924
182.472
120.54
191.971
6.08276
209.602
140.456
44.1022
79.404
81.0247
134.852
162.308
120.067
140.064
240.751
276.742
245.406
245.065
105.773
144.886
131.795
265.686
63.6553
197.284
222.569
206.712
269.364
258.327
138.13
305.473
316.244
200.569
187.451
323.19
215.418
264.14
141.028
218.277
177.792
303.279
242.539
217.555
103.479
190.224
145.331
285.049
310.466
237.008
111.041
155.657
176.709
286.044
286.009
300.887
310.538
195.602
245.1
161.645
35.3553
42.4264
107.117
140.616
104.389
101.237
204.924
246.595
212.398
203.435
65.123
121.824
105.475
227.271
23.0868
154.383
179.204
164.454
227.561
221.274
105.361
268.091
273.059
158.685
154.496
280.644
174.929
223.09
110.86
178.017
138.654
266.227
201.246
173.761
62.2656
160.031
104.087
244.135
273.09
194.18
67.2681
115.836
136.883
242.062
244.381
257.449
268.129
154.871
210.297
123.004
25.4951
96.933
134.183
106.888
76.531
180.854
228.02
191.377
172.186
36.4005
115.382
97.0824
199.865
24.5153
121.606
144.222
132.608
193.83
192.052
84.3149
238.212
238.137
125.16
130.679
246.197
145.499
190.055
92.4554
146.014
111.826
236.662
168.077
139.345
37
138.924
72.0278
211.149
243.187
159.625
33.8378
88.7694
109.11
206.708
210.761
223.486
233.805
125.399
183.393
93.7443
122.385
159.678
131.503
99.0202
202.094
251.39
214.002
187.537
25.0799
140.872
122.577
218.769
44.8219
135.506
143.757
147.733
188.51
179.07
63.6946
226.002
236.637
119.871
112.361
242.745
163.218
183.12
70.3278
137.295
132.231
224.056
161.555
149.201
61
118.701
64.5136
204.025
231.002
157.08
51.6236
109.554
128.891
209.48
205.08
233.649
229.993
143.405
167.872
81.1542
38.0132
37.6431
47.1275
111.212
141.891
111.826
136.894
124.535
20.6155
5.38516
141.428
85.8429
108.296
177.054
109.238
234.047
254.951
173.22
295.846
261.276
175.866
211.568
275.327
104.278
235.637
183.216
202.158
67.4463
295.576
215.058
137.131
64.0703
223.464
141.873
255.225
300.466
195.969
82.8794
58.1378
70.406
218.147
250.344
203.769
265.189
89.56
253.797
167.475
44.2719
80.7094
106.532
120.308
98.9949
148.476
162.542
18.9737
37.1214
140.545
120.88
132.019
207.28
129.314
264.093
289.318
211.206
328.71
286.248
209.619
248.906
301.629
117.614
266.852
221.226
236.172
87.9659
328.71
247.04
160.953
102.078
261.084
178.966
285.701
333.204
226.241
120.739
87.3212
92.5743
241.1
279.866
216.723
292.318
108.167
289.458
204.502
81.0555
143.586
164.201
140
174.244
140.357
31.241
32.28
175.696
88.2043
145.248
210.297
146.758
266.993
283.007
189.842
325.715
297.002
205.572
232.744
310.413
141.693
267.586
198.759
231.199
105.081
325.112
246.416
173.833
83.3547
243.033
165.218
287.703
330.462
229.009
104.317
94.2603
107.935
254.71
283.593
241.357
299.883
127.201
279.517
190.539
104.561
152.473
115.039
106.888
92.4446
66.7083
51.4198
126.115
78.2943
66.7308
130.05
71.6938
187.011
208.751
137.295
248.966
216.009
129.252
170.294
229.369
75.8222
188.51
148.071
155.708
37.7359
248.781
167.967
94.1488
40.025
183.404
100.265
208.127
253.553
148.933
49.0306
16.4012
36.8782
174.393
203.384
168.941
218.916
56.5862
208.806
125.399
61.0328
23.8537
63.5295
191.01
112.61
115.884
34.7851
181.838
89.4427
166.481
76.6616
215.188
259.615
228.186
287.8
217.368
185.432
247.776
235.926
52.4786
222.74
239.366
209.695
70.0643
289.214
208.581
107.168
144.586
263.15
184.391
236.685
291.383
182.702
150.562
92.5419
74.0068
170
227.403
124.169
230.02
65.521
268.516
204.978
39.9249
121.165
243.824
134.261
145.066
78.3901
223.987
150.083
227.423
137.594
275.065
320.601
284.524
348
272.918
246.272
307.259
292.072
113.442
283.069
295.67
270.697
124.193
349.543
269.409
168.048
191.024
322.386
241.919
296.319
351.467
243.403
201.206
144.184
129.12
226.108
286.63
171.619
287.2
124.812
329.509
263.706
87.3212
205.183
108.812
115.836
53.0377
189.452
110.675
189.275
98.6002
238.757
282.214
244.965
311.207
241.118
206.93
267.346
259.731
74.6525
246.11
256.127
231.683
84.7231
312.554
231.536
130.177
154.467
282.462
202.111
260.317
314.841
205.828
163.15
105.475
89.4986
193.776
251.127
146.113
253.87
84.9706
290.424
223.788
169.815
147.054
142.271
47.0106
181.64
52.4976
110.923
39.8121
154.383
203.421
195.829
227.563
153.847
135.857
204.365
172.409
32.6497
163.049
206.62
157.099
71.2811
229.314
151.268
53.6004
141.651
220.336
150.851
175.385
230.868
124.868
138.423
90.5539
70.4344
106.471
165.517
68.2495
166.688
50.3289
215.26
166.048
144.402
125.801
204.365
60.7289
117.324
118.849
130.361
163.6
156.719
49.5177
203.298
211.57
94.8683
94.3716
217.697
148.125
158.474
58.8982
113
121.103
201.559
136.795
127.945
60.4649
103.175
39.5601
179.446
208.291
132.004
43.6578
99.7246
117.004
185
180.236
211.936
204.963
128.996
147.221
58.2151
18.6011
145.207
101.922
124.101
195.88
123.329
252.881
275.182
193.349
315.674
278.126
195.888
232.142
292.746
114.983
254.892
203.217
222.272
81.1542
315.484
234.557
153.16
84.0238
243.953
162.484
274.235
320.258
214.842
103.276
75.9276
85.0059
234.053
269
214.972
282.931
102.703
274.303
188.088
146.414
84.7231
113.442
181.463
114.543
238.43
258.49
174.774
299.713
266.188
179.627
213.925
280.118
109.659
239.842
184.621
205.828
72.8011
299.386
219.146
142.225
65.437
225.577
144.461
259.532
304.357
200.352
84.8528
63.0317
75.71
223.224
254.788
209.153
269.904
94.921
256.944
170.074
204.394
91.2688
157.867
77.2334
200.529
250.428
236.053
273.775
194.733
181.838
248.928
214.021
56.3205
209.612
247.099
203.789
88.6397
275.661
198.252
99.7246
165.315
264.775
191.128
221.165
276.944
171.843
167.443
111.615
90.824
148.223
210.889
94.255
209.602
75.505
262.132
208.753
133.66
165.677
143.087
216.816
216.529
107.424
262.606
259.48
148.486
154.693
268.343
152.555
213.528
114.826
170.026
115.836
261.094
191.512
154.616
40
162.361
96.2549
234.617
267.576
181.805
48.7647
93.1504
114.237
226.02
233.805
237.438
256.129
132.575
207.87
118.258
81.2158
14.0357
135.595
172.627
145.014
205.205
154.302
96.2549
159.101
169.65
37.3363
140.616
156
121.211
44.1475
206.022
123.556
29.0689
94.3663
174.723
100
157.544
209.246
99.2975
87.8009
51.4198
39.4588
110
150.306
104.202
160.59
27.8029
179.836
117.712
91.2195
57.0088
93.2309
115.676
124.036
93.9202
33.2415
103.407
103.097
114.691
59.9416
123.822
47.0744
122.674
124.808
42.45
59.4054
136.444
119.08
81.2158
78.4347
128.141
18.9737
118.697
120.167
117.239
67.9412
73.3485
114.586
91.351
109.018
104.389
79.3221
143.67
183.742
159.003
214.597
157.709
108.784
172.8
174.04
24.1868
149.626
170.003
133.135
42.19
215.629
133.66
34
103.276
188.481
114.004
165.593
218.488
108.577
98.7927
55.4707
38.833
111.879
157.648
97.2471
165.747
21.2132
191.927
131.685
61.0082
145.055
73.2462
56.4004
68.884
112.929
55.7584
165.602
13.1529
149.807
54.6443
178.519
75.213
27.7849
109.859
191.042
125.1
124.04
21.9545
76.4853
38.0789
172.073
177.116
173.22
65.6201
17.0294
132.966
42.72
163.11
82.201
111.364
121.495
47.1699
111.629
79.8812
75.6108
102.883
207.562
48.0104
121.754
53.2541
210.753
45
52.3259
152.634
200.811
81.6333
120.83
53.8516
52.1536
78.7147
179.936
203.027
205.117
126.254
64.56
192.213
91.7878
200.122
23.8537
98.5089
168.576
199.123
83.7377
49.4975
200.808
180.336
136.565
11.1803
90.4268
160.331
166.09
117.324
146.322
109.343
55.0364
45.0444
156.08
173.531
122.381
90.6973
141.397
155.467
183.218
160.016
224.698
187.771
163.23
107.005
36.4005
102.703
120.208
121.754
87.0057
237.346
65.1153
168.467
94.6414
246.349
4.47214
82.1523
181.373
244.724
125.718
166.46
53.3385
5
106.042
224.116
241.506
240.832
133.825
64.846
202.359
80.6226
233.002
64.622
145.124
117.992
169.293
19.8494
174.874
68.2642
204.707
109.622
198.283
106.471
82.7345
125.3
228.705
181.463
172.653
57.9741
103.407
79.6053
211.981
203.158
193.752
47.4236
47.1699
108.577
22.0907
178.869
134.833
164.027
71.1758
122.931
132.97
65.0692
91.2634
26.6271
131.552
119.775
43.0465
82.28
125.603
87.0919
55.3624
86.1452
124.92
39.0512
105.575
123.146
125.897
99.6243
85.703
147.299
110.136
122.801
83.8689
47.4236
166.883
196.39
101.863
47.1699
62.1691
185.321
118.878
87.367
151.076
149.807
16.0312
70.0928
118.562
126.606
102.181
129.321
170.32
179.889
164.539
125.16
217.993
154.156
182.543
58.3095
45
192.2
65.192
205.419
110.386
213.79
91.0494
83.5284
140.918
239.416
177.8
178.272
49.6488
87.0919
86.5852
221.779
217.221
209.06
66.0379
41.7253
128.425
13.0384
195.059
126.657
166.964
172.247
191.442
157.258
39.0512
238.531
157.035
55.9732
112.681
211.967
135.624
187.409
241.118
131.552
112.361
59.8164
38.9487
127.883
178.891
100
184.805
20.1246
216.067
154.564
140.616
46.6154
182.603
66.4831
22.0227
116.276
189.763
113.406
119.05
21.095
68.884
41.3401
170.188
179.569
177.178
78.3135
23.6008
145.041
52.345
168.363
69.0507
104.178
95.268
171.479
165.738
122.287
156.707
119.202
49.4773
56
159.512
173.367
129.321
101.02
152.434
166.628
190.882
164.195
234.201
192.408
174.393
105.475
44.7214
157.877
93.9202
27.0185
104.216
150.137
76.5506
74.108
67.0522
99.4585
40.7922
129.634
149.773
152.227
102.528
69.7711
159.255
97.3499
148.273
58.8303
57.5847
246.844
164.21
72.9932
76.6942
199.912
118.106
200.392
250.585
141.354
80.6226
23.0868
5.65685
153.326
193.693
136.693
204.714
22.1359
215.035
140.872
82.662
182.571
243.824
122.43
165.061
55.9017
8.06226
107.056
223.141
241.588
241.305
136.693
67.624
205.234
84.3801
233.825
61.3514
143.349
101.415
167.967
100.648
97.2934
43.1045
86.4523
26.4197
148.273
159.731
158.685
80.4114
43.6578
142.506
70.4911
151.344
67.7422
83.6301
116.97
167.084
102.201
131.746
185.151
75.6637
106.527
79.6304
68.469
81.0247
123.665
84.5044
132.197
54.4243
162.825
114.355
160.776
81.8841
210.535
249.57
154.081
21.0238
53.7122
74.686
191.951
208.022
198.497
227.794
92.6499
196.352
107.187
83.2346
128.701
130.384
117.047
140.73
184.228
194.538
179.075
136.235
233.636
165.303
197.8
61.0983
59.0593
140.071
171.418
93.0591
60.9016
101.213
112.947
148.661
140.684
182.915
165.496
119.05
114.634
25.6125
56.0357
59.4643
191.094
198.595
195.072
80.9938
12.1655
149.486
38.0132
185.065
77.3886
124.595
110
228.983
245.967
245.082
135.956
67.2309
204.436
81.3941
237.034
69.2892
150.12
135.724
139.14
135.96
62.6099
54.5894
119.004
74.3303
127.063
92.8924
86.2786
58.0775
77.2787
177.395
189.095
190.224
209.876
92.358
175.328
86.2844
21.095
160.449
193.132
152.689
207.183
40.3113
204.893
125.363
149.121
188.481
134.659
199.85
20.2485
209.38
135.518
69.0797
68.542
61.5549
133.09
146.086
146.82
137.615
29.0689
177.553
87.6641
127.122
127.315
114.634
210.155
189.763
186.574
115.395
153.951
206.635
139.474
90.1388
