100
138.752
45.2548
49.8197
82.5651
81.9878
89.2693
197.687
136.565
80.4114
230.703
88.0057
72.4707
121.198
35.4683
141.326
96.1769
74.3303
69.3109
127.781
62.1772
46.8722
40.7063
171.292
195.502
227.713
49.366
42.0595
63.7024
118.338
58.6003
99.2018
117.958
357.262
327.739
237.428
317.921
327.249
276.355
267.007
259.625
287.903
391.128
360.014
234.002
394.285
261.429
286.526
283.007
378.107
280.195
294.625
263.828
279.016
241.015
283.593
335.394
282.007
275.045
277.908
286.149
331.429
283.933
279.644
326.186
358.098
660.731
668.082
686.455
648.645
563.773
664.922
653.012
753.284
523.646
759.835
531.159
819.845
497.652
599.354
780.902
620.794
581.675
547.387
762.892
515.803
710.682
591.151
749.861
720.695
585.352
748.359
731.068
603.176
562.392
602
684.214
754.81
765.982
576.056
166.048
95.1315
81.3941
99.4887
68.6804
60.0333
67.0075
75.0067
110.145
59.0339
78.6384
54.8179
107.787
98.2497
90.2109
66.6408
118.794
74.9667
138.946
108.042
112.379
45.2217
78.8733
94.7259
90.1388
98.3107
117.516
40
101.4
110.639
53.7587
494.425
461.213
375.159
455.897
465.283
413.038
402.439
392.062
416.581
527.011
493.082
369.855
528.417
390.37
415.482
421.612
512.711
418.073
424.302
401.628
414.837
379.289
414.098
467.017
417.732
411.05
416.515
423.987
469.703
417.203
417.925
462.395
495.994
799.288
801.002
820.156
787.36
699.511
801.152
791.579
891.77
661.928
896.38
666.803
956.562
635.272
737.765
919.141
755.821
715.073
686.132
901.399
654.551
849.085
729.756
887.099
859.279
723.47
882.035
866.222
741.812
698.33
736.88
821.058
893.444
903.223
710.552
71.007
124.326
126.246
128.876
226.08
176.618
120.54
266.728
124.455
89.1067
159.703
59.6825
184.708
139.607
108.908
114.56
169.163
106.254
58.4209
85
204.189
231.614
259.378
85.0706
70.0357
108.931
136.894
102.343
144.17
156.237
329.879
295.169
212.085
292.77
302.238
248.298
236.907
226.02
251.348
361.448
327.038
204.678
362.399
224.982
250.154
261.008
346.764
254.961
258.774
238.472
249.467
217.568
248.34
301.106
252.301
245.801
255.971
260.755
307.28
251.161
255.861
297.128
332.521
637.009
635.028
677.729
628.296
552.536
635.542
633.966
729.063
506.436
746.451
501.025
805.989
482.769
581.303
763.162
610.45
573.81
526.711
738.769
495.101
692.391
567.849
722.122
701.388
568.546
739.455
700.261
580.08
532.643
570.898
655.796
731.471
738.241
544.529
68.0074
78.7909
67.2086
155.158
112.606
60.959
197.185
58.5235
22.6716
94.1541
14.4222
128.035
86.5332
42.4382
79.7621
107.935
86.5794
15.2643
50.0899
133.66
162.361
188.449
26.9258
11.1803
74.4312
69.3542
57.7235
99.4032
90.5539
399.682
366.111
280.845
361.652
371.077
318.198
307.371
297.007
322.134
431.95
398.02
274.869
433.296
295.819
320.975
328.294
417.58
323.798
329.67
307.319
319.812
285.465
319.307
372.109
322.692
316.057
323.21
329.674
375.741
322.099
324.039
367.408
401.647
705.564
706.035
735.98
695.087
612.883
706.091
699.984
797.88
571.2
808.577
571.696
868.493
545.894
646.666
828.402
670.078
631.269
593.63
807.546
562.012
757.961
636.171
792.259
767.594
633.079
797.875
771.091
648.309
603.245
641.749
726.111
799.882
808.382
615.43
18.7883
12.7279
130.648
54.4518
9
151.119
24.6982
73.6817
41.5933
70.0928
61.2209
18.7883
31.4006
37.6431
45.2217
58.8303
82.3286
43.2897
98.0816
116.43
153.844
42.4264
60.8276
37.2156
87.0919
26.0192
36
39.0512
435.041
408.598
315.006
394.458
403.6
355.141
346.976
341.142
370.196
470.208
440.959
313.844
474.605
343.735
368.782
357.62
458.19
357.169
376.745
341.072
358.615
317.309
365.571
416.941
361.67
354.51
352.548
363.167
407.107
365.038
355.621
405.209
434.609
734.286
748.572
743.318
719.028
624.629
743.081
722.054
827.048
591.493
822.096
610.099
882.431
563.227
667.617
848.071
680.132
638.205
618.556
836.543
587.173
778.698
664.567
826.637
789.744
652.376
805.096
810.121
676.358
641.007
681.423
761.631
827.754
842.732
655.781
31.0644
146.185
62.8013
27.2029
160.655
43.4626
88.2836
54.5619
77.666
59.808
16
48.0937
22.1359
51.0882
44.2719
91.7878
41.3401
112.254
126.905
166.784
51.8941
69.8355
24.0832
105.65
24.0832
20.6155
52.8394
427.142
402.955
307.366
386.005
395.032
348.049
340.724
336.364
366.62
463.039
435.344
307.612
468.36
340.243
365.121
348.415
451.775
349.052
372.787
333.15
352.057
309.015
361.382
412.04
355.148
347.868
343.373
355.051
398.212
359.739
347.023
398.132
426.042
723.998
742.216
728.518
707.6
610.752
735.024
710.195
816.777
579.418
808.359
602.651
868.732
550.563
655.574
835.566
665.875
623.439
607.497
826.222
576.223
766.484
654.286
817.749
777.834
639.991
790.228
802.599
665.974
633.316
674.248
753.13
817.158
833.821
648.853
118.512
47.7598
9
142.032
14
68.884
32.0624
71.8679
61.0737
26.0192
26.0768
50.3289
41.0488
71.2811
82.2192
52.1536
86.6833
107.005
142.864
44.2945
61.8547
49.6488
76.2955
36.4005
45.8912
29
444.253
416.646
324.187
403.972
413.165
364.001
355.407
348.786
377.133
479.026
448.969
322.304
482.933
350.657
375.769
367.524
466.618
366.546
383.892
350.366
367.196
326.81
372.859
424.577
370.228
363.138
362.442
372.537
416.829
372.941
365.234
414.019
444.154
744.571
756.858
755.448
729.836
636.447
752.266
733.051
837.311
602.603
833.847
619.003
894.164
574.586
678.7
859.331
692.082
650.33
629.217
846.83
597.791
789.84
674.861
836.228
800.756
663.605
817.245
819.015
686.698
650.028
690.163
771.038
838.17
852.332
664.398
92.0978
126.625
66.5733
112.947
138.232
92.2009
167.672
120.37
133.004
123.94
167.726
104.69
189.404
168.003
167.967
36.2353
52.0096
38.5876
148.489
158.028
167.839
94.5939
154.434
151.093
93.4773
554.188
521.246
434.737
515.405
524.767
472.868
462.404
452.09
476.42
586.966
553.109
429.773
588.45
450.25
475.341
480.684
572.735
477.612
484.202
461.191
474.774
438.634
474.052
527.004
477.678
470.967
475.585
483.542
529.06
477.236
477.272
522.304
555.541
858.408
861
873.945
845.66
754.809
861.1
849.497
950.971
719.462
952.106
726.792
1012.39
692.117
795.44
976.512
810.558
768.829
744.605
960.577
713.062
906.709
788.814
946.888
917.216
780.769
935.733
926.245
800.82
758.299
796.907
880.923
952.451
963.012
770.584
56.3205
97.8673
54.0833
108.894
19.105
118.962
31.5753
47.0744
70.1783
84.7231
13.0384
106.733
127.863
97.7394
55.9017
64.2884
106.005
91.7878
108.706
86.8332
96.1353
80.2247
61.2944
22.6274
489.001
463.043
369.034
448.161
457.246
409.353
401.359
395.577
424.436
524.421
495.407
368.224
529.004
397.966
423.043
410.888
512.563
411.019
431.066
395
412.95
371.066
419.935
471.378
416.012
408.828
405.834
417.019
460.575
419.49
409.24
459.436
488.262
786.771
802.97
788.742
770.347
672.168
797.01
772.842
879.55
642.01
869.851
664.244
930.247
612.908
718.168
897.945
726.851
683.769
670.29
889.001
639.022
829.002
717.056
880.151
840.46
702.454
850.323
864.255
728.756
695.072
735.653
815.353
879.957
896.233
710.072
151.03
16.6433
65.192
41.0488
64.405
67.1789
27.2029
22.561
43.9318
48.7647
64.0312
75.6637
43.1856
95.3362
116.004
151.634
36.6197
54.6717
42.5206
78.4474
27.8568
45
38
435.259
407.682
315.192
394.994
404.191
355.001
346.417
339.86
368.307
470.027
440.009
313.313
473.95
341.832
366.935
358.588
457.63
357.56
375.033
341.375
358.201
317.833
363.979
415.655
361.234
354.141
353.504
363.551
407.869
363.989
356.265
405.02
435.178
735.688
747.88
747.477
721.084
628.199
743.269
724.362
828.423
593.96
825.543
610.003
885.846
566.057
670.046
850.747
683.939
642.358
620.423
837.946
588.986
781.207
665.98
827.252
792.071
655.012
809.294
810.015
677.827
641.028
681.165
762.051
829.313
843.356
655.404
143.014
185.397
110.005
207.099
112.004
144.838
157.991
182.483
109.836
204.377
211.814
194.003
65.307
35.2278
36.1248
182.584
196.705
184.7
149.893
177.138
156.732
113.04
586.123
558.434
466.069
545.573
554.707
506.016
497.402
490.258
517.61
621.052
590.717
464.311
624.872
491.159
516.33
508.575
608.599
508.284
524.69
492.172
509.221
468.427
513.876
565.98
512.25
505.167
503.513
514.281
558.162
514.636
506.72
556.044
585.718
884.638
898.746
882.644
868.021
767.839
894.162
870.327
977.418
739.417
965.522
761.016
1025.93
709.937
815.567
994.967
821.864
777.927
768.081
986.868
736.837
926.262
814.923
977.722
937.902
799.641
943.986
961.033
826.623
792.006
832.195
912.75
977.811
993.813
806.419
56.8595
35.7771
65.5515
72.4017
40.0125
16.1245
60.4401
50.2494
79.9812
73.7835
55.0273
83.7257
107.787
140.293
39.6232
55.1543
58.6941
62.5859
42.4382
59.6825
32.2025
444.946
415.637
324.963
405.183
414.45
364.232
355.013
347.298
374.675
479.085
447.876
322
482.265
348.213
373.376
369.424
466.107
367.576
381.698
351.283
367.005
328.093
370.864
422.992
370.001
363.022
364.33
373.551
418.371
371.775
366.65
414.121
445.382
746.936
756.007
762.016
733.205
642.141
752.768
736.804
839.615
606.632
839.319
619.116
899.58
579.173
682.649
863.621
698.125
656.906
632.324
849.174
600.828
793.889
677.263
837.366
804.523
667.874
823.865
819.049
689.181
650.308
690.001
771.891
840.755
853.481
664.061
89.8053
37.0135
129.248
92.358
42.9535
94.1913
106.827
104.547
30.8058
68.0074
120.503
151.397
173.277
40.6079
32.2025
89.4539
48.0833
71.0634
108.467
86.267
418.951
383.751
300.746
381.526
390.978
337.378
325.983
314.46
338.213
450.494
415.435
293.784
451.067
312.079
337.148
348.862
435.574
343.682
346.052
327.19
338.565
305.765
336.001
389.046
341.391
334.906
343.792
349.515
395.84
339.779
344.246
386.229
421.391
725.678
723.044
758.382
715.95
635.059
724.542
721.094
817.856
592.615
830.545
589.958
890.408
567.642
667.95
849.746
692.345
653.717
614.431
827.546
582.808
779.208
656.396
811.226
788.658
654.563
820.271
788.99
668.581
621.621
659.606
744.879
820.079
827.345
633.141
101.237
45.5412
40.8044
51.8845
76.5572
21.095
98.6154
109.417
84.0238
57.7062
75.06
112.579
74.6324
90.8735
77.4919
79.0759
67.4759
59.4138
3.60555
476.177
448.698
356.114
435.776
444.946
396.011
387.466
380.789
408.936
511.048
481.017
354.361
514.995
382.46
407.59
399.112
498.678
398.407
415.766
382.256
399.246
358.615
404.776
456.572
402.28
395.182
394.036
404.401
448.529
404.98
396.989
446.04
475.946
775.872
788.92
783.079
760.561
665.174
784.207
763.508
868.632
632.887
862.744
651.012
923.106
604.425
709.023
889.342
720.39
678.001
660.129
878.13
628.753
820.061
706.154
868.007
831.188
693.68
844.788
851.029
717.948
682.012
722.2
802.9
869.347
884.107
696.449
131.244
87.7268
49.6488
74.6324
112.898
78.0256
16.0312
42.9535
144.586
172.026
200.062
27.8029
10.4403
68.9638
83.6301
54.5894
97.9439
97.6934
386.65
354.001
267.526
348.31
357.718
305.251
294.749
285.063
310.976
419.301
386.021
262.101
421.076
284.586
309.763
314.606
405.242
310.466
318.324
294.002
307.103
271.93
307.787
360.401
310.01
303.295
309.517
316.362
362.278
310
310.537
354.634
388.361
692.044
694.162
721.561
681.212
598.506
693.43
685.998
784.421
557.09
794.258
559.16
854.19
531.654
632.608
814.313
655.681
616.847
579.79
794.074
548.176
743.915
622.603
779.314
753.627
618.939
783.457
758.718
634.716
590.641
629.42
713.278
786.315
795.438
603.187
45.1774
87.0057
78.2624
24.5153
98.2497
142.836
100.648
84.3801
83.2346
128.062
103.479
121.754
82.2253
124.535
82.7345
48.0416
48.0521
484.059
461.706
364.781
442.408
451.284
405.848
399.164
395.608
426.241
520.603
494.082
366.117
526.659
399.892
424.721
404.02
509.967
405.899
432.302
390.233
410.265
365.788
420.83
471.173
413.378
406.021
399.031
411.886
454.07
418.718
403.358
455.862
482.233
777.342
800.272
770.639
758.871
656.175
791.461
760.564
870.064
629.543
853.821
659.822
914.224
599.401
705.626
884.297
709.98
665.932
659.63
879.414
628.611
815.987
707.721
873.112
828.002
689.297
831.986
859.574
719.222
690.219
731.632
809.03
869.883
889.144
706.476
49.7293
37.6563
35.1283
59.6657
100.603
55.5428
98.27
111.324
151.924
60.4401
78.8733
40.05
102.108
37.5766
20.6155
39.6989
443.137
418.766
323.348
402.005
411.03
364.003
356.602
352.03
382.05
479.004
451.154
323.483
484.249
355.647
380.569
364.397
467.68
365.049
388.301
349.143
367.967
325.014
376.942
427.739
371.055
363.786
359.356
371.049
414.204
375.494
363.022
414.088
442.041
739.868
758.127
742.893
723.277
625.634
751.024
725.772
832.647
594.95
823.284
618.634
883.67
565.926
671.107
850.954
680.562
637.85
623.254
842.084
592.001
781.962
670.16
833.735
793.393
655.43
804.555
818.587
681.834
649.308
690.219
769.127
832.983
849.806
664.808
60.0083
65.7951
76.6094
57.6888
46.0435
97.0464
122.809
153.395
25.02
39.2173
56.8243
59.9416
38.2753
67.1863
48.3011
431.589
401.28
311.752
392.2
401.513
350.629
341.037
332.728
359.635
465.311
433.462
308.104
468.068
333.191
358.366
356.968
452.004
354.497
366.771
338.142
353.142
315.228
356.034
408.336
356.114
349.206
351.869
360.455
405.613
357.358
353.842
400.405
432.385
734.658
741.648
753.642
721.732
632.87
739.194
725.658
827.271
595.773
829.759
605.33
889.951
568.838
671.692
852.923
689.198
648.578
620.666
836.859
589.123
782.989
665.03
824.19
793.374
657.209
815.531
805.179
677.007
636.616
676.036
758.538
828.626
840.31
650.001
72.6911
22.1359
90.2497
32.2025
134.183
148.933
188.905
54.0093
69.2315
5.83095
119.867
23.1948
31.3847
74.686
406.399
383.444
286.845
365.034
374.005
327.768
320.919
317.479
348.511
442.634
415.82
287.863
448.447
322.237
346.954
327.153
431.779
328.258
354.401
312.463
332.063
288.174
342.854
392.98
335.172
327.832
322.126
334.253
377.048
340.485
326.014
377.816
405.001
702.286
722.139
706.597
685.624
588.656
714.118
688.149
795.063
557.348
786.253
582.053
846.623
528.441
633.505
813.449
643.833
601.506
585.601
804.492
554.355
744.393
632.582
796.492
755.778
617.888
768.329
781.924
644.24
612.595
653.764
732.033
795.358
812.554
628.5
94.541
123.065
88.0738
68.593
76.844
119
85.235
102.903
75.1665
100.02
70.214
48.3011
23.5372
478.067
452.991
358.201
437.029
446.072
398.723
391.051
385.861
415.249
513.764
485.372
357.918
518.715
388.799
413.818
399.501
502.204
400.011
421.716
384.064
402.525
360
410.479
461.637
405.601
398.369
394.458
406.011
449.285
409.568
398.062
448.813
477.085
774.969
792.652
775.817
758.19
659.412
786.006
760.561
867.747
629.686
857.103
653.478
917.502
600.435
705.842
885.478
714.018
670.858
658.256
877.18
627.026
816.618
705.263
868.831
828.158
690.038
837.385
853.459
716.927
684.211
724.997
804.18
868.047
884.905
699.514
94.0479
36.6742
156.17
170.988
211.028
64.195
75.4255
21.6333
136.213
38.4187
50.2494
96.6644
385.811
364.232
266.582
344.209
353.115
307.743
301.438
299.04
330.893
422.404
396.57
268.486
428.753
304.777
329.273
306.015
412.001
307.651
336.467
291.988
312.359
267.541
324.778
374.258
315.484
308.084
301.007
313.638
356.001
321.602
305.164
357.716
384.083
680.6
702.186
684.691
663.658
566.563
693.289
666.109
773.372
535.284
764.147
561.573
824.514
506.32
611.442
791.334
621.798
579.59
563.724
782.786
532.508
722.305
610.909
775.284
733.728
595.786
746.443
761.331
622.534
591.977
633.392
711
773.576
791.334
608.271
58.8558
147.872
177.116
202.094
40.2244
21.9545
84.6463
78.848
69.4622
112.294
105.816
388.182
353.409
269.943
350.721
360.174
306.615
295.327
284.176
308.585
419.869
385.187
263.059
420.685
282.347
307.47
318.148
405.112
312.877
316.267
296.385
307.878
275
306.059
359.001
310.717
304.199
313.081
318.71
365.045
309.414
313.465
355.533
390.585
694.88
693.001
729.433
685.298
605.585
693.957
690.545
787.051
562.254
800.712
559.422
860.5
537.573
637.497
819.32
663.049
624.933
583.762
796.741
552.139
748.727
625.608
780.518
758.083
624.247
791.294
758.584
637.798
591.053
629.21
714.213
789.286
796.639
602.798
138.08
159.079
194.551
28.178
39.0128
26.4008
102.942
18.0278
59.4138
81.0987
392.154
365.308
272.09
351.82
361.011
312.04
303.727
297.893
327.19
427.095
397.669
270.599
431.342
300.746
325.751
315.42
414.946
314.407
333.642
298.242
315.406
274.658
322.416
373.687
318.454
311.315
310.335
320.4
364.683
321.753
313.081
362.088
392.001
692.614
705.307
707.778
678.372
587.388
700.183
681.859
785.337
551.632
784.462
567.032
844.702
524.15
627.664
808.599
643.542
602.695
577.59
794.869
546.123
738.891
622.913
784.075
749.577
612.852
769.656
767.053
634.78
598.003
638.283
718.902
786.298
800.178
612.595
33.9411
56.5685
122.066
134.373
134.852
85.2115
123.081
115.603
59.5063
528.516
498.145
408.589
488.881
498.158
447.644
438.073
429.421
455.536
562.356
530.273
405.149
565.022
429.16
454.335
453.131
549.001
451.249
462.909
434.937
450.188
411.807
452.356
504.892
453.159
446.252
448.038
457.22
502.096
454.186
450.371
497.443
529.079
830.578
838.468
840.765
816.385
722.615
836.212
819.699
923.275
689.281
920.127
702.377
980.472
661.236
765.373
946.009
777.961
735.68
715.659
932.824
684.199
876.522
760.892
921.024
887.407
750.287
902.481
902.222
772.787
733.655
773.065
855.473
924.334
937.141
747.003
45.2548
147.363
161.617
150.814
118.849
142.425
124.788
78.0064
551.232
523.24
431.167
510.824
519.986
471
462.277
455.036
482.403
586.014
555.515
429.197
589.713
455.95
481.12
474.046
573.461
473.466
489.47
457.316
474.128
433.665
478.65
530.754
477.151
470.086
468.975
479.46
523.53
479.43
472.019
521.009
550.989
850.508
863.567
852.191
834.499
736.204
859.257
837.082
943.282
706.272
933.9
726.001
994.302
677.195
782.43
962.233
790.691
747.3
734.33
952.757
703.022
893.283
780.787
943.04
904.71
766.74
913.687
926.009
792.535
757.032
797.123
877.958
943.835
959.138
771.314
178.404
190.011
190.055
131.867
179.234
167.296
114.843
584.973
554.014
465.086
545.422
554.704
504.017
494.259
485.125
510.569
618.634
586.069
461.391
621.007
484.266
509.419
509.698
605.067
507.774
518.117
491.449
506.436
468.36
507.718
560.432
509.393
502.527
504.605
513.741
558.659
510.025
506.93
553.76
585.618
887.119
894.224
894.654
872.7
777.512
892.575
875.864
979.822
745.335
975.136
758.634
1035.51
716.994
821.455
1001.89
832.485
789.649
772.057
989.368
740.616
932.542
817.428
977.53
943.561
806.207
956.264
958.409
829.313
789.963
829.195
911.927
980.845
993.648
803.062
18.4391
49.0408
75.6637
31.257
72.4983
71.1688
406.597
376.34
286.791
367.283
376.607
325.615
316.025
307.86
335.06
440.291
408.54
283.087
443.091
308.6
333.766
332.223
427.011
329.56
342.107
313.193
328.123
290.353
331.303
383.51
331.097
324.187
327.124
335.515
380.757
332.435
328.977
375.385
407.462
709.941
716.715
731.479
697.382
610.001
714.178
701.486
802.526
571.79
806.624
580.311
866.755
545.202
647.636
829.002
666.588
626.486
596.231
812.124
564.67
758.953
640.335
799.218
769.192
633.336
793.385
780.164
652.334
611.596
651.028
733.541
803.963
815.339
625.003
63.7887
76.3217
47.7598
90.3549
87.3212
396.168
364.005
276.848
357.593
366.984
314.841
304.532
295.137
321.255
429.05
396.062
271.812
431.029
294.853
320.031
323.543
415.146
319.766
328.562
303.318
316.836
281.05
317.984
370.54
319.758
313
318.449
325.678
371.446
320.014
319.678
364.321
397.685
701.122
704.23
728.435
689.853
605.832
703.154
694.46
793.557
565.321
801.864
568.958
861.859
539.56
640.94
822.572
662.842
623.619
588.49
803.197
556.884
752.262
631.634
788.863
762.115
627.096
790.342
768.586
643.72
600.402
639.313
722.901
795.34
804.988
613.117
116.765
18.9737
36.2353
75.3923
403.21
379.606
283.51
362
371.012
324.299
317.208
313.383
344.154
439.241
411.99
284.121
444.798
317.844
342.615
324.347
428.169
325.098
350.134
309.233
328.445
285.044
338.634
388.959
331.545
324.234
319.307
331.097
374.162
336.535
323.006
374.37
402.02
699.941
718.58
706.174
683.697
587.77
711.045
686.391
792.72
555.666
785.306
578.778
845.66
527.003
631.817
811.962
643.134
601.066
583.525
802.168
552.233
742.782
630.227
793.686
754.046
616.338
767.941
778.7
641.923
609.397
650.423
729.099
793.131
809.757
625.084
98.1122
122.184
76.4853
466.759
430.68
348.769
429.532
438.99
385.175
373.53
361.332
384.005
497.945
462.18
341.492
498.037
358.068
383.021
396.945
482.702
391.695
392.082
375.203
386.174
353.842
382.294
435.46
388.973
382.562
391.874
397.519
443.888
386.774
392.312
433.849
469.359
773.716
769.315
804.756
764.01
682.047
771.869
769.096
865.862
640.479
877.884
637.195
937.82
615.248
715.883
897.652
739.124
699.933
662.499
875.557
630.876
827.16
704.454
858.836
836.675
702.385
866.663
835.936
716.646
668.922
706.552
792.389
868.13
874.951
679.991
43.6005
64.7765
409.031
382.896
289.002
368.44
377.584
329.184
321.137
315.653
345.129
444.253
415.269
288.002
448.786
318.693
343.682
331.646
432.339
331.151
351.537
315.057
332.728
291.29
340.278
391.435
335.789
328.609
326.572
337.148
381.105
339.411
329.607
379.258
408.593
708.436
722.751
719.824
693.474
600.375
717.07
696.656
801.19
566.202
797.7
584.123
858
538.223
642.3
822.942
656.165
614.706
592.899
810.695
561.488
753.441
638.719
800.626
764.359
627.214
781.655
784.143
650.53
615.013
655.477
735.612
801.963
816.721
629.865
58.8982
436.033
414.198
316.83
394.367
403.243
357.968
351.511
348.554
379.796
472.652
446.557
318.512
478.909
353.545
378.227
356.006
462.18
357.874
385.623
342.231
362.509
317.762
374.04
423.962
365.63
358.247
351.013
363.86
406.044
371.393
355.317
407.953
434.195
729.762
752.409
727.555
711.883
611.465
743.42
713.881
822.508
582.91
809.164
611.808
869.568
553.231
659.042
838.251
665.904
622.615
612.356
831.883
581.257
769.63
660.11
825.155
781.404
642.982
789.108
811.542
671.658
642.185
683.638
761.016
822.475
841.193
658.52
473.238
445.539
353.171
432.906
442.088
393.001
384.376
377.573
405.623
508.025
477.849
351.279
511.88
379.148
404.283
396.34
495.581
395.506
412.478
379.338
396.182
355.744
401.508
453.349
399.212
392.128
391.261
401.498
445.71
401.801
394.143
443.018
473.084
773.212
785.789
781.282
758.078
663.158
781.256
761.097
865.966
630.518
860.698
648.003
921.052
602.163
706.646
887.046
718.46
676.192
657.59
875.471
626.199
817.712
703.496
865.153
828.785
691.365
843.009
848.015
715.305
679.027
719.156
800.001
866.729
881.255
693.382
59.5399
120.067
43.0116
35.7771
81.5843
94.578
114.39
114.978
40.3113
57.0789
125.399
58.8982
129.958
114.11
83.8153
44.7772
78.1601
105.262
94.0053
81.5966
118.271
106.775
73.6817
79.1202
84.7703
88.2326
72.1734
37.6431
90.2109
81.3941
35.5106
17.0294
309.026
318.347
403.277
307.363
276.123
308.041
316.735
400.181
203.295
446.431
175.824
502.309
195.167
269.409
447.147
332.826
314.506
207.762
409.956
177.609
376.092
241.081
392.703
381.938
262.414
460.214
375.533
253.553
206.197
247.823
326.957
403.547
408.828
223.258
102.883
66.0984
68.0661
62.426
63.2456
69.3542
57.6281
71.5542
32.3883
95.8019
67.3647
77.4726
57.2014
94.3398
52.6308
75.1665
47.634
83.8689
54.1202
107.336
52.3259
18.9737
51
58.5918
96.2601
71.4003
76
44.0114
84.2021
33.0151
74.4648
356
340.376
462.624
359.807
335.65
341.786
370.645
444.936
261.748
503.462
206.981
558.456
254.678
325.466
500.461
392.23
373.916
262.488
454.78
233.452
429.802
290.374
430.308
434.373
319.766
519.219
405.265
302.899
238.902
275.879
363.255
449.806
446.346
249.393
80.8084
90.2441
41.7612
41.7732
59.2368
95.7706
155.824
133.933
25.0799
163.233
81.4923
93.5361
52.0096
146.25
42.9535
94.8683
26.4764
48.7647
12.1655
83.5284
117.324
51.8845
44.2945
47.5079
48.8365
95.2103
67.897
44.2832
91.2414
120.839
424.953
435.726
483.694
417.085
355.196
428.095
423.671
517.116
298.933
542.584
295.286
601.041
279.432
372.179
553.653
413.924
384.096
315.539
526.802
284.016
482.573
355.764
512.445
490.719
361.006
544.152
495.259
368.001
326.038
366.922
446.942
519.394
528.564
341.696
9.48683
48.6004
65.7951
91.8314
106.254
82.8553
82.6801
91.2414
98.0051
112.681
104.676
40.8534
81.6884
37.855
98.2344
54.3415
53.8145
77.1622
94.7048
84.9294
52.6308
55.1725
45.2217
32.0156
16.2788
73.3485
39.0512
33.8378
40.1995
344.246
361.199
417.528
337.831
288.766
349.092
345.353
436.331
224.27
468.991
218.073
526.422
209.476
295.21
475.742
346.988
322.893
236.578
446.025
205.302
404.55
275.191
432.261
411.899
285.631
476.455
417.307
287.48
247.978
290.203
367.196
438.73
448.368
265.936
57.6888
74.5185
99.905
112.161
76.0592
80.9568
100.623
92.8493
120.104
110.693
48.5077
77.0779
47.2969
103.73
63.7887
62.2415
86.3713
101.079
86.4696
60.8276
63.8905
53.1507
41.4849
8.544
80.2621
48.0104
35.0571
31.0161
334.773
353.136
409.497
328.402
280.834
340.178
336.001
426.878
215.372
460.092
209.614
517.403
201.221
286.002
466.412
338.923
315.572
227.185
436.568
195.941
395.218
265.707
423.065
402.498
276.603
468.21
408.589
277.995
239.309
281.78
358.113
429.253
439.167
257.721
18.3576
46.6154
72.2496
115.07
92.5743
43.9659
121.511
69.9214
70.1783
44.0114
104.561
21.095
67.4685
22.0227
11.4018
44.9444
59.1354
78.5175
13.4164
9.05539
43.1856
22.4722
64.8151
37.6563
31
50.0899
85.6154
389.924
394.443
464.904
385.507
336.03
388.568
393.468
481.449
272.853
517.568
255.002
575.022
257.391
343.682
523.927
394.468
368.741
284.529
491.203
253.411
452.731
321.409
474.072
459.762
334.229
524.218
455.018
333.804
286.086
326.3
408.065
484.481
490.196
300.806
28.4605
57.9741
124.579
95.3362
33.1361
127.664
52.1728
55.7853
60.8276
111.221
38.6005
55.0364
33.3766
13
49.4065
44.9222
76.1577
15.5242
10.6301
59.2115
40.7185
82.0731
26.4008
47.8539
60.4152
100.722
403.604
401.617
482.888
400.775
354.035
398.72
409.216
494.659
289.883
534.597
264.426
591.805
275.138
360.011
539.723
412.412
387.005
300.167
504.445
269.258
468.54
335.555
485.309
475.184
351.013
542.059
464.155
348.006
295.895
335.006
418.896
498.121
501.423
309.058
37.6431
138.6
101.02
38.4187
136.719
24.0832
35.4683
89.0505
121.655
67.0522
39.4081
60.1332
38.2753
69.9214
27.2029
75.8024
39.2046
38.0132
87.1321
69.0797
107.935
25.7099
76.1577
78.8923
123.227
421.77
409.099
509.338
421.74
380.596
411.013
431.045
511.846
314.341
558.813
276.212
615.481
301.126
383.001
561.495
438.782
414.363
322.009
521.671
291.565
490.408
354.696
499.168
496.324
374.892
568.114
474.605
367.208
308.084
345.22
432.241
516.047
515.233
318.693
128.472
83.006
76.0592
119.971
26.4764
2.23607
116.108
107.782
93.086
10
91.2195
61.0737
105.603
13.1529
54.0833
60
63.3877
115.434
93.0215
120.702
35.0143
103.175
81.8352
127.883
412.418
385.519
517.768
417.33
389.964
393.158
428.267
500.465
318.247
560.758
258.925
615.969
309.273
382.953
558.032
447.219
426.589
320.095
510.314
290.931
487.411
347.477
482.962
491.867
376.904
575.087
454.12
359.99
290.931
325.214
415.655
505.832
498.895
298.221
48.9183
157.258
25.1794
148.977
128.281
123.693
23.0217
115.732
118.512
130.698
112.219
155.541
123.879
76.5768
109.293
116.108
127.945
109.882
77.666
112.929
120.208
65.0077
51.6236
284.45
280.143
402.24
289.201
278.548
274.142
300.776
373.631
198.957
436.241
140.032
490.03
198.305
257.635
430.029
332.728
320.358
193.752
383.47
166.193
359.68
219.009
361.083
363.637
253.823
456.653
340
231.525
171.353
211.237
294.459
378.319
377.18
185.874
128.098
37
106.231
83.2166
118.106
26.1725
102.005
73.3894
113.018
85.44
137.354
81.0247
29.0689
82.28
89.8888
120.934
97.3088
87.0919
76.1052
109.877
50.3289
74.108
329.947
308.196
450.122
337.179
325.26
311.238
349.206
417.527
247.194
485.153
176.59
538.817
244.499
306.537
478.048
380.296
365.874
242.588
427.376
215.102
407.942
266.011
400.472
411.433
302.676
505.079
373.836
278.476
208.598
244.495
333.246
423.065
416.454
217.83
160.798
58.3095
73.8783
71.4003
144.347
55.6058
77.1038
41.0366
45.0444
37.2156
65.0538
107.154
48.0104
41.1947
67.6757
60.4649
107.042
54.5619
60.8276
92.5419
129.449
433.887
434.753
502.865
428.991
374.076
431.342
436.591
525.405
314.341
558.802
297.242
616.718
296.892
386.215
566.961
432.752
404.501
327.808
535.161
296.543
495.774
365.329
517.464
503.12
376.09
562.873
497.081
377.712
328.609
368.001
451.243
528.444
533.585
342.118
143.136
120.208
137.906
17.088
126.317
110.386
139.786
116.4
164.757
117.881
65.9242
113.283
120.669
141.662
120.83
96.1769
111.288
132.378
72.8011
73.2462
293.615
273.967
423.066
302.63
300.821
274.591
315.398
380.718
219.586
453.259
139.832
505.89
221.163
274.711
443.411
354.054
343.402
210.376
390.565
184.44
373.738
230.601
363.573
376.566
272.36
476.447
337.926
243.002
171.814
208.54
296.385
386.436
379.569
182.135
25.1794
112.969
129.692
90.7083
34.0147
84.214
60.5392
92.7631
25.2982
78.0897
60.8358
61.0328
111.158
92.3472
128.413
40.3609
100.02
94.8472
140.716
433.417
411.274
529.306
436.033
400.8
417.382
446.161
522.389
332.34
576.212
282.809
632.26
320.782
399.362
576.369
458.705
435.561
337.405
532.234
307.509
505.466
367.441
506.696
510.656
392.168
587.573
479.16
379.971
314.821
350.036
439.477
527.273
522.683
323.149
114.07
107.787
91.0494
9.84886
89.0505
59.0339
103.368
11.0454
54.4059
58.0086
61.2944
113.358
91.0494
119.231
33.0606
101.124
80.7094
126.827
412.378
386.419
516.721
416.99
388.846
393.662
427.834
500.568
317.402
560.073
259.347
615.374
308.196
382.351
557.66
446.161
425.329
319.581
510.416
290.331
487.001
347.288
483.373
491.545
376.183
574.125
454.814
359.806
291.359
325.848
416.079
505.863
499.317
298.88
121.202
23.0217
110.766
30.8869
55.0364
43.8292
103.044
112.872
56.2228
53.0377
5.09902
24.0416
50.1597
81.2219
13.0384
67.897
78.7718
377.725
401.642
432.043
367.289
303.416
387.683
373.173
470.306
247.33
490.667
257.955
549.229
227.423
321.104
502.813
362.138
333.156
265.707
479.901
234.094
431.845
308.151
469.345
440.477
309.467
492.349
456.53
320.2
287.392
330.135
405.011
471.832
485.412
306.198
109.252
97.9439
122.703
99.7246
147.679
104.403
54.6443
96.6282
103.947
124.868
103.788
81.0555
96.026
115.412
55.7136
60.5392
304.647
290.451
425.141
311.103
301.086
289.365
323.048
392.869
221.923
459.077
154.574
512.657
220.629
280.446
451.97
355.542
342.486
216.449
402.717
189.13
381.811
240.185
377.689
385.406
276.81
479.66
353.511
252.67
186.43
224.181
310.664
398.077
393.732
198.003
87.8237
16.4924
32.0156
40.1123
80.025
93.0054
33.2415
30.1496
22.8035
6
52.5547
58.2151
10.198
53.6656
77.9295
382.05
395.79
447.948
374.883
319.081
386
381.921
474.175
258.801
503.206
253.955
561.178
241.423
331.05
512.138
377.69
350.601
273.441
483.865
242.012
440.985
312.923
469.793
448.743
320.624
507.711
453.689
325.186
284.345
325.885
404.495
476.513
485.906
301.086
87.5957
56.0892
103.942
12.2066
44.643
54.5894
58.9406
110.476
87.2067
112.272
29.8329
98.0051
72.5603
118.431
402.548
377.26
508.252
407.333
380.573
383.986
418.269
490.719
308.475
550.848
249.612
606.012
299.817
373
548.033
437.723
417.481
310.111
500.568
280.979
477.411
337.52
473.624
481.872
367.022
565.446
445.337
350.036
281.626
316.304
406.341
496.018
489.575
289.365
32.7567
25
78.1025
100.409
35.2278
29.0689
27.8568
22.3607
68.9493
57.9396
19.799
67.0522
94.3663
398.54
410.836
461.832
391.164
333.054
402.02
398.045
490.667
274.303
518.475
269.602
576.632
256.088
346.944
528.187
391.737
363.573
289.679
500.357
258.213
457.056
329.401
486.087
464.949
336.238
521.875
469.47
341.658
300.167
341.41
420.685
493
502.204
316.413
53.9073
48.0104
69.029
3.16228
4.47214
54.4518
32.3883
70.0357
26.3059
42.107
47.676
87.818
390.621
390.16
471.307
387.827
342.511
386.328
396.34
481.715
277.462
522.143
252.198
579.227
263.287
347.282
526.849
400.78
376.09
287.279
491.498
256.416
455.672
322.555
472.671
462.252
338.457
530.269
452.054
335.006
283.572
323.014
406.341
485.143
488.788
297.204
93.0215
122.919
56.8507
49.5782
38.9487
46.0977
90.4268
75.8024
38.6394
92.0489
117.346
420.115
435.68
473.932
410.819
345.636
426.011
416.909
512.509
291.11
534.177
294.065
592.866
270.633
364.929
546.619
404.353
373.805
309.226
522.153
277.635
475.631
350.708
509.419
484.154
353.261
534.577
493.794
362.857
324.446
365.978
444.325
514.418
525.524
341.116
53.2353
47.0425
50.2494
102.313
80.0999
109.59
22.2036
90.0888
72.4707
118.697
408.326
387.063
508.414
411.588
380.296
392.245
422.019
497.154
309.919
553.176
257.614
608.836
299.822
375.832
552.081
437.824
416.27
313.461
507
283.863
481.273
342.586
481.453
486.195
369.177
566.132
454.341
355.114
289.62
325.129
414.251
502.109
497.446
298.304
66.0681
73.4098
114.586
89.5879
94.1913
52.811
102.343
51.4782
89.7385
358.987
334.006
474.57
365.646
348.472
339.391
377.351
446.578
272.485
512.275
204.971
566.446
267.479
333.802
506.503
404.401
387.764
270.148
456.426
242.033
436.232
294.824
428.981
440
329.196
530.377
401.128
307.304
236.985
271.958
361.699
452.134
444.933
245.098
7.61577
55.9017
33.0606
68.7677
25.02
43.4166
44.911
85.7555
388.135
387.072
470.153
385.648
341.397
383.423
394.275
479.15
275.828
520.47
249.243
577.458
262.011
345.388
524.786
399.606
375.257
285.203
488.938
254.403
453.618
320.156
469.864
460.101
336.715
529.004
449.071
332.615
280.644
320.006
403.496
482.645
485.979
294.17
52.0865
31.3209
71.4493
29.1204
40.0125
51.3517
90.3549
393.732
394.351
472.366
390.448
343.526
390.155
398.779
484.951
279.258
523.974
256.125
581.202
264.552
349.464
529.281
401.877
376.691
289.746
494.726
258.791
458.093
325.53
476.321
464.824
340.407
531.489
456.027
337.966
287.446
327.038
410.06
488.27
492.441
301.281
25.0599
55.0818
80.7527
12.6491
70.9366
83.6002
382.824
406.263
436.29
372.329
307.729
392.617
378.164
475.405
252.163
495.362
262.711
553.979
232.002
326.034
507.765
366.456
337.125
270.751
485
239.136
436.811
313.249
474.381
445.486
314.312
496.679
461.4
325.297
292.226
334.887
410.005
476.929
490.45
310.871
47.0106
58.0086
12.8062
48.3735
72.0069
376.258
389.895
443.898
369.385
315.013
380
376.558
468.344
253.886
498.401
247.978
556.26
237.008
325.862
506.826
373.569
347.023
267.989
478.039
236.597
435.66
307.176
463.816
443.308
315.626
503.51
447.699
319.453
278.352
319.92
398.502
470.737
479.93
295.149
88.6848
51.788
43.0116
28.8617
329.848
352.227
401.404
322.374
272.685
337.535
329.621
422.147
208.038
452.754
208.079
510.24
193.259
279.213
459.945
330.847
307.189
220.989
431.807
189.621
388.765
260.578
419.577
396.313
269.462
460.248
406.389
272.8
237.306
280.252
355.001
424.242
435.662
256.603
68.3593
54.8179
100.419
396.415
384.293
489.05
397.203
360.624
385.389
406.882
486.31
292.043
536.064
250.599
592.301
280.492
359.518
537.239
418.446
395.828
297.955
496.139
267.8
466.228
329.597
473.466
471.819
352.03
547.234
449.214
342.118
282.448
319.828
406.553
490.624
489.532
293.384
60.4649
79.0253
381.526
399.712
442.037
372.877
313.255
388.129
379.389
473.888
254.939
498.935
257
557.197
236.358
327.942
509.377
371.938
343.903
271.312
483.538
239.771
438.292
312.162
471.021
446.455
316.948
502.078
456.344
324.336
287.005
329.091
406.123
475.862
487.119
304.646
46.2277
343.759
344.503
436.056
342.848
308.138
338.851
352.239
434.504
237.626
481.365
205.01
537.499
227.502
304.7
482.656
365.483
344.942
243.249
444.303
213.002
411.597
276.176
425
417.433
297.321
493.666
405.001
288.669
236.212
276.219
358.709
438.207
441.118
250.721
304.685
323.371
389.895
300.097
262.149
309.233
308.527
396.556
191.627
435.744
179.254
492.26
181.395
259.825
439.038
319.338
299.633
199.462
406.273
168.656
367.865
235.919
392.074
374.472
251.748
447.438
377.816
248.284
208.626
251.432
327.098
399.224
408.179
227.741
173.159
239.008
55.9017
201.884
100.449
75.9605
92.7793
163.218
204.025
167.622
239.385
200.172
105.262
162.077
204.793
240.26
120.814
102.259
150.053
105.537
69.7209
114.739
97.6934
127.004
262.275
149.773
58.1378
141.4
141.354
86.406
94.5569
127.91
158.761
410.888
226.515
350.538
73.0616
247.504
197.585
281.737
373.301
145.248
399.541
315.159
258.936
316.741
368.917
395.339
232.8
204.707
244.696
275.016
184.838
138.698
262.618
276.843
435.178
80
185.224
120.441
75.2928
94.2019
212.84
149.937
95.8175
184.391
128.888
339.065
163.478
268.65
203.482
104.12
354.686
157.258
208.6
164.879
175.966
70.6045
105.119
222.892
270.836
241.456
154.509
240.033
331.421
173.807
157.178
61.9112
384.079
234.105
343.583
364.549
324.778
253.823
337.929
372.048
151.433
154.806
21.095
123.016
131.015
162.484
193.706
207.196
165.511
59.203
140.869
149.215
186.682
101.592
130.507
133.195
71.5052
74.4043
164.438
74.6257
80.6536
212.398
205.322
63.2851
173.692
185.084
142.271
116.902
175.602
197.434
287.251
139.086
271.906
86.1452
197.699
257.391
258.105
81.0062
96.8762
236.034
58.7282
47.5184
123.94
278.259
130.004
176.74
165.711
315.221
194.054
75.8222
188.958
348.983
166.412
255.666
288.201
282.781
262.88
326.888
287.36
175.602
133.963
227.02
300.54
134.807
328.672
262.855
192.421
246.562
300.257
330.189
177.589
142.411
196.209
202.089
123.762
91.6788
190.163
211.896
362.163
71.5122
121.037
102.956
71.1969
26.9072
147.353
107.019
97.9439
132.823
131.034
144.028
211.625
191.471
163.196
55.2268
130.511
131.034
171.058
109.078
139.316
140.064
59.3633
91.2414
180.325
67.72
74.2428
191.588
224.379
81.1542
192.925
205.789
162.308
124.31
190.507
217.497
250.599
197.408
246.887
209
286.575
182.187
126.194
257.379
301.763
212.009
9.84886
242.132
114.202
162.496
70.3491
94.8683
203.652
270.769
136.235
150.851
216.689
200.212
107.378
17.1172
71.7844
224.243
244.724
173.669
302.379
37.1618
76.1577
257.257
134.833
133.015
49.5177
258.985
44.4072
187.259
104.561
276.154
198.494
62.1772
257.938
295.269
110.941
175.96
213.178
229.369
246.733
290.271
208.147
355.647
60.407
263.949
178.645
80.4301
145.527
194.034
242.887
196.42
270.248
98.732
235.238
266.79
111.041
184.043
77.0065
328.673
225.109
336.149
344.42
280
180.58
269.164
359.006
400.285
198.323
190.066
327.844
295.108
304.907
135.059
256.628
129.541
263.623
120.54
224.04
261.222
198.567
396.869
200.022
130.587
32.0156
72.1803
156.732
254.825
239.971
49.6588
323.246
233.026
83.2947
205.448
253.18
296.299
205.197
325.043
136.693
281.571
279.088
141.693
240.801
111.79
345.093
270.416
378.001
380.518
305.367
192.01
277.953
397.917
108.042
285.044
138.004
122.262
85.4459
294.771
71.2811
216.723
141.315
313.308
229.593
90.0944
266.993
331.73
148.03
204.941
244.61
266.062
282.057
327.393
237.036
181.86
111.086
137.844
64.405
189.708
92.0217
111.328
77.1038
219.401
122.376
21.9545
208.125
252.301
74
179.025
203.394
186.317
175.935
231.718
208.291
196.329
246.775
239.585
123.045
270.52
71.1969
213.588
196.499
67.1789
195.747
157.433
262.002
201.527
303.152
301.47
222.686
109.115
196.306
320.525
50.4876
160.449
262.002
175.111
149.003
188.088
310.923
168.44
97.2522
130.231
354.497
184.889
287.92
314.377
290.617
245.416
320.358
318.159
171.269
307.093
177.181
197.091
210.718
350.956
216.095
118.596
166.964
389.344
210.297
302.927
334.655
323.804
290.875
361.522
334.512
221.009
31.6228
168.434
56.3649
230.532
175.328
65.8027
270.496
246.293
64.56
131.735
165.919
180.76
210.535
245.204
163.515
251.287
116.846
171.977
74.027
97.1854
211.009
270.712
141.028
160.253
226.356
209.323
115.676
17.0294
73.3485
233.555
199.324
82.201
256.603
206.737
87.9204
292.588
266.721
92.3472
133.843
173.404
202.766
241.299
271.708
166.003
145.715
178.037
19.8494
126.696
162.807
235.053
134.201
241.495
246.562
182.395
99.8248
183.698
262.414
174.723
146.455
92.6984
277.908
190.801
12.53
104.235
126.301
124.808
163.713
189.663
132.015
160.078
241.299
338.705
67.6831
166.027
192.044
162.825
67.3573
87.4643
16.1245
189.621
139.607
179.12
218.888
134.358
237.356
238.883
169.027
80.1561
165.061
256.33
205.295
273.178
91.7061
190.672
218.305
206.959
196.939
253.663
221.045
397.759
269.948
382.039
397.373
344.224
254.348
342.422
408.285
185.914
169.358
129.387
66.5282
153.118
74.7329
156.042
112.294
130.648
119.474
151.634
180.646
138.611
45.1774
124.724
225.364
207.964
32.2025
97.0824
211.646
178
27.2029
121.198
83.2406
123.309
88.6002
234.866
204.919
