100
127.534
105.109
255.143
253.665
143.224
161.251
39.0512
161.186
75.2396
130.384
42.0476
206.119
195.78
122.919
331.789
97.0979
306.124
119.854
128.876
273.591
233.497
229.837
180.003
285.17
297.2
120.37
151.119
109.037
266.282
303.424
96.2549
175.801
650.342
445.323
608.482
401.181
565.15
635.985
455.11
548.767
512.001
685.707
432.7
379.486
601.24
522.165
647.007
511.249
616.283
529.551
603.511
571.004
483.249
410.444
495.02
435.404
450.371
539.727
462.261
663.329
606.699
668.788
486.352
668.186
535.076
401.798
631.028
659.149
448.83
566.265
632.653
619.839
419.148
663.133
477.435
581.538
568.3
449.752
488.201
441.78
683.059
454.341
483.269
579.452
520.325
532.288
414.27
536.806
672.488
466.177
588.657
720.856
543.052
396.456
702.419
564.143
632.361
452.09
663.834
232.545
378.889
293.641
212.641
247.833
94.6256
266.068
190.263
153.951
133.735
208.062
121.824
218.6
444.213
224.118
388.012
190.394
100.08
366.28
341.104
222.396
83.7377
412.418
422.702
21.2603
252.242
190.058
391.343
350.897
35.0143
262.208
752.989
548.485
721.1
492.355
684.191
746.127
572.617
664.434
616.458
788.495
543.266
480.13
720.409
632.576
764.637
608.56
720.425
636.557
706.548
689.198
590.794
517.472
596.297
527.758
563.004
655.477
571.013
765.278
707.136
782.041
582.355
782.001
652.485
529.31
751.29
777.891
573.171
689.743
759.832
747.302
546.366
790.419
604.95
697.562
695.363
565.645
605.258
569.313
810.033
577.194
604.44
705.902
645.778
647.198
541.166
651.062
797.737
588.221
716.029
848.126
670.577
513.128
829.497
675.392
759.822
571.374
790.919
155.081
271.827
151.331
151.822
141.651
110.059
74.7329
193.536
116
262.071
289.043
118.089
254.88
21.2603
273.13
139.058
218.186
230.521
173.012
287.564
280.451
181.665
197.99
224.118
123.065
132.925
168.671
307.587
200.352
149.325
568.989
367.18
517.357
338.435
467.669
547.161
360.212
454.96
430.847
603.816
346.273
306.663
503.438
434.336
550.529
437.858
533.825
445.313
522.361
474.368
399.242
328.792
417.709
369.818
361.179
445.911
377.308
582.526
528.186
576.563
415.03
575.402
439.52
296.786
532.004
561.513
346.318
464.284
527.577
515.302
314.072
559.025
372.43
487.091
463.276
356.787
393.451
336.859
578.067
353.409
384.012
476.966
416.56
439.447
309.38
444.627
568.739
366.067
484.381
615.755
438.275
303.402
597.378
474.886
527.83
355.186
560.132
395.828
220.32
275.536
293.641
138.105
225.887
345.175
271.046
408.339
444.113
254.096
258.136
172.052
347.174
225.869
373.263
300.017
234.719
433.582
434.181
106.075
145.774
366.891
242.002
278.297
139.14
416.677
344.646
177.73
425.945
234.438
365.387
234.367
312.64
396.869
206.526
301.445
290.945
459.743
202.2
188.605
348.368
286.248
395.641
308.561
390.063
301.121
380.291
319.507
256.562
192.961
283.621
257.381
213.026
292.433
234.096
439.906
389.166
423.562
290
422.064
285.111
171.266
377.012
406.444
194.283
311.207
387.412
388.106
178.832
434.729
242.64
333.089
322.591
204.688
239.654
210.723
435.697
199.218
229.009
365.673
267.529
286.678
170.018
292.323
419.087
211.341
360.423
475.903
310.234
152.161
455.742
324.834
400.431
200.442
438.792
392.216
122.147
241.423
379.512
205.244
141.004
211.873
99.6444
222.827
153.912
266.177
250.715
137.354
370.52
195.164
151.427
187.107
105.361
256.26
348.649
328.71
306.367
155
148.529
303.17
57.7235
291.027
411.597
821.482
627.864
754
608.533
688.169
787.836
594.644
687.396
686.671
854.927
598.018
572.87
721.027
680.413
770.966
701.035
785.514
696.714
776.047
697.499
652.386
587.185
677.93
638.562
607.832
678.723
629.918
835.503
784.929
808.703
680.074
806.133
667.76
460.995
743.259
777.278
551.044
663.363
680.423
640.189
488.525
672.423
525.29
716.416
624.254
596.138
626.369
491.435
732.273
566.703
602.582
576.896
604.44
675.005
491.693
681.534
746.567
582.269
607.01
760.129
576.043
545.825
748.033
716.911
651.556
584.182
667.235
285.161
171.33
82.2192
191.018
273.49
184.491
349.162
319.651
246.077
403.174
165.109
420.23
24.2074
262.42
379.759
324.222
372.543
291.239
299.04
327.385
193.546
263.594
243.824
303.191
437.887
179.672
53.6004
542.896
340.147
519.223
279.952
493.361
541.334
381.18
467.607
408.24
578.333
341.716
271.184
529.215
429.27
569.72
397.03
511.269
430.01
496.864
496.502
385.254
312.706
386.412
315.417
363.655
458.94
366.922
554.821
496.275
580.334
370.568
581.003
458.939
391.082
562.108
584.953
402.24
511.462
603.848
608.307
398.964
655.031
462.935
500.792
539.446
371.335
412.069
430.884
650.158
399.991
420.88
584.406
477.976
449.472
389.509
452.294
625.096
407.848
580.739
691.755
530.504
322.025
670.559
472.451
620.595
383.901
659.085
166.087
261.306
94.3663
113.991
125.929
146.168
232.215
39.4588
206.693
131.187
145.527
265.859
172.154
118.533
103.832
169.047
247.631
241.006
229.63
252.715
33.541
58.1808
200.04
156.064
231.234
296.951
701.471
506.179
637.41
486.621
575.361
670.392
477.658
571.508
565.785
735.263
477.582
450.728
609.262
561.364
658.741
579.146
665.598
576.647
655.717
584.059
531.88
465.715
556.368
516.462
488.365
562.691
509.44
715.417
664.05
693.493
558.014
691.284
552.789
360.006
633.456
666.415
440.883
556.354
588.483
557.417
385.421
594.56
429.979
601.482
528.592
478.089
509.967
394.507
640.631
454.533
489.495
501.889
499.94
558.29
386.412
564.536
647.131
469.554
524.321
672.324
487.201
426.813
657.843
598.89
569.443
468.351
591.65
198.6
96.1769
106.888
41.6773
180.854
157.433
131.59
352.666
130.924
311.174
147.187
92.6607
283.381
251.002
203.002
141.004
318.925
328.184
92.0978
163.768
108.683
296.771
294.742
68.4105
209.402
688.571
483.44
647.476
437.412
604.1
674.863
494.146
587.818
550.333
723.97
471.529
417.168
640.176
561.025
686.018
548.676
654.653
568.149
641.754
610
521.867
448.951
532.962
471.926
489.331
578.778
500.969
701.487
644.64
707.809
523.55
707.221
574.105
437.165
669.863
698.103
486.967
604.587
668.824
654.083
455.379
696.764
512.711
620.588
604.675
488.803
527.243
476.87
719.503
492.858
522.044
611.572
557.979
571.333
450.96
575.84
710.17
504.835
622.562
756.834
577.754
435.507
738.718
603.066
666.588
491.05
697
175.454
283.452
193.992
357.405
355.928
225.801
340.154
130.173
380.48
89.8999
290.062
336.186
274.591
382.46
335.41
221.371
252.81
250.128
233.122
234.764
231.64
417.321
231.106
46.8722
490.494
285.272
455.04
240.784
421.199
480.277
308.911
399.129
352.619
525.952
277.218
218.58
457.359
366.602
500.145
350.127
456.951
371.517
443.732
425.396
325.467
252.169
334.512
274.591
297.027
390.233
305.287
503.271
446.163
516.004
325.166
516.024
388.233
309.006
489.311
514.208
322.541
434.222
522.591
526.104
316.765
572.812
380.716
432.339
458.033
300.816
340.982
348.725
569.467
321.865
345.051
502.691
398.026
381.635
307.417
385.292
546.704
330.775
498.528
610.712
448.288
249.231
589.788
409.353
538.399
309.561
576.886
119.57
57.1402
187.387
222.524
55.0818
257.73
54.7083
235.077
171.493
151.605
199.912
158.316
212.876
220.735
229.915
234.83
188.138
77.5242
59.5483
203.118
247.542
164.201
206.39
643.621
441.891
590.407
411.214
537.923
620.782
432.28
527.189
505.541
678.399
420.63
380.927
573.363
508.328
621.187
512.372
608.398
519.793
597.021
545.133
473.786
403.511
492.416
443.234
435.046
518.16
451.788
657.183
602.917
649.15
489.331
647.785
510.988
350.743
600.907
631.4
412.098
530.212
583.559
564.143
371.446
605.655
425.564
558.961
520.325
429.635
465.46
389.452
634.972
421.233
453.277
518.531
479.409
512.091
368.751
517.488
630.965
434.663
532.077
670.732
488.968
376.431
653.65
548.513
576.585
426.244
605.175
90.6863
75.743
118.533
103.812
320.656
174.184
239.416
249.882
61.2944
225.22
217.635
99.8248
135.074
337.5
333.73
165.593
133.899
71.7008
302.513
197.57
150.083
304.529
762.289
559.497
709.965
523.773
656.526
740.33
551.675
646.595
623.978
797.201
539.808
496.856
691.759
627.764
739.926
628.834
727.231
638.811
715.596
663.977
592.697
521.82
609.932
556.925
554.525
637.574
570.811
775.758
720.924
768.625
605.1
767.208
630.151
459.071
718.679
749.721
528.379
646.152
690.978
664.831
482.105
703.623
532.015
678.246
629.184
549.182
584.825
495.994
742.92
538.719
571.483
612.36
593.304
631.596
480.937
637.028
743.683
552.548
632.001
776.625
592.355
495.997
760.892
668.058
677.05
545.312
701.476
166.184
173.072
90.2497
311.416
100.975
271.426
161.447
102.396
242.297
209.411
190.507
166.172
285.465
291.781
133.225
122.119
70.0643
260.112
262.408
109.859
213.846
678.355
474.17
631.457
434.753
583.536
660.328
475.429
569.952
539.834
713.533
457.918
409.939
619.356
546.882
666.263
542.033
643.758
556.058
631.535
590.099
509.755
437.749
524.344
468.356
474.209
560.897
488.271
691.596
635.814
691.127
517.751
690.159
554.994
405.475
648.003
677.425
461.736
579.828
638.042
620.31
425.169
662.182
480.666
602.304
574.394
471.365
508.665
444.623
689.192
469.308
500.009
575.501
530.911
554.099
421.716
559.047
682.917
482.051
588.402
725.585
544.717
417.905
708.094
588.154
632.776
470.894
661.891
123.438
155.332
339.265
241.588
228.974
325.484
108.342
230.098
243.758
25.4951
158.928
386.291
375.767
224.076
176.182
130.384
346.175
155.682
213.476
379.954
830.394
629.249
773.644
596.863
716.02
805.146
614.296
709.023
692.568
865.009
606.854
568.107
750.608
693.661
799.566
699.706
795.006
706.202
783.901
724.133
660.385
590.665
679.779
629.535
620.272
700.071
638.249
844.038
790.135
831.285
676.506
829.502
691.486
506.025
776.024
808.218
583.967
700.506
734.537
702.038
531.114
738
576.126
739.976
674.759
613.022
647.185
540.675
786.69
596.276
630.335
644.186
645.062
694.77
531.636
700.563
793.023
610.804
668.853
818.013
632.825
560.373
803.794
733.018
713.936
606.586
734.401
220.629
438.554
273.148
345.905
295.772
71.1126
338.754
336.013
125.877
43.4166
450.351
449.74
142.762
252.01
187.619
418.191
279.113
145.344
363.494
845.993
640.872
803.293
593.488
756.595
831.366
648.171
742.499
707.721
881.385
628.246
574.505
792.427
717.62
839.262
705.834
812.025
725.321
799.173
763.102
679.014
606.223
690.375
628.287
645.483
733.445
657.97
858.919
802.049
863.287
680.541
862.472
727.86
571.888
821.03
850.495
633.967
752.118
804.599
781.185
593.485
820.734
645.949
774.989
741.912
643.709
681.388
609.82
856.283
642.112
673.048
730.154
701.912
726.419
591.143
731.194
853.483
655.003
748.535
891.098
707.704
590.265
874.664
759.382
793.484
643.898
818.937
227.009
96.8969
183.208
226.53
154.434
152.109
123.069
180.205
229.491
234.617
229.924
221.237
33.9411
33.1059
198.708
193.197
198.726
259.625
678.565
480.202
618.926
455.988
560.697
650.886
459.373
553.977
541.629
712.82
454.542
422.328
595.333
540.19
644.243
552.294
642.907
553.925
632.383
568.802
508.532
440.478
530.649
486.796
466.854
545.047
486.212
692.37
639.707
676.232
530.325
674.372
536.247
355.928
620.984
652.993
429.261
546.323
587.409
561.121
379.581
600.217
428.431
584.778
525.909
458.541
492.164
392.46
639.401
441.118
475.035
509.557
492.025
539.942
379.047
545.853
641.527
455.555
528.337
672.875
488.545
406.254
657.27
578.913
573.362
451.373
598.318
247.386
144.014
393.402
378.276
114.856
104.139
357.028
453.878
157.867
118.338
444.627
193.073
258.521
119.105
249.451
421.076
386.774
635.689
474.246
548.957
490.422
470.168
585.898
401.035
482.059
516.501
665.019
429.536
441.78
498.094
493.806
547.768
546.937
600.367
517.397
595.081
481.387
480.277
433.207
518.171
509.946
429.635
474.537
459.2
649.835
609.4
595.336
533.361
591.354
459.315
226.102
513.654
549.652
332.415
429.348
422.036
376.005
255.783
406.597
275.136
505.405
371.102
408.751
427.242
245.817
472.95
353.771
390.437
310.865
367.165
474.445
264.121
482.105
495.891
370.163
343.052
497.733
316.659
370.034
487.369
521.437
387.021
385.379
401.128
256.164
150.562
202.062
214.756
160.016
267.082
266.918
188.303
200.529
217.451
103.368
112.004
169.994
287.155
193.352
167.72
589.031
387.738
535.927
359.68
484.572
566.149
378.118
472.987
451.04
623.771
365.936
327.649
520.179
453.63
567.671
458.681
553.766
465.124
542.462
491.55
419.144
349.085
438.275
391.005
380.36
463.949
397.121
602.618
548.547
594.832
435.984
593.542
457.089
306.297
548.234
578.25
360.938
479.07
538.273
523.316
325
566.301
381.811
504.906
474.322
375.197
411.33
345.951
589.164
369.012
400.361
482.358
429.942
457.736
321.123
463.06
581.973
382.064
491.94
626.139
446.857
321.927
608.244
493.875
535.829
372.49
566.851
403.352
300.641
47.2017
112.894
240.285
372.109
269.433
238.076
395.142
158.028
202.527
221.923
107.378
374.733
422.263
757.755
579.649
678.175
578.849
603.757
714.18
523.6
610.764
630.366
789.031
541.07
535.405
633.714
614.7
683.791
653.862
721.84
635.39
714.709
614.353
594.456
537.877
627.271
604.007
545.712
602.688
572.368
771.967
726.815
728.097
636.592
724.613
589.042
363.2
651.659
687.189
464.663
568.31
566.041
518.652
392.537
547.132
417.852
636.605
514.709
528.648
552.655
387.063
616.884
483.969
520.843
451.111
506.764
601.087
398.924
608.363
639.325
500.265
485.927
641.032
460.661
483.662
631.12
646.474
529.378
509.981
540.626
238.214
364.034
310.551
348.726
267.959
297.605
323.631
171.82
245.837
222.468
297.941
417.192
156.895
72.3395
563.491
359.869
537.015
301.982
508.269
560.014
395.904
483.944
427.984
598.97
359.093
291.076
544.288
447.362
585.755
418.336
531.453
449.16
517.262
511.863
404.001
331.054
406.841
337.369
380.438
475.184
385.157
575.587
517.224
598.145
392.042
598.619
474.423
395.03
576.782
600.536
412.438
523.646
612.083
613.678
404.606
659.994
468.087
517.178
547.43
386.761
427.337
435.198
659.222
411.501
433.887
586.914
487.923
466.01
395.855
469.118
636.463
420.088
585.396
700.312
535.709
336.407
679.512
490.494
626.051
397.666
663.501
286.037
274.401
124.595
75.6042
380.296
381.215
115.741
187.302
121.433
349.521
252.794
106.405
302.035
778.563
573.763
733.6
529.759
685.843
762.156
577.818
672.309
640.103
813.863
559.373
508.273
721.624
648.556
768.628
640.101
744.271
657.033
731.723
692.464
610.709
538.257
623.617
564.128
576.102
663.254
589.434
791.648
735.272
793.385
615.228
792.463
657.39
501.662
750.081
779.699
562.854
681.006
734.472
712.486
522.888
752.708
576.032
704.688
671.543
573.664
611.052
539.894
786.049
571.056
602.12
663.127
630.895
656.397
520.343
661.291
782.545
584.003
680.007
821.256
638.393
520.204
804.558
690.051
724.841
573.261
751.335
65.7343
245.717
360.224
224.397
194.987
371.194
122.577
176.649
176.709
138.08
349.498
378.906
712.265
532.745
634.226
531.686
561.258
669.944
478.599
566.817
584.015
743.829
494.636
488.207
591.921
569.228
642.067
606.976
676.299
589.485
668.913
571.616
548.184
490.979
580.539
556.806
499.73
558.624
526.031
726.472
680.729
685.079
589.551
681.765
545.404
323.224
610.947
646.165
422.171
528.337
533.444
490.147
352.178
521.403
381.644
593.271
479.718
483.207
508.11
349.494
584.891
440.783
477.582
425.715
467.386
556.685
357.693
563.863
603.646
456.991
457.07
611.138
428.351
437.549
599.964
601.655
501.323
465.396
515.984
264.038
350
165.484
141.891
342.468
89.1403
154.383
118.309
190.518
319.265
318.649
650.526
468.124
575.501
465.958
505.4
610.628
418.17
508.236
520.634
682.616
431.15
422.655
537.249
507.678
587.371
542.373
614.495
527.034
606.612
515.288
485.004
426.391
516.312
491.203
437.224
499.842
462.731
664.712
617.836
627.965
524.55
624.965
487.468
273.98
558.144
592.697
366.951
477.21
495.016
458.917
301.761
494.281
338.652
535.777
437.715
421.865
448.519
304.482
547.058
384.105
420.595
400.472
417.714
497.257
305.491
504.232
559.558
400.065
425.688
576.532
391.564
374.855
563.392
541.341
470.695
405.842
490.65
165.215
409.826
398.212
239.633
199.905
155.801
369
157.547
230.933
404.353
855.862
654.743
798.827
622.126
740.762
830.423
639.414
734.098
718.053
890.466
632.293
593.553
775.258
719.028
824.302
725.177
820.463
731.648
809.376
748.953
685.846
616.157
705.273
654.868
645.638
725.155
663.702
869.511
815.628
856.36
701.949
854.539
716.45
529.034
800.463
832.804
608.254
724.542
756.654
722.887
554.437
758.189
598.522
764.971
697.316
638.249
672.269
563.227
808.805
620.823
655.03
663.935
668.725
719.92
555.234
725.745
816.177
635.434
689.668
839.624
654.439
585.655
825.723
758.315
734.701
631.569
754.269
450.65
453.931
104.995
262.652
196.657
422.158
313.555
112.294
338.049
825.69
620.516
787.77
568.909
745.097
814.559
635.095
728.618
688.012
861.177
611.138
553.08
781.164
700.698
827.01
683.322
792.328
706.771
778.985
751.001
660.613
587.409
669.341
604.07
629.496
719.585
640.078
838.333
780.795
848.269
657.551
847.786
715.07
571.284
810.756
839.101
626.748
744.64
804.003
784.529
591.304
825.466
646.255
761.444
740.482
629.579
668.168
610.155
855.25
633.306
662.873
736.789
696.724
712.015
587.882
716.415
848.826
645.501
752.283
891.364
709.649
576.347
874.077
743.001
796.94
632.051
824.486
40.5216
405.262
210.117
265.814
47.7074
356
381.289
266.833
488.37
317.309
410.307
333.377
340.194
445.745
254.238
342.965
362.994
519.608
274.527
284.155
372.543
345.326
422.573
390.623
452.488
366.554
445.624
349.933
326.833
275.975
362.493
352.149
277.2
334.648
305.125
502.582
458.312
462.481
376.128
459.498
322.025
121.655
394.677
428.632
202.41
315.826
354.249
335.181
145.055
378.001
195.76
370.297
291.81
259.278
283.778
159.625
405.961
218.769
255.157
295.413
258.936
332.415
145.417
339.536
407.099
234.651
303.659
440.99
259.255
215.808
424.317
377.26
347.679
241.058
378.695
417.455
201.556
262.505
31.7805
330.409
393.27
299.162
522.024
355.951
440.157
373.815
366.27
476.303
287.111
372.759
399.486
552.48
311.809
324.41
397.102
379.273
447.261
428.812
486.342
401.676
480.189
376.65
363.255
314.871
400.251
392.231
313.002
364.742
341.879
536.225
493.66
490.209
415.03
486.835
350.967
132.371
416.927
451.815
227.192
335.44
358.912
331.445
159.878
371.576
200.36
398.57
299.107
293.491
315.221
165.027
411.05
245.963
282.816
283.72
275.83
363.42
163.817
370.8
419.075
262.231
298.839
443.389
258.699
252.533
428.417
409.337
343.751
272.685
370.605
254.342
194.551
386.4
363.16
24.2074
243.977
735.111
530.961
705.003
473.482
669.795
729.5
557.919
649.113
599.013
770.606
527.009
462.404
706.015
616.137
749.737
590.153
702.8
619.494
688.774
674.538
573.893
500.625
578.42
508.932
547.132
640.189
554.361
747.29
689
766.023
563.834
766.11
637.643
520.612
737.231
763.31
561.061
677.053
750.033
739.419
536.783
783.057
596.232
682.294
685.404
550.529
590.384
560.815
799.878
564.345
590.871
699.807
634.275
631.713
531.094
635.416
785.978
575.013
708.465
838.466
662.331
498.317
819.494
659.061
751.948
557.207
783.955
66.0303
171.058
185.205
231.525
270.934
667.942
472.95
604.05
454.67
542.554
636.946
444.288
538.243
532.333
701.724
444.072
418.044
576.615
527.83
625.991
546.045
632.065
543.118
622.206
551.144
498.378
432.394
523.087
484.126
454.824
529.411
475.935
681.891
630.601
660.286
525.095
658.125
519.655
330.256
601.15
633.896
408.697
524.676
560.265
531.647
355.013
569.944
401.419
568.335
499.604
444.617
476.656
365.679
612.367
421.93
456.695
478.464
468.898
524.931
355.456
531.146
617.003
436.836
498.706
644.938
460.109
393.286
629.898
565.406
543.801
435.13
567.649
231.138
195.205
173.078
264.017
700.127
499.61
643.684
470.601
587.729
674.937
484.586
579.429
562.446
734.692
476.496
439.587
622.685
563.298
671.241
570.685
664.694
575.858
653.682
595.51
530.088
460.679
550.145
502.436
489.911
570.449
507.923
713.801
660.167
701.657
547.95
700.004
562.307
387.372
649.006
680.523
457.984
575.501
619.313
593.853
410.495
633.141
460.362
610.659
557.484
482.962
517.584
424.327
671.241
469.004
502.333
542.623
522.078
564.926
409.489
570.617
672.191
483.125
561.117
705.071
520.972
430.174
689.246
602.77
606.116
477.378
631.32
308.707
362.2
278.431
535.833
361.808
457.948
372.43
387.092
493.438
301.896
390.585
409.43
567.2
320.545
324.721
419.008
392.777
469.114
435.571
499.917
413.65
492.866
397.005
373.352
320.203
407.942
393.3
324.105
382.294
351.467
550.045
505.262
509.828
420.119
506.764
369.529
160.112
440.32
474.659
248.713
360.225
389.225
363.034
186.304
403.332
230.361
417.713
328.672
306.726
331.485
194.659
441.316
265.827
302.372
315.412
301.841
380.116
188.664
387.243
447.323
281.824
330.492
474.236
289.85
262.345
458.917
424.948
375.362
288.765
402.385
347.144
452.707
838.986
650.942
765.882
638.376
695.715
800.825
608.03
698.668
706.805
871.582
617.437
599.687
727.233
696.559
777.385
724.874
802.93
714.805
794.429
705.7
671.693
609.598
700.298
666.832
625.159
690.238
649.268
853.129
804.692
818.477
705.238
815.457
677.976
460.539
747.317
782.215
557.008
665.344
670.788
625.231
489.213
654.337
519.717
726.295
617.693
611.098
638.719
487.516
722.011
574.529
611.072
558.323
604.788
687.479
494.079
694.375
741.713
590.529
592.372
747.181
565.52
562.748
736.699
731.123
636.095
596.091
647.946
228.239
718.589
513.928
686.123
458.795
649.262
711.241
537.643
629.42
581.854
754.099
508.319
445.692
685.482
597.656
729.647
574.541
685.894
601.801
672.095
654.232
555.99
482.66
561.918
494.136
528.009
620.464
536.144
730.942
672.902
747.054
548.435
747.003
617.499
497.012
716.425
742.937
538.915
655.269
726.818
715.629
513.469
759.157
572.647
662.55
662.245
530.637
570.267
537.164
776.804
542.654
569.682
675.707
611.805
612.184
507.962
616.052
763.655
553.565
684.602
815.206
638.624
478.14
796.362
640.45
728.157
536.479
759.982
491.187
287.564
465.721
230.868
440.114
488.124
328.056
414.035
355.681
526.673
288.134
218.742
475.903
375.832
516.178
346.355
459.113
377.033
444.933
443.113
332.054
259.326
334.522
266.085
310.058
405.38
313.517
503.322
445.028
526.841
320.2
527.471
405.527
348.827
508.922
531.493
352.264
459.654
555.442
563.257
354.278
610.414
418.61
447.214
491.423
317.97
358.734
387.866
600.843
348.855
368.62
543.394
428.065
395.884
343.945
398.694
573.789
356.131
536.695
642.9
485.869
269.112
621.332
419.005
575.41
331.236
615.183
205.222
106.513
267.067
192.595
75.0067
234.968
161.245
138.521
35.5106
224.058
272.905
187.949
143.056
167.084
148.165
36.0555
124.824
46.8402
180.25
170.074
240.651
156.697
232.31
213.909
166.739
192.354
14.2127
48.8365
114.49
175.183
121.116
185.065
417.929
205.01
185.607
309.201
261.979
385.415
453.084
390
487.083
406.179
151.476
366.478
229.107
208.866
416.083
388.465
285.491
250.863
503.16
310.543
163.808
378.107
155.801
318.234
269.615
455.739
424.609
423.757
276.268
402.525
115.802
457.36
250.32
501.702
186.261
84.8116
193.041
203.081
116.181
152.434
68.1175
240.684
53.0094
69
222.551
97.9439
249.722
74.2496
171.977
90.934
158.474
189.932
51
41.7732
50.5371
66.242
70.6045
146.103
44.4072
218.05
161.645
245.943
59.5063
247.8
156.349
288.106
257.07
268.57
201.487
245.506
377.005
420.33
268.164
465.56
313.16
181.695
327.661
99.2472
124.423
305.026
406.11
179.48
166.973
440.965
252.668
134.183
253.292
133.004
354.154
171.814
407.747
449.872
360.547
108.812
425.735
139.176
429.439
134.164
476.564
267.649
87.6584
37.6431
159.765
67.4166
125.399
124.354
178.07
252.745
82.0975
90.2552
74.8866
167.171
84.2912
97.949
93.6216
75.1332
136.308
206.77
154.871
239.033
158.316
75.6637
152.594
118.004
115.732
61.131
188.807
61.9839
89.6437
325.38
104.048
95.6922
216.836
155.647
280.179
346.771
296.285
381.635
304.818
46.6476
260.048
160.801
127.632
318.308
287.089
195.233
158.521
396.945
206.708
79.1202
285.955
73.0821
219.021
178.832
349.252
325.613
318.127
214.002
302.61
47.2969
351.285
169.956
396.063
277.417
279.973
189.897
237.245
143.279
302
124.02
52.0384
307.35
181.797
333.736
119.004
238.422
169.924
222.812
274.643
135.351
91.7061
115.694
35.5106
147.635
230.853
128.035
278.016
219.021
325.609
92.0217
328.125
240.483
334.096
341.88
352.881
265.65
326.622
454.814
492.4
319.708
538.855
373.034
266.271
401.618
173.046
205.061
358.469
486.859
246.982
242.365
504.972
326.466
218.961
304.792
217.8
437.44
242.918
476.656
530.83
427.258
159.878
506.807
221.371
502.292
205.273
548.862
124.68
112.379
45.31
156.08
212.009
161.037
246.844
36.2215
105.119
83.5464
207.234
165.327
131.674
169.956
12.53
144.941
195.576
183.698
257.288
136.191
48.5489
149.402
204.834
191.588
125.208
220.554
121.202
37.2022
244.401
68.9493
94.0053
139.119
71.1758
204.216
265.228
214.805
303.534
217.849
41.2311
175.251
122.381
81.5966
233.384
221.721
121.491
85.8662
310.942
119.08
60.4649
206.073
64.4127
162.807
105.948
264.683
264.008
231.164
172.003
239.927
89.202
271
113.071
317.191
193.215
103.856
137.033
87.8465
203.421
271.553
114.477
113.864
92.7631
170.074
63.1348
112.147
77.201
112.161
156.08
229.009
164.438
248.713
186.132
111.606
175.14
84.5931
97.2471
49.5782
194.589
54.4885
126.732
362.78
130.004
112.089
254.073
190.906
310.865
379.485
333.757
412.572
342.253
84.0536
294.727
192.416
162.114
355.951
313.517
232.131
195.576
432.005
243.731
113.371
323.279
106.471
243.502
215.745
383.521
350.036
354.006
244.773
327.768
72.2772
383.38
204.788
427.3
94.921
123.976
265.498
66.2118
148.273
148.476
92.8493
192.128
167.872
199.424
118.191
194.165
116.619
90.802
98.737
137.186
180.892
45.7056
85.9069
77.0065
249.159
209.402
217.076
167.012
215.539
80.0062
189.623
180.945
205.407
88.955
140.929
265
304.541
164.712
350.228
200.721
126.89
212.462
17.088
33.2415
197.952
298.839
65.123
52.4786
325.576
137.233
80.6536
150.881
86.9253
255.666
55.7315
291.568
342.883
244.663
59.6825
319.105
123.175
313.904
19.2354
360.889
110.941
185.852
127.758
211.085
70.1783
60.208
102.357
161.966
130
86.3771
131.735
38.6005
102.591
160.851
138.975
214.96
104.293
9.05539
110.454
174.591
152.398
122.262
175.866
120.619
23.8537
259.586
104.637
119.038
150.615
113.635
248.485
307.059
230.868
346.771
245.073
33.2415
215.281
99.0454
61.8466
255.196
267.03
128.316
91.9348
348.382
151.648
18.7883
219.92
19.8494
207.348
111.946
304.201
309.278
267.152
152.329
285.212
48.2701
313.461
103.247
360.09
173.761
89.4986
137.058
178.216
51.0784
195.389
51.5461
104.346
27.8029
91.7061
149.218
36.2353
102.181
29.8329
113.649
87.0919
107.935
58
151.822
98.27
182.362
65.9469
185.011
124.278
312.93
211.009
215.523
211.993
220.493
356.041
409.132
288.624
451.462
322.262
132.774
315.674
111.4
113.283
321.734
377.514
187.481
162.604
441.092
244.248
96.566
274.643
91.7061
318.159
174.951
401.779
420.049
359.035
147.187
395.942
81.0555
416.752
142.941
463.949
258.304
308.415
201.762
175.026
172.743
183.003
70.0071
158.902
82.2253
199.482
204.636
275.786
192.2
267.067
247.095
192.315
226.771
24.1868
83.0542
114.039
210.01
121.037
209.619
444.963
213.565
189.042
335.932
278.729
395.884
465.929
416.515
497.475
428.777
170.95
382.357
260.762
237.794
440.836
394.325
312.8
277.238
519.709
331.059
190.966
405.179
183.153
323.076
296.65
470.919
428.168
441.852
309.233
407
143.586
469.345
279.959
512.439
86.2148
194.538
89.56
229.976
118.512
188.367
99.4032
178.135
160.997
54.3783
34.8281
88.8369
115.248
25
119.616
31.9061
237.924
187.278
239.169
110.114
239.535
124.036
236.231
229.009
246.739
148.758
203.482
330.831
370.45
215.541
416.332
260.233
160.44
278.632
49.1935
82.807
252.145
363.209
127.283
118.533
388.659
203.394
109.11
200.731
111.086
316.172
120.806
356.612
407.226
308.707
59.6825
383.275
132.136
379.947
82.8613
426.85
279.578
162.782
312
132.098
240.41
159.531
226.418
246.108
116.499
51.4004
116.297
68.7968
111.212
203.531
101.592
285.351
227.741
313.198
108.407
314.659
209.695
282.177
314.201
329.801
217.463
288.531
412.238
445.899
268.293
492.846
322.816
242.668
356.602
132.322
168.885
307.168
447.111
200.37
200.232
455.36
281.965
192.302
253.428
192.917
402.057
198.114
428.781
491.154
378.747
110.386
467.377
205.448
456.163
161.471
502.293
128.973
50.1597
227.794
166.027
151.717
173.934
33.541
172.743
228.653
207.251
285.007
170
76.6094
180.069
198.668
196.128
101.533
244.008
96.2601
70.9366
272.007
34.6699
58.0775
170.3
78.5493
198.091
265.198
242.332
299.541
237.693
46.5188
180.712
157.965
117.175
257.099
207.171
154.738
120.354
318.127
137.244
88.4081
234.883
89.8721
142.077
139.832
269.164
247.33
241.506
208.137
223.761
102.044
269.416
149.215
313.997
151.954
102.528
107.168
30.0666
101.316
98.737
47.0106
116.619
78.7718
156.847
73.3894
56.8595
62.3939
157.267
117.047
151.199
115.663
152.237
73.4983
280.589
162.641
171.129
174.471
169.8
305.395
360.011
254.191
401.628
281.041
85.1469
266.828
86.0523
71.6938
284.412
326.438
149.833
119.921
395.066
197.205
45.5412
241.139
40.7063
267.552
135.385
354.035
369.012
313
134.614
344.896
43.1856
367.283
109.622
414.367
240.454
154.003
167.601
165.846
76.1643
198.726
262.545
225.222
307.709
206.649
110.856
210.488
175.183
187.387
61.0328
260.599
54.4243
112.161
321.758
42.5441
20.8087
220.422
123.037
224.116
295.99
292.104
325.357
284.482
69.5701
218.68
199.331
159.38
305.601
222
204.402
169.319
355.09
184.391
120.88
284.903
119.269
151.268
189.19
304.311
257.527
282.066
251.509
235.544
114.337
298.485
195.369
340.485
121.05
76.1577
104.924
199.912
77.3175
116
30.8058
84.1487
125.419
159.327
92.72
159.013
100.02
218.68
27.0185
222.441
175.824
352.911
259.7
261.038
256.827
272.029
407.561
459.991
330.389
502.666
368.402
181.665
366.46
153.17
162.197
365.21
428.852
232.813
211.009
490.05
294.241
148.061
315.93
143
368.717
221.578
451.864
471.239
408.148
178.059
447.161
127.44
467.787
187.107
515.026
89
16.5529
153.395
134.629
206.041
125.036
204.519
177.868
134.618
156.78
50.2195
34.1321
111.212
147.679
116.829
153.522
383.803
187.747
174.04
275.436
236.078
364.012
429.261
356.202
465.242
374.861
125.16
340.508
193.21
174.141
383.308
371.248
251.446
217.513
476.12
281.135
130.511
344.013
122.45
302.61
235.78
429.951
409.308
395.74
240.217
386.505
82.7647
434.256
215.128
479.505
79.6304
123.907
46.3249
119.365
57.6281
141.156
89.8109
84.6463
68.0074
138.798
92.0217
155.901
93.3488
158.24
102.421
307.509
184.011
187.768
202.781
198.494
333.997
389.667
281.753
430.93
310.483
105.802
296.609
108.706
100.578
312.899
353.386
178.084
149.402
425.132
227.266
74.1485
268.365
68.1542
292.588
164.137
384.012
395.497
343.064
152.201
371.469
53.2635
396.793
136.077
443.806
158.455
123.891
193.869
110.454
188.664
169.402
135.351
146.294
60.1664
22.2036
126.151
131.685
131.503
154.638
380.816
197.669
186.215
273.198
241.1
371.194
434.968
353.726
472
375.155
131.015
345.08
186.698
170.848
382.059
380.422
248.888
216.06
479.704
283.381
129.865
341.141
121.852
312.642
233.585
434.447
419.22
398.758
231.815
396.162
83.5225
440.368
210.68
486.05
140.73
195.133
177.505
253.207
136.473
43.8634
147.003
192.416
180.225
113.991
214.394
110.277
37.6431
255.838
68.0955
88.8144
149.723
82.7345
214.348
276.523
226.296
314.229
230.289
28.7924
187.115
125.172
84.5281
245.489
229.924
131.183
94.921
323.11
131.609
55.8659
217.267
58.4123
168.941
115.317
276.557
271.693
243.516
176.255
247.718
78.9177
282.064
119.206
328.038
73.3348
47
112.486
51.1077
96.9381
22.4722
183.84
133.004
196.705
80.5233
198.177
109.289
278.173
207.06
217.635
179.694
202.628
336.868
385.603
254.568
429.331
291.112
130.92
292.098
76.844
86.3134
288.617
362.491
155.563
134.302
413.237
218.66
84.8999
240.354
82.8794
307.405
144.281
376.076
405.842
331.489
111.036
381.656
89.0225
393.895
110.023
441.192
90.802
89.0898
59.8164
153.026
54.231
254.002
199.489
267.8
100.17
268.701
158.474
252.907
263.219
279.852
175.111
237.857
363.695
400.769
235.077
447.161
284.549
193.003
309.924
82.201
117.593
273.016
397.152
155.596
151.172
415.217
234.798
142.077
220.082
143.279
350.907
151.212
385.483
441.192
336.537
73.1095
417.307
159.803
410.611
113.6
457.231
84.5813
94.6414
135.204
61.9839
169.056
111.683
210.889
36.8917
213.806
150.376
322.244
240.36
245.349
226.135
245.904
381.058
431.668
299.603
474.915
337.818
162.188
338.112
122.376
132.85
334.408
404.353
202.2
181.224
460.213
265.189
123.471
285.161
119.365
346.302
191.212
422.734
447.219
378.428
148.519
423.065
110.887
439.732
156.416
487.016
135.93
209.423
110.454
243.019
184.024
295.466
57.1402
298.377
221.145
341.07
319.132
327.405
263.053
311.642
443.19
485.433
324.006
531.016
373.37
241.994
393.154
163.811
190.665
362.068
472.23
242.324
232.491
503.295
318.002
197.385
309.006
195.167
419.334
236.008
471.858
515.943
423.785
162
491.791
193.892
494.759
198.081
541.776
95.8801
32.7567
228.02
181.157
219.082
122.147
219.002
99.2975
227.772
204.377
222.946
133.094
179.137
307.903
349.768
204.971
395.142
245.165
137.317
257.257
29.0689
57.9828
240.067
339.229
110.073
96.566
371.162
182.165
85.9069
190.52
88.6848
291.359
101.435
337.22
383.208
290.353
62.426
359.201
113.952
358.95
64.195
406.037
103.47
180.278
155.502
131.217
172.038
129.634
19.4165
252.723
111.252
127.138
143.684
113.952
249.369
306.367
224.201
346.803
240.26
42.107
214.009
90.0222
52.8867
249.353
269.579
120.967
84.9588
345.931
148.489
12.0416
212.981
16.4924
211.341
104.661
302.536
312.181
264.394
143.283
288.056
52
313.081
94.541
359.907
206.17
155.425
213.588
90.0056
214.553
112.45
260.271
214.721
228.53
165.436
201.189
333.294
378.451
237.697
423.143
277.462
141.326
285.338
61.2046
80.5295
272.809
361.78
142.032
125.172
402.356
210.772
91.8096
223.215
91.7061
309.885
132.378
367.165
405.513
321.139
89.3756
381.369
105.575
387.249
96.0208
434.48
59
120.075
186.003
126.905
198.436
431.821
214.189
193.039
323.025
273.651
395.455
463.855
403.814
497.164
419.315
163.625
378.021
243.319
222.928
429.624
397.081
299.388
264.609
514.945
323.186
177.609
391.996
169.623
326.443
283.468
467.149
432.501
435.894
290.396
410.702
129.63
467.889
264.458
511.892
145.207
127.004
150.904
174.889
397.605
219.764
207.617
290.826
262.762
393.286
456.741
370.995
494.009
394.446
153.003
366.531
200.661
188.043
400.262
402.614
266.327
234.463
500.712
303.898
149.272
358.095
141.354
334.742
251.366
455.834
441.346
419.549
243.181
418.317
104.139
462.243
226.612
508.016
242.539
7
140.943
369.607
103.465
75.326
263.623
179.613
284.986
357.022
340
386.028
339.094
92.3093
278.657
219.804
184.101
357.398
280.644
244.297
207.538
415.531
238.673
137.117
331.217
132.098
209.239
228.123
365.034
314.129
341.283
273.247
293.015
108.046
359.48
225.158
401.224
245.963
186.944
346.341
276.944
280.922
255.237
282.082
416.927
466.075
325.394
509.852
367.306
198.716
372.592
151.053
166.715
361.475
440.967
232.009
213.974
492.176
298.918
160.262
310.654
156.247
383.189
222.272
456.098
483.926
410.761
167.967
459.762
146.414
474.41
186.003
521.707
138.514
365.483
96.933
68.3593
260
174.011
278.212
350.383
335.847
379.195
333.946
89.8109
272.472
218.799
182.439
352.695
273.66
241.052
204.394
409.225
233.499
136.066
327.274
131.381
202.247
224.956
358.621
307.132
335.292
272.259
286.016
109.238
352.768
223.081
394.406
236.178
105.119
126.115
127.35
96.3016
231.897
287.628
207.328
328.525
221.382
48.7032
195.01
87.6641
47.2652
231.353
254.024
105.603
68.884
326.547
129.074
28.2843
196.596
35
198.217
89.202
283.346
297.059
244.984
139.359
272.883
71.1688
294.532
84.9294
341.47
288.531
324.23
109.041
205.197
232.835
219.968
29.6816
265.415
75.6439
280.713
170.156
201.556
209.976
40.4969
284.401
132.439
167.765
194.805
144.25
254.283
39.8246
262.231
287.211
148.395
190.602
320.112
142.172
180.036
302.927
302.2
232.467
171.432
268.496
36.4005
192.634
84.8764
182.39
253.653
259.124
283.917
246.13
78.2432
176.491
191.324
150.546
269.358
183.788
180.006
148.003
312.623
147.275
123.004
253.298
124.197
114.978
166.244
261.773
221.617
240.285
240.377
198.759
132.608
256.377
180.036
298.918
226.241
121.248
210.943
284.114
294.73
311.416
282.519
87.2067
210.874
213.776
173.277
305.655
205.351
212.002
178.241
345.809
183.611
137.786
288.481
136.894
134.034
197.449
294.354
239.535
275.224
265.062
218.037
134.536
285.895
207.06
326.719
118.152
205.373
229.225
80.8022
276.632
112.071
173.003
143.837
104.235
102.859
110.136
248.809
24.6982
58.7282
240.252
75.8024
145.417
69.3109
153.405
225.158
39.6611
211.322
291.4
161.608
107.355
269.364
193.404
239.927
69.7209
285.412
135.595
194.093
176.173
233.137
161.617
111.005
104.561
156.272
121.606
184.548
160.605
112.792
92.1141
241.307
62.434
124.427
171.732
130.419
115.378
103.619
193.961
204.416
163.294
193.662
180.314
160.003
200.062
131.488
246.52
75.1665
213.506
101.71
158.978
240.408
64.846
281.775
252.765
194.987
52.1536
215.258
212.53
146.509
131.712
260
219.021
265.859
90.6091
214.618
94.6414
88.5664
105.38
307.176
70.0928
293.218
75.2396
250.769
116.559
209.344
47.8017
145.602
304.201
93.5575
321.622
299.366
179.471
110.136
245.638
253.442
76.0592
167.72
315.839
219.317
322.56
165.239
249.778
33.2415
123.556
78.0064
336.412
118.309
354.035
12.53
287.689
56.4624
256.223
64.3817
251.382
149.325
177.725
182.989
39.0512
264.169
104.848
139.313
194.654
115.953
226.206
15
234.201
262.048
120.433
182.455
301.763
131.643
162.012
283.341
274.201
221.635
146.014
260.946
192.096
341.006
137.899
367.315
343.402
225
116.211
292.481
298.6
96.0208
213.019
356.809
266.58
363.186
183.175
295.976
74.8866
111.503
124.579
383.659
116
392.734
36.7151
333.781
15.6525
258.213
99.0808
216.28
210.038
36.1386
211.002
135.624
161.124
133.33
100.449
245.312
76.0263
253.308
222.009
147.313
118.089
245.231
67.624
213.178
228.886
292.228
158.003
181.541
196.581
215.539
132.004
93.6483
272.25
252.769
152.643
115.763
351.791
160.125
51.4198
241.615
49.7695
188.558
136.341
304.961
293.462
272.303
185.097
269.765
55.5428
309.414
133.405
355.035
229.539
205.915
134.093
114.843
156.707
160.705
137.419
75.2396
223.081
154.315
230.009
124.92
158.777
89.4427
153.405
65.0538
248.809
134.134
262.922
101.922
196.352
149.188
40.8044
212.05
315.006
81.0247
69.3542
342.117
154.315
82.7345
163.527
87.8635
270.416
72.5672
308.519
359.05
261.396
53.4603
335.201
120.83
330.992
35.1283
377.975
212.72
282.082
78.2943
49.366
328.002
132.371
48.7647
170.294
55.7584
233.384
63.6946
289.884
325.972
246.018
92.1358
301.896
94.2603
307.787
42.72
355.077
246.941
134.833
166.003
157.305
122.115
252.8
53.7587
260.862
255.143
149.054
150.243
281.368
101.71
200.122
264.955
300.641
191.971
178.844
228.32
255.562
247.146
186.078
173.217
281.055
268.868
285.855
71.5681
252.517
137.481
44.0454
156.541
345.897
20.6155
307.846
104.637
286.575
131.765
36.8917
261.49
83.5464
121.918
92.6175
129.835
225.109
16.4012
229.915
298.965
181.463
92.2009
276.176
169.779
255.807
46.0109
302.076
279.045
85.7263
87.0919
128.035
95.1315
207.473
20.5913
242.161
291.158
197.205
101.548
267.526
135.093
262.469
39.6989
309.614
198.013
353.747
207.954
361.204
236.89
269.981
52.4976
197.649
82.0975
345.21
194.165
396.59
83.5703
307.002
90.4268
155.859
113.534
163.417
152.191
83.863
157.623
216.148
116.108
175.548
193.807
199.882
176.785
121.198
223.897
214.462
8.06226
223.271
105.891
311.161
323.784
271.958
136.195
299.641
48.0104
322.796
91.4166
369.749
222.407
262.762
108.577
193.507
307.548
142.215
147.014
288.404
262.376
231.467
132.382
271.897
226.947
113.851
318.308
328.343
279.485
141.23
304.237
40
329.369
98.4784
376.241
217.883
184.665
106.705
185.151
309.013
84.2912
244.1
163.637
246.854
198.806
235.987
296.285
188.939
93.3809
273.075
153.838
259.465
37.9473
306.217
155.425
51.614
318.55
148.081
352.057
45.1221
273.836
78.492
185.194
389.647
24.1868
348.851
114.285
330.553
125.419
268.377
172
315.417
90.4434
226.385
129.727
366.456
172.679
346.944
62.6099
392.684
325.085
110.941
307.002
131.046
360.05
136.653
406.356
297.311
47.2969
344.118
