100
3.16228
63.9531
246.854
175.419
250.731
164.347
224.27
221.461
75.6042
262.002
88.5438
208.888
205.529
25.6125
258.925
159.452
36.0555
291.007
175.824
36.1248
236.685
303.422
197.307
332.809
295.256
274.346
149.933
151.212
230.634
88.1419
212.276
80.604
485.359
742.279
795.734
623.694
681.707
811.624
781.538
736.827
549.458
654.414
538.488
678.684
656.656
780.467
706.825
726.942
771.986
671.509
720.759
784.659
633.912
587.473
651.966
683.428
716.272
776.33
697.121
708.255
487.083
808.587
550.789
802.006
528.009
732.765
714.37
724.94
721.633
701.396
710.349
722.189
721.086
711.217
720.747
704.552
719.835
681.693
707.874
684.105
691.714
733.497
696.759
722.582
702.525
715.118
722.873
701.747
704.716
707.664
704.892
707.685
716.128
715.649
698.971
695.633
725.436
706.142
701.944
66.7533
249.377
177.747
253.14
167.093
223.707
224.617
78.2432
263.008
88.6002
212.009
204.949
24.0416
259.083
160.702
36.1386
293.6
177.133
38.8973
239.604
305.93
196.977
335.476
298.198
274.554
150.473
154.353
230.465
90.471
213.722
83.6002
486.009
742.8
796.445
624.131
682.03
812.183
782.654
738.133
550.681
655.222
539.271
678.889
656.848
781.576
706.561
727.795
772.427
672.771
720.625
785.468
634.757
587.682
652.56
684.891
716.258
776.861
697.244
709.341
488.148
809.203
551.248
803
529.034
732.73
714.396
724.883
721.645
701.411
710.303
722.114
720.878
711.2
720.651
704.347
719.789
681.619
707.704
683.937
691.608
733.389
696.71
722.582
702.38
714.952
722.79
701.787
704.546
707.585
704.875
707.505
716.063
715.629
698.868
695.432
725.427
706.137
701.744
228.037
166.331
235.44
141.676
269.134
165.605
73.0068
280.401
131.552
162.936
250.99
87.2812
292.5
177.485
87.4643
268.561
191.604
54.4518
202.766
283.558
239.616
306.946
258.786
306.809
181.246
105.361
269.863
31.0644
223.305
60.0083
507.394
765.465
815.113
648.891
708.763
833.881
792.729
744.097
559.473
672.408
557.596
707.855
686.135
791.819
743.807
743.753
796.565
680.018
755.577
802.142
651.264
616.936
674.129
687.41
749.104
799.233
727.654
720.345
500.919
829.774
575.96
815.675
542.329
765.914
746.542
758.467
754
733.77
743.749
756.03
757.135
744.114
754.942
740.587
753.196
715.632
743.328
719.607
726.158
767.857
730.239
755.159
737.594
750.501
756.849
733.706
740.193
741.621
737.811
743.303
749.833
748.578
733.352
731.643
758.169
738.865
737.906
74.3303
14.8661
86.3771
248.129
165.027
171.421
151.539
205.643
116.469
241.299
246.221
214.767
134.737
227.379
45.3431
125.399
211.078
61.8466
56.6039
223.403
89.0225
88.1192
218.68
172.351
140.014
225.222
248.117
108.167
172.192
340.147
587.688
626.418
481.453
544.097
651.805
587.392
532.857
357.962
484.484
378.061
549.794
530.094
586.788
611.217
550.872
621.631
472.002
614.467
609.378
462.569
464.776
496.883
472.086
601.312
619.718
573.106
518.089
311.431
645.111
412.811
614.628
351.386
618.501
596.612
612.67
604.415
585.085
598.148
611.433
620.434
596.76
611.641
604.599
607.049
573.245
605.075
582.671
585.062
624.584
585.534
606.236
598.206
611.658
612.694
583.62
602.164
598.065
590.811
605.651
605.03
601.141
591.684
595.99
609.65
591.143
601.774
75.8024
39.8246
197.517
162.2
101.39
137.437
132.076
115.974
186.682
172.8
181.797
72.1734
153.675
119.67
70.214
140.46
94.0213
129.727
168.861
163.248
146.492
190.646
108.167
104.446
180.278
191.042
77.1038
106.888
357.022
612.896
658.001
500.282
562.029
679.709
629.408
579.07
396.449
514.908
402.573
564.418
543.53
628.59
614.427
584.658
645.484
515.656
621.55
643.324
493.32
475.554
521.199
521.507
611.393
646.053
586.195
557.8
341.341
674.443
428.565
653.814
382.671
628.545
607.668
621.908
615.371
595.449
607.17
620.101
625.566
606.595
619.71
609.266
616.404
580.539
610.771
587.554
591.872
632.748
594.024
616.893
604.355
617.681
621.167
594.64
607.731
606.133
600.427
611.079
613.739
611.052
598.82
600.424
620.144
601.103
606.479
94.1488
238.757
179.413
175.824
138.235
204.475
130.614
232.8
248.6
202.869
129.711
229.438
47.927
118.929
215.335
76.6942
54.4885
215.035
91.3017
100.17
206.155
167.027
151.212
215.002
256.72
98.1275
178.272
325.4
573.446
612.67
466.84
529.472
637.772
574.766
520.807
344.688
470.561
363.655
535.061
515.326
574.133
596.353
537.287
607.319
459.518
599.611
595.839
448.657
449.944
482.545
460.526
586.489
605.562
558.338
505.123
297.294
631.184
398.068
601.659
337.409
603.68
581.805
597.836
589.607
570.265
583.31
596.591
605.568
581.932
596.793
589.733
592.216
558.388
590.211
567.805
570.202
609.738
570.688
591.423
583.343
596.795
597.85
568.81
587.3
583.216
575.98
590.786
590.188
586.315
576.827
581.124
594.834
576.317
586.908
229.898
124.02
89.0955
177.26
142.443
80.3243
217.338
167.601
219.718
103.465
150.207
128.129
105.679
128.222
76.4853
142.271
200
168.808
134.826
229.268
135.329
65.307
215.188
162.607
116.846
86.6083
395.521
650.52
694.375
538.773
600.704
716.888
662.845
610.947
430.565
551.366
439.997
603.472
582.684
662.097
654.215
620.423
683.371
548.377
661.203
679.117
529.669
514.884
558.872
552.004
650.865
683.503
625.413
591.883
377.486
711.326
467.344
688.175
418.642
668.028
647.068
661.441
654.782
634.894
646.71
659.667
665.301
646.081
659.31
649.012
655.927
620.165
650.481
627.288
631.527
672.348
633.591
656.327
644.044
657.38
660.746
634.035
647.445
645.728
639.926
650.8
653.301
650.536
638.461
640.176
659.591
640.579
646.224
351.639
206.206
126.57
138.221
310.221
18.7883
200.801
65.215
126.531
188.82
284.549
127.738
215.058
289.774
283.584
31.0644
324.181
335.054
78.7718
97.6166
279.177
29.2062
300.017
140.698
227.02
290.689
537.06
596.858
417.043
470.789
607.067
601.057
567.649
382.237
461.741
347.911
464.57
442.366
599.627
484.2
534.868
563.909
501.615
499.73
589.858
443.389
374.253
450.49
525.449
497.2
571.106
480.935
527.758
314.014
606.03
346.175
615.201
350.383
513.264
496.042
505.099
503.036
482.93
490.719
502.054
499.065
492.108
500.281
482.597
500.189
461.686
486.362
462.654
471.161
512.821
477.127
503.748
481.358
493.637
502.603
483.756
483.2
487.494
485.8
486.042
496.158
496.478
478.441
473.73
506.416
487.256
480.054
168.027
297.069
243.502
49.4065
337.8
237.565
343.641
226.292
227.167
181.687
229.637
192.354
105.342
200.125
321.081
202.062
133.54
352.83
254.804
77.3175
338.599
163.683
238.533
150.213
504.05
752.687
790.51
646.047
708.632
816.541
747.262
690.143
520.919
649.049
543.062
713.684
693.653
746.792
771.038
714.536
786.657
631.569
776.041
772.853
627.12
627.389
661.91
627.195
763.98
784.637
736.644
679.578
476.366
809.638
576.688
775.96
516.103
781.185
759.592
775.065
767.375
747.822
760.44
773.617
781.181
759.337
773.6
765.105
769.476
734.828
766.046
743.234
746.47
786.601
747.607
769.103
759.36
772.783
774.808
746.567
763.073
760
753.302
766.504
767.219
763.751
753.238
756.372
772.469
753.753
762.293
207.396
77.7946
143.84
189.13
79.3221
222.284
104.676
63.561
215.418
118.6
39.6611
163.218
228.02
175.505
257.235
222.036
236.038
112.446
91.0879
202.83
102.786
150.748
21.095
434.388
692.458
742.262
575.96
635.957
760.884
721.2
673.625
488.037
599.642
484.691
635.308
613.649
720.251
673.199
671.152
723.581
609.118
684.24
729.478
578.558
544.5
601.126
618.018
677.239
726.227
655.321
648.562
428.6
756.812
503.051
743.616
469.971
694.113
674.526
686.768
682.022
661.81
672.03
684.416
686.184
672.269
683.427
669.651
681.459
644.085
672.2
648.521
654.743
696.375
658.554
683.228
666.352
679.342
685.271
661.653
669.075
670.051
665.977
672.228
678.189
676.737
661.91
660.709
686.273
666.982
666.949
180.036
248.638
129.958
246.733
71.1969
103.817
228.265
176.238
88.8426
236.326
208.031
170.294
116.675
210.021
238.145
70.0643
116.297
241.346
97.6166
309.777
61.0574
222.697
227.015
485.074
535.421
369.049
429.663
553.507
519.866
477.092
288.924
393.249
277.752
430.308
409.004
518.756
477.085
465.394
516.342
411.254
484.737
523.394
372.465
340.348
393.732
426.888
475.348
518.831
451.303
446.448
225.222
549.549
296.326
540.004
266.03
492.443
471.943
485.598
479.588
459.54
470.839
483.647
488.42
470.491
483.112
472.076
480.139
443.849
473.726
450.419
455.057
496.146
457.587
481.009
467.395
480.68
484.663
458.947
470.67
469.564
464.278
473.993
477.31
474.959
462.058
463.215
484.199
465.053
469.297
213.396
119.808
68.469
170.511
85
52.4976
250.801
101.518
77.1557
218.22
258.907
109.772
294.608
275.231
186.038
64.1249
166.208
142.352
162.188
139.129
98.4327
399.055
655.074
709.694
536.106
593.671
724.611
699.327
657.123
468.956
569.198
453.159
590.339
568.286
698.17
618.651
642.063
684.393
591.288
632.314
699.378
549.033
499.139
565.194
606.223
627.73
689.168
608.645
625.768
404.695
721.907
463.318
718.435
445.081
644.231
625.828
636.417
633.089
612.852
621.82
633.679
632.776
622.676
632.256
616.235
631.305
593.182
619.488
595.718
603.235
645.019
608.231
634.039
614.099
626.726
634.37
613.209
616.332
619.158
616.351
619.317
627.611
627.108
610.489
607.31
636.894
617.599
613.616
297.523
220.422
297.725
183.774
206.828
137.525
185.224
175.559
59.4138
155.824
280.264
163.768
101.637
306.203
215.133
58.2495
295.178
170.238
191.01
130.173
454.741
704.06
742.744
596.872
659.431
768.274
701.564
645.442
473.736
600.933
494.191
664.351
644.286
701.037
721.754
667.027
737.916
585.929
726.653
725.46
579.014
577.984
613.131
583.239
714.575
736.156
687.274
633.148
427.874
761.557
527.365
729.636
467.851
731.779
710.192
725.658
717.975
698.417
711.034
724.213
731.834
709.93
724.2
715.772
720.069
685.438
716.685
693.895
697.087
737.2
698.204
719.701
709.989
723.414
725.405
697.166
713.715
710.6
703.896
717.15
717.815
714.345
703.85
707.045
723.066
704.347
712.958
182.016
76.1577
114.756
170.135
279.466
118.068
196.797
279.946
279.694
18
320.156
327.185
91.0824
83.006
264.327
38.0789
281.81
135.591
210.06
306.178
554.231
613.47
434.226
488.464
624.232
615.877
581.285
395.022
477.535
363.16
482.554
460.353
614.479
502.932
550.731
581.378
515.151
518.348
606.066
458.917
392.074
467.181
537.848
515.656
588.307
499.124
542.44
327.054
623.003
363.012
630.661
364.166
531.76
514.433
523.622
521.452
501.328
509.221
520.601
517.758
510.565
518.855
501.283
518.695
480.213
505.016
481.3
489.737
531.413
495.626
522.185
499.985
512.289
521.161
502.113
501.854
506.041
504.255
504.706
514.69
514.942
497.016
492.411
524.87
505.693
498.735
238.516
146.537
19.6977
291.158
163.248
45.3542
242.495
302.352
174.751
333.901
301.317
254.169
132.061
164.174
208.71
113.177
200.592
90.2497
467.467
723.532
778.091
604.511
661.892
793.078
766.568
723.266
535.373
637.415
521.384
658.267
636.18
765.444
684.316
710.203
752.788
657.642
698.78
767.626
617.159
567.101
633.659
671.126
694.813
757.629
676.302
693.098
471.892
790.37
531.752
786.184
512.516
711.208
693.089
703.291
700.293
680.074
688.747
700.461
698.797
689.746
698.928
682.279
698.233
659.977
685.744
661.985
669.857
711.625
675.148
701.185
680.498
693.001
701.108
680.536
682.584
685.919
683.422
685.514
694.441
694.165
677.124
673.374
703.996
684.723
679.692
122.43
222.948
244.461
114.978
241.473
265.801
240.019
71.0211
280.179
302.804
16
111.4
278.368
38.0789
323.415
109.202
241.299
233.42
486.181
543.033
366.65
423.435
555.99
541.317
505.541
318.939
404.969
289.664
419.831
397.775
539.968
451.31
478.21
514.782
439.364
463.406
534.374
385.778
328.637
397.364
461.693
457.866
520.312
438.207
467.74
251.086
553.925
294.241
557.165
288.647
474.499
455.742
466.84
463.068
442.821
452.179
464.247
464.686
452.832
463.001
448.135
461.654
423.775
450.978
427.235
434.099
475.857
438.617
464.087
445.337
458.17
465.004
443.054
447.836
449.774
446.512
450.919
458.111
457.28
441.322
439.191
466.999
447.689
445.463
127.283
177.612
16.7631
132.544
166.027
182.477
97.0824
220.928
216.234
134.629
37.6431
157.003
112.379
207.461
54.4243
121.672
330.288
588.317
639.226
471.429
531.3
656.99
622.232
577.447
390.006
497.052
381.56
530.665
509.032
621.181
570.407
569.113
619.2
512.07
580.6
627.172
476.227
439.915
497.161
524.672
573.071
622.164
550.785
549.045
328.014
653.203
398.483
643.175
369.11
589.998
570.225
582.753
577.752
557.56
568.001
580.486
582.975
568.12
579.597
566.472
577.409
540.241
568.797
545.183
551.033
592.575
554.563
578.999
562.825
575.9
581.378
557.324
565.685
566.173
561.84
568.884
574.231
572.591
558.168
557.539
582.073
562.8
563.746
272.443
143.951
36.6742
225.796
283.346
161.45
315.382
284.57
238.416
114.63
151.99
194.618
116.211
181.177
77.4661
450.254
706.842
760.782
588.09
645.914
776.271
748.124
704.393
516.624
619.776
503.779
642.75
620.71
747.019
670.857
692.451
736.387
638.847
684.717
750.015
599.404
551.543
616.701
651.952
680.218
740.914
661.121
674.713
453.486
773.372
515.228
768.053
494.228
696.71
678.325
688.885
685.584
665.348
674.294
686.135
685.079
675.163
684.696
668.542
683.779
645.638
671.846
648.077
655.665
697.448
660.703
686.531
666.487
679.089
686.819
665.706
668.689
671.611
668.839
671.662
680.074
679.595
662.922
659.622
689.384
670.09
665.932
166.784
255.049
78.1601
18.4391
261.842
43.8292
68.884
245.961
214.953
173.77
259.771
286.514
144.014
214.723
338.237
577.149
611.444
476.009
538.6
639.095
565.637
508.532
341.006
471.399
370.375
546.345
527.576
565.183
614.357
534.943
611.736
449.944
615.209
592.939
449.5
464.634
487.714
445.911
600.293
608.225
570.426
498.389
301.505
631.506
410.25
594.643
339.612
617.382
595.021
612.092
602.828
584.015
597.81
611.217
622.333
595.928
611.795
606.897
606.44
574.172
606.739
585.003
586.192
624.587
585.623
604.822
599.642
613.072
612.59
582.151
603.929
598.319
590.161
607.474
604.835
600.228
592.562
598.495
608.313
590.276
604.07
148.165
162.117
170.391
100.08
209.571
209.538
125.873
49.0918
163.466
110.136
221.163
37.6962
134.48
315.793
573.864
624.119
457.458
517.677
642.346
606.119
561.006
373.708
481.751
366.46
517.535
496.009
605.083
559.361
553.64
604.996
495.698
568.884
611.791
460.831
427.011
482.562
508.035
560.815
607.645
537.964
533.004
312.103
638.38
384.596
627.319
353.278
577.8
557.797
570.67
565.364
545.206
555.908
568.494
571.616
555.889
567.706
555.144
565.289
528.353
557.291
533.743
539.268
580.706
542.517
566.665
551.218
564.358
569.422
544.861
554.192
554.239
549.626
557.426
562.212
560.361
546.371
546.224
569.775
550.532
552.403
200.891
267.675
185.884
296.731
259.563
256.26
130.173
118.903
216.954
85.0412
183.134
45.6508
462.154
719.942
771.639
602.26
661.302
788.885
754.017
707.84
521.246
629.575
514
659.428
637.553
753.006
692.315
701.657
750.366
642.9
704.869
759.711
608.769
568.293
629.051
653.294
699.161
753.881
678.649
681.018
460.245
785.337
529.253
775.47
501.44
715.856
696.864
708.255
704.248
684.001
693.577
705.694
705.977
694.141
704.469
689.424
703.046
665.231
692.377
668.623
675.572
717.329
680.026
705.323
686.781
699.581
706.462
684.107
689.231
691.231
687.826
692.293
699.546
698.596
682.794
680.484
708.272
688.959
686.768
96.421
262.011
107.564
58.8218
271.812
202.158
100.722
270.296
216.456
156.605
156.349
401.872
648.039
685.216
542.861
605.529
711.495
642.515
586.121
415.582
543.921
438.959
611.477
591.849
642.01
672.914
609.2
682.18
526.848
676.302
667.51
521.989
526.619
557.545
523.834
663.148
679.798
634.858
574.443
371.648
704.469
474.523
670.878
411.107
680.336
658.429
674.515
666.233
646.919
659.994
673.279
682.221
658.599
673.486
666.364
668.893
635.079
666.877
644.438
646.888
686.43
647.38
668.061
660.019
673.47
674.541
645.44
663.962
659.91
652.654
667.444
666.876
662.979
653.517
657.742
671.477
652.982
663.54
262.36
40.6079
84.22
240.352
219.237
190.704
257.816
302.394
144.25
228.548
322.453
559.604
593.394
459.322
521.852
621.265
547.212
490.099
322.889
453.591
353.42
529.967
511.394
546.761
599.341
516.829
594.263
431.521
599.642
574.77
431.706
449.018
470.409
427.52
584.359
590.547
554.179
480.037
284.297
613.583
394.194
576.267
322.075
601.415
578.973
596.242
586.775
568.082
582.021
595.444
607.021
580.036
596.102
591.689
590.587
558.679
591.385
569.822
570.734
608.852
569.935
588.804
584.241
597.656
596.84
566.138
588.6
582.658
574.312
592.156
589.071
584.317
577.042
583.342
592.308
574.381
588.863
302.761
309.196
86.8332
66.6483
248.244
35.1283
270.601
118.14
196.237
304.113
555.042
613.029
435.178
490.597
624.981
612.33
576.09
388.96
475.685
360.573
485.603
463.432
610.984
509.617
548.931
582.893
509.883
524.081
604.847
456.637
394.728
467.027
531.146
520.485
589.163
502.861
538.744
321.447
623.321
363.31
628.115
359.44
536.78
518.961
528.787
526.091
505.903
514.286
525.898
524.047
515.408
524.307
507.528
523.771
485.433
511.004
487.247
495.219
536.973
500.685
526.92
505.784
518.262
526.522
506.503
507.843
511.348
509.086
510.768
519.91
519.812
502.491
498.623
529.683
510.44
504.941
71.0634
280.064
258.089
207.868
298.412
322.889
184.621
255.196
347.109
575.284
604.884
479.887
541.957
634.716
552.163
492.577
334.786
467.696
373.209
551.632
533.877
551.874
625.477
527.83
610.328
436.922
624.087
584.958
446.01
473.669
487.83
428.322
607.586
605.231
576.303
487.546
303.289
626.253
417.538
582.918
338.817
624.491
601.798
619.742
609.567
591.346
605.761
619.213
632.26
603.421
620.137
617.272
614.088
583.442
616.523
595.525
595.585
632.724
594.041
611.716
609.25
622.591
620.684
589.115
613.822
606.825
597.857
617.404
612.883
607.622
601.685
609.105
615.263
597.767
614.457
306.323
253.503
154.263
312.922
269.898
196.023
214.767
406.636
642.26
673.953
543.332
605.806
702.926
622.969
563.604
403.435
535.472
437.224
614.13
595.605
622.656
683.167
597.047
677.089
507.607
683.773
654.506
513.662
533.16
553.653
499.386
668.575
672.789
638.377
557.829
367.829
694.827
478.414
653.441
404.936
685.633
663.193
680.448
670.995
652.297
666.216
679.636
691.035
664.248
680.273
675.643
674.793
642.779
675.421
653.758
654.819
693.035
654.105
673.024
668.3
681.723
681.026
650.358
672.622
666.82
658.517
676.173
673.261
668.53
661.154
667.261
676.528
658.593
672.816
126.087
289.249
53.1601
337.646
115.884
254.717
217.451
470.255
527.034
350.771
407.727
540.049
525.601
490.245
303.99
389.009
273.761
404.339
382.31
524.241
437.192
462.252
498.935
424.096
448.813
518.386
369.855
313.129
381.379
446.972
442.91
504.386
422.896
452.05
235.975
537.953
278.313
541.288
273.212
459.597
440.678
452.004
448.036
427.787
437.321
449.467
450.348
437.887
448.288
433.803
446.789
409.02
436.519
412.798
419.44
461.172
423.775
449.089
430.8
443.694
450.25
427.954
433.383
435.018
431.57
436.495
443.308
442.34
426.649
424.859
452.027
432.714
431.116
181.596
90.5539
212.229
82.8794
132.458
335.626
592.346
646.177
473.821
532.133
661.711
635.215
593.318
405.088
505.357
389.329
529.683
507.745
634.054
562.616
578.146
622.101
527.414
574.788
635.574
485.103
438.493
502.096
543.038
568.989
626.4
548.657
561.648
340.602
658.754
400.889
654.337
380.958
585.683
566.714
578.088
574.089
553.841
563.407
575.539
576.074
563.969
574.334
559.522
572.875
535.082
562.378
538.635
545.458
587.205
549.859
575.157
556.731
569.57
576.313
553.968
559.236
561.082
557.653
562.318
569.386
568.423
552.674
550.579
578.102
558.789
556.853
268.755
115.974
180.422
74.5252
460.825
715.596
758.802
604.074
666.011
781.758
725.088
671.867
493.624
615.89
505.033
668.719
647.892
724.4
718.411
684.485
748.538
610.136
725.883
743.172
594.14
579.987
623.978
611.736
715.835
748.504
690.59
654.721
441.942
776.044
532.643
751.162
482.962
732.986
712.114
726.334
719.817
699.895
711.593
724.509
729.747
711.034
724.095
713.414
720.834
684.901
715.01
691.741
696.202
737.133
698.434
721.339
708.634
721.943
725.569
699.085
711.962
710.522
704.865
715.296
718.151
715.493
703.166
704.557
724.589
705.545
710.634
300.927
117.068
222.991
269.564
519.925
578.07
400.052
455.518
589.869
578.545
543.399
356.976
441.101
326.259
450.675
428.515
577.17
476.299
514.339
547.768
477.243
490.168
570.075
422.214
359.739
432.005
499.77
486.129
554.044
468.108
505.036
289.057
588.246
328.219
593.829
326.369
502.503
484.48
494.581
491.652
471.445
480.037
491.757
490.462
481.058
490.245
473.925
489.524
451.27
477.243
453.475
461.185
502.961
466.439
492.521
471.916
484.489
492.411
471.971
474.085
477.218
474.735
477.051
485.732
485.474
468.45
465.004
495.316
476.051
471.314
251.813
87.4757
536.777
794.801
843.736
678.62
738.718
863.02
819.588
770.016
586.366
700.877
586.409
738.082
716.409
818.717
774.723
771.918
826.11
706.343
786.349
830.398
679.629
647.244
703.358
712.512
779.709
828.502
758.032
747.493
528.788
858.726
605.743
843.095
570.223
796.544
777.084
789.132
784.559
764.336
774.406
786.722
787.992
774.726
785.665
771.447
783.848
746.343
774.149
750.435
756.908
798.589
760.907
785.738
768.388
781.315
787.553
764.232
771.015
772.326
768.427
774.135
780.516
779.192
764.094
762.502
788.762
769.462
768.761
164.347
285.881
543.537
591.936
428.632
489.679
611.433
571.004
524.848
338.12
449.138
334.619
490.857
469.659
570.014
537.998
520.461
575.313
459.793
545.793
578.838
427.965
401.155
451.948
471.17
536.347
577.105
512.064
498.145
277.872
606.976
356.181
592.976
319.23
553.451
532.888
546.631
540.545
520.516
531.873
544.693
549.431
531.498
544.166
533.074
541.166
504.906
534.76
511.434
516.113
557.201
518.631
541.983
528.441
541.72
545.712
519.885
531.701
530.617
525.29
535.019
538.354
535.965
523.116
524.206
545.183
526.051
530.298
449.589
707.543
756.261
591.724
652.113
775.655
732.836
684.088
499.577
613.404
498.959
651.992
630.436
731.936
691.618
684.493
739.003
620.029
702.182
742.954
592.166
561.388
616.046
627.475
694.742
741.202
672.309
660.535
441.44
771.296
518.934
755.975
482.869
711.67
691.879
704.418
699.412
679.224
689.667
702.14
704.392
689.791
701.231
687.874
699.077
661.876
690.294
666.652
672.634
714.202
676.225
700.665
684.368
697.413
703.025
678.971
687.177
687.817
683.512
690.357
695.889
694.262
679.779
678.936
703.742
684.471
685.158
258.072
310.644
143.265
205.275
326.745
311.122
283.593
117.324
171.572
57.5674
209.678
190
309.613
278.6
244.818
289.456
219.531
277.276
301.06
152.742
126.669
166.904
253.269
262.092
291.88
233.002
238.437
66.1891
323.289
72.6705
324.524
75.6042
279.206
256.971
273.856
264.781
245.815
259.586
273.002
285.156
257.701
273.651
270.185
268.203
236.444
269.429
248.477
248.558
286.4
247.487
266.717
262.179
275.545
274.39
244.049
266.717
260.219
251.925
270.298
266.625
262.011
254.751
262.069
270.187
252.052
267.372
71.2811
120.017
75.5844
70.0071
153.688
192
242.64
108.977
210.583
95.8019
112.77
151.476
183.371
80.3057
35.3836
186.336
153.235
82.801
129.958
168.268
91.7061
231.387
126.574
34.1321
101.671
138.279
276.391
70.406
191.943
133.255
237.539
130.602
118.072
135.558
120.017
122.874
134.648
139.846
170.309
127.941
144.7
170.473
133.417
147.272
162.361
166.235
151.162
147.363
137.844
122.772
157.648
161.059
141.693
117.597
162.89
142.299
129.139
164.596
138.224
127.91
149.04
170.988
124.788
126.4
169.685
182.989
146.485
42.45
106.569
163.049
270.601
143.098
257.67
167.048
183.848
104.69
248.31
77.1751
72.0069
182.631
216.615
27.5136
164.712
235.595
146.414
218.048
191.604
49.7393
171.143
127.562
316.893
27.8568
250.88
74.6726
275.855
192.083
183.831
198.588
184.253
190.591
200.412
203.298
233.311
193.83
208.291
236.008
197.517
216.393
227.622
234.438
219
208.387
205.548
186.703
223.826
225.222
204.963
185.526
228.6
208.216
196.026
229.828
202.852
193.003
216.005
237.697
188.045
193.21
235.601
62.6817
190.024
221.269
224.722
168.077
82.365
106.775
73.0068
59.808
219.21
168.882
137.306
148.297
181.838
155.077
181.648
83.4326
57.0088
42.638
230.495
132.97
154.081
98.4733
164.259
176.782
189.381
73.0068
219.693
145.427
148.718
125.718
145.89
133.147
117.618
133.754
146.687
167.92
129.711
148.977
156.924
140.471
120.304
152.778
138.917
131.735
160.125
125
135.68
145.207
156.869
148.476
114.127
150.96
137.233
125.24
154.402
140.89
133.36
135.665
151.212
139.284
124.326
154.496
141.662
213.3
235.051
223.134
107.671
168.772
25.632
37.4433
211.078
130.981
128.413
94.4299
208.038
108.296
154.029
120.333
97
64.846
257.194
82.0366
106.32
46.1736
174.385
238.673
144.838
133.54
200.943
205.373
94.921
73.3485
94.7259
79.555
70.0071
86.1452
97.0155
124.016
80.399
100.603
117.72
90.0944
85.44
111.221
106.042
93.5575
109.238
82.3893
82.4621
104.48
113
98.9949
65.0692
110.454
92
78.0256
113.283
92.4392
82.8734
94.5304
114.935
85.8662
76.1052
115.974
148.637
205.302
299.982
167.705
277.2
157.305
177.116
146.813
223.517
111.759
49.6488
221.206
191.05
69.9214
189.621
237.169
159.841
258.861
168.505
36.0555
155.048
166.715
340.566
15.0333
261.765
115.004
300.443
165.68
161.839
173.277
160.639
170.801
177.8
178.213
206.959
171.593
183.175
212.137
173.254
198.091
203.652
214.114
198.497
181.044
185.235
162.69
200.998
200.172
179.655
166.235
205.105
185.526
174.917
205.769
178.933
169.918
194.371
215.188
163.343
172.105
212.174
66.4831
233.26
146.86
253.569
238.399
248.212
2.23607
336.013
85.9127
171.418
115.694
306.648
80.025
160.851
278.227
178.645
131.605
279.659
149.656
251.334
73.6817
294.679
133.66
270.647
38.2753
254.332
284.29
270.934
289.116
273.408
274.274
287.308
293.307
323.736
280.615
298.104
322.889
286.754
296.177
315.006
316.206
301.877
301.051
288.958
276.219
309.782
314.197
295.183
268.896
315.273
294.783
281.149
317.238
291.359
280.957
300.674
322.541
278.352
278.512
321.865
188.282
142.562
227.247
260.634
265.174
67.1789
364.803
112.219
217.559
66.2193
338.362
135.558
147.922
279.016
184.765
66.242
310.904
197.942
278.455
61.327
254.7
190.906
257.701
104.139
217.276
318.649
301.869
321.907
305.791
302.513
317.317
325.51
355.186
310.846
329.961
351.461
318.609
320.489
344.269
341.084
328.198
335.172
316.267
308.754
338.12
344.772
327.483
297.195
343.961
324.211
310.105
346.439
322.444
312.066
328.398
349.521
311.416
307.729
349.984
133.843
80.7527
239.708
227.853
232.364
335.561
193.941
277.996
122.332
323.155
252.004
112.699
191.05
161.208
143.59
300.568
271.221
265.211
161.372
68.4251
291.488
138.13
257.614
42.0595
315.748
292.925
313.551
300.097
285.524
301.761
314.574
335.793
297.532
316.992
324.137
308.224
287.46
320.47
304.972
299.206
327.918
293.027
302.769
312.866
324.805
316.394
281.824
318.511
305.308
293.232
322.009
308.869
301.04
303.488
317.844
306.349
292.228
321.604
116.039
131.034
129.402
145.014
237.034
73.2462
144.361
102.259
215.928
130.246
21.9317
136.653
45.5412
151.605
189.655
137.568
153.834
82.8794
173.954
160.627
123.879
154.276
133.195
201.804
180.878
202.237
186.762
177.477
193.747
204.658
231.424
188.066
208.274
224.002
197.717
189.381
218.057
209.69
199.063
216.684
189.042
189.718
211.009
220.327
206.642
172.653
217.009
199.361
185.529
220.036
200.105
190.518
201.01
220.184
193.018
183.698
222.02
179.212
163.003
252.067
264.847
189.024
243.895
164.402
256.944
246.246
96.1873
114.285
119.101
201.626
237.407
243.516
204.353
180.892
70.0071
272.386
58.2151
267.571
43.9318
253.823
230.842
250.05
238.481
221.452
236.865
250.2
267.686
233.658
251.835
254.468
244.469
218.358
251.956
233.976
230.489
263.797
226.416
240.84
244.377
257.124
251.849
218.6
249.648
239.14
228.569
253.237
244.076
237.622
235.669
247.342
244.436
228.079
251.782
22.2036
236.172
106.231
153.847
108.157
232.364
85.703
176.799
141.877
91.214
86.5794
281.642
61.0983
123.438
25.5539
199.882
249.098
162.348
137.011
224.849
218.433
76.0592
53.2259
74.0945
60.4152
47.0744
63.561
75.5844
100.603
58.5235
78.5875
93.086
68.9493
59.9083
87.023
80.5233
68.469
88.6002
58.0086
63.0635
80.0062
89.4539
77.4919
42.72
86.0058
68.593
55.109
89.0056
70.342
61.6847
70.0071
89.8053
66.6483
53.6004
91.1976
246.008
110.027
162.542
128.55
231.659
95.3415
191.314
137.004
69.2604
83.863
281.007
74.4043
142.443
43.0116
203.902
232.398
181.24
117.444
237.588
203.745
90.9065
68.0147
87.0919
75.743
58.5235
74.3034
87.4643
108.157
70.7248
89.4707
97.6729
81.5414
61.4003
93.145
81.0247
72.3671
101.02
65.192
77.9872
85.6154
97.0824
89.1852
55.6058
91.444
77.4726
65.8635
94.8314
81.4923
74.6324
75.9605
92.5419
81.5659
65.192
95.352
333.781
83.7377
169.307
115.248
304.424
78.0577
159.154
276.176
176.581
132.004
277.431
147.574
249.098
72.4431
293.552
131.848
268.829
37.2022
253.14
282.078
268.704
286.895
271.184
272.039
285.077
291.084
321.512
278.385
295.88
320.656
284.529
293.942
312.775
313.97
299.641
298.839
286.723
273.996
307.548
311.97
292.961
266.661
313.04
292.551
278.916
315.006
289.131
278.729
298.439
320.306
276.132
276.279
319.631
254.908
177.26
338.591
32.5576
265.324
246.52
153.17
192.023
387.872
56.9386
198.806
86.3481
304.765
331.308
233.962
211.123
316.446
307.782
58.0517
65.2993
50.2494
64.0703
62.3618
48.7545
45.3431
18.9737
55.4617
40.3609
13.3417
50.8035
48.6621
21.0238
30.8707
38.0132
44.4185
48.6621
61.6117
26.6833
23.3452
43.8634
67.72
20.8806
41.2311
55.0273
18.7883
45.4863
55.5698
36.4966
17.72
60.4401
57.5847
15.0333
109.11
110.788
227.266
58.6941
93.0484
194.25
94.8736
152.765
199.85
92.5743
168.908
58.8218
243.387
100.658
193.848
83.2586
202
206.814
190.877
210.44
194.373
192.585
206.729
214.22
244.233
200.145
218.79
241.611
207.396
212.72
234.094
233.077
219.338
223.43
206.848
197.307
228.32
234.088
216.171
187.211
234.03
213.883
199.905
236.299
211.492
201.062
218.838
240.416
199.842
197.408
240.333
218.406
145.207
93.145
165.303
191.212
124.812
261.84
121.083
22.4722
105.475
167.932
310.619
57.3847
221.219
144.544
272.208
120.37
113.846
127.201
113.455
122.025
130.177
132.004
161.719
123.762
137.004
165.303
126.507
149.013
156.847
165.68
150.073
136.528
136.693
115.745
153.574
154.013
133.6
117.29
158.041
137.975
126.621
159.022
132.008
122.495
146.373
167.657
116.825
123.794
165.097
316.025
157.724
98.7927
231.225
147.801
49.366
289.14
203.194
254
55.1543
188.481
208.83
201.159
146.322
151.347
299.883
280.179
301.325
285.449
278.016
294.002
304.164
332.006
288.028
308.08
325.444
297.168
291.349
319.19
311.752
300.734
315.514
290.248
288.444
312.314
321.025
306.163
273.002
318.308
300.027
286.007
321.224
300.042
290.11
302.324
321.972
291.556
284
323.558
234.412
227.543
150.629
172.131
365.005
27.4591
166.973
62.1289
279.202
325.4
201.658
206.787
285.773
298.573
25.4951
36.4966
18.0278
33.2415
38.6394
22.2036
13.4164
17.088
28
8.544
22.8473
19.9249
41.2311
15.2971
37.4833
29.6816
14.0357
30.5287
30.4631
18.4391
9.43398
11.6619
43.2897
18.1108
17.8885
30.5941
16.7631
16.0312
26.3059
22.8035
29.4279
28.6531
32.249
24.0416
150.96
236.698
141.908
191.384
208.387
70.8308
184.448
102.591
302.02
55.3624
245.54
51.6236
260.655
210.668
200.142
216.481
201.445
205.548
216.781
221
251.366
210.098
225.942
252.62
214.849
230.054
244.387
249.018
233.893
227.271
220.538
204.071
239.985
242.627
222.767
200.302
245.082
224.511
211.625
246.617
219.914
209.755
231.588
253.505
205.767
208.856
251.962
132.97
55.5428
147.122
202.074
159.223
165.952
91.8368
152.201
182.543
111.252
171.82
111.328
215.244
193.546
214.898
199.882
188.905
205.361
216.933
242.396
200.04
220.239
233.773
210.098
198.162
228.373
218.021
208.54
229.445
199.449
202.781
221.097
231.225
218.888
184.353
227.068
210.447
196.957
230.254
212.002
202.83
211.149
229.264
206.197
195.346
231.625
99.6393
278.385
136.605
201.249
110.982
219.456
178.443
238.673
58.1378
276.342
158.142
153.808
132.306
147.899
140.064
120.433
133.417
146.755
158.673
132.004
147.187
144.031
142.274
109.786
142.902
122.589
121.918
160.031
121.017
141.736
135.591
148.923
148.071
119.269
140.246
133.69
126.036
143.84
140.357
136.4
128.082
136.18
145.086
126.4
141.241
197.145
146.537
125.16
110.422
123.665
186.253
156.719
104.48
177.654
149.013
159.765
138.004
159.355
144.368
133.507
149.933
161.409
187.182
144.544
164.754
179.101
154.564
144.087
173.416
164.305
154.013
173.902
144.42
147.258
166.244
176.028
163.368
128.891
172.235
155.168
141.566
175.345
156.525
147.299
156.259
175.011
150.685
139.904
177.045
338.013
244.935
303.059
93.984
212.009
245.416
244.364
168.015
180.069
348.415
329.024
350.091
334.15
327.124
343.036
353.023
381.084
337.006
357.001
374.707
346.023
340.701
368.392
361.112
350.043
364.198
339.478
337.148
361.554
370.135
355.023
322.076
367.545
349.143
335.096
370.438
349.001
339.006
351.569
371.296
340.212
333.054
372.839
142.274
36.1386
251.794
306.726
178.213
190.224
259.538
277.95
17.2047
9.05539
13
8.06226
16.2788
9.43398
15.0333
44.3847
5.09902
19.105
44.4072
8.06226
37.0135
36.0555
46.9574
31.9531
27.5136
21.0238
7.07107
32.5269
34.5398
17.0294
18.868
37.0135
17.0294
11.4018
38.2753
11.7047
1.41421
26.4197
46.6905
9.21954
10.2956
44.0454
124.016
151.003
308.287
38.9102
226.073
122.123
268.794
142.359
134.715
148.946
134.807
142.13
151.212
153.688
183.619
144.693
158.685
186.639
148.003
168.582
178.219
185.97
170.426
158.647
156.984
137.201
174.642
175.65
155.332
137.208
179.287
159.022
147.187
180.413
153.405
143.68
167.093
188.621
138.452
144.361
186.317
218.509
274.133
162.29
160.415
234.389
243.889
50.5371
27.8568
49.0408
34.8855
24.1868
40.0125
50.9902
78.0256
34.2345
54.4518
73.0068
44.1475
45.607
65.9242
65
50.5668
63.6003
37.9473
37.5766
59.6657
67.1193
52.9528
19.0263
65.5134
46.1736
32.0624
68.0661
46.2709
36.8782
50
71.5122
41.1461
30
71.5681
221.226
154.013
203.089
96.5401
180.71
260.492
242.739
263.19
247.073
242.662
257.816
266.582
295.855
251.448
270.897
291.431
259.625
259.788
284.429
280.401
267.808
276.798
256.129
250.06
278.097
285.26
268.57
237.394
283.989
264.518
250.38
286.575
263.205
252.907
268.287
289.171
252.873
248.085
289.862
334.319
120.308
315.228
41.4367
323.303
300.375
319.249
308.058
290.658
305.801
319.201
335.394
302.848
320.628
321.56
313.637
286.002
319.595
300.536
298.198
332.8
294.925
310.363
312.079
325.066
320.801
287.988
317.151
307.709
297.605
320.755
313.002
306.889
303.699
314.059
313.949
297.236
318.818
260.048
100
293.789
176.477
171.143
183.742
170.485
179.402
187.385
188.621
217.867
181.025
193.61
222.252
183.371
206.306
213.776
223.063
207.454
192.2
194.077
172.679
210.737
210.64
190.142
174.642
215.077
195.167
183.984
215.928
188.958
179.627
203.691
224.864
173.566
181.157
222.144
276.812
101.966
207.241
184.784
202.252
192.588
173.954
188.223
201.675
215.873
185.97
202.633
201.646
196.596
166.604
200.062
180.422
178.807
215.188
176.581
194.61
192.627
205.801
203.148
171.945
197.517
189.381
180.347
201.122
195.346
190.213
184.621
193.982
198.116
180.314
198.879
274.066
262.191
251.177
267.882
252.715
256.096
267.793
272.356
302.764
261.094
277.281
303.638
266.13
279.932
295.466
299.261
284.318
278.821
271.046
255.378
290.878
293.886
274.142
250.799
296.071
275.481
262.393
297.7
271.118
260.895
282.294
304.243
257.148
259.65
302.899
293.993
270.972
290.759
278.476
262.246
278.002
291.208
309.919
274.434
293.109
297.113
285.246
260.757
294.272
276.928
272.809
304.764
268.078
280.959
286.667
299.207
292.92
259.083
292.058
280.703
269.596
295.63
285.203
278.255
277.737
290.193
284.565
268.927
294.462
23.0217
9.21954
15.6525
33.4215
22.561
13.9284
41.4005
21.9545
18.3576
47.7074
13.1529
51.788
39.4462
57.0701
44.0114
16.7631
36.1386
13.0384
39.2173
34.8281
14.7648
35.3836
41.5933
27.0185
28.178
41.3401
18.0278
17.4929
37.1214
52.8015
9.43398
27.4591
48.3735
21.3776
7.81025
13.1529
16.6433
24
53.3667
10
28.1603
52.4786
17
39.2938
44.2945
52.4309
36.8917
35.9026
24.1661
10
40
43.3244
26
13.0384
44.9444
24.4131
13.4164
46.5296
20.6155
10.198
32.5576
53.9073
13.6015
10.7703
51.8652
16.1245
28.6007
14.7648
5
34.8855
16.4012
9.89949
39.2046
5.65685
43.4166
30.8058
47.8539
35.0143
14.5602
28.2312
13.1529
30.0832
26.9072
6.40312
31.7648
32.7567
18.0278
21.9317
32.8024
9.05539
12.53
28.0179
43.8292
10.7703
22.0227
39.6611
20.2485
17.4929
19.9249
50.3289
12.3693
24.6982
51.8556
13.4164
44.2832
43.4166
55.0091
39.9249
30.0666
28.4429
3
40.3609
41.1825
21.8403
20.8087
44.5982
25
18.0278
45.607
18.6011
9.43398
34.4819
54.5619
6.32456
16.0312
51.6624
16.4924
29.0689
54.0093
12.2066
31.6228
49.0408
23.0217
27.7308
41.7732
43.8634
28.4253
42.5441
15
21.4709
35.7351
43.0116
30.8707
5.38516
41.4849
22.0227
8.06226
43.9318
23.4094
16.2788
26.4008
48.3011
24.6982
6.7082
47.7598
13.4536
38.1182
6.7082
15.2315
35.8469
9.48683
29.2746
27.7308
37.5766
22.8035
27.0185
13.6015
16.1555
23.4307
27.4591
15
21.095
28.3019
7.81025
8.544
29.9666
7.2111
8.06226
17
37.4833
17.2627
10.0499
35.2278
30.4631
17.088
5
34.2053
7
40.4969
25.807
43.4166
31.257
13.6015
26.0768
17.088
25.2982
22.0227
2
32.8938
27.7849
14.5602
21.6333
27.8029
6.40312
14.1421
24.0832
38.9102
15.2643
22.3607
34.6699
44.4072
25.632
16.5529
37
49.3964
15.8114
38.0132
37.2156
26.2488
43.1741
47.5395
23.3238
11.1803
28.6356
59.0085
18.4391
32.0624
46
14.8661
32.7567
43.1741
32.311
25.4951
45.618
48.0416
19.2354
20.2237
42.5441
10.8167
32.0624
34.4384
43.0465
27.7308
30.4138
16.1245
12
30
33.9559
18.9737
15.8114
34.9857
14.4222
6.32456
36.6742
12.0416
4.47214
22.8035
43.9318
14.3178
5.65685
41.8808
29.4109
11.4018
39.3573
21.095
40.05
29.1204
13.0384
26.1725
21.9317
21.3776
17.0294
3.60555
35.9026
23.2594
13.6015
23.7697
23.0217
8.24621
18.0278
21.8403
34.5398
20.2485
25
30.0167
38.8973
36.6879
8.48528
21.9317
25.318
36.4005
35.3553
49.5782
13.3417
13.6015
33.0151
54.4059
7.61577
28.178
41.7852
6.40312
33.3017
43.0116
23.1948
8.94427
48.7955
44.3847
2.82843
38.6394
30.4138
44.9222
31.1448
19.6977
23.0868
10.8167
28.3019
27.7849
9
26.4008
31.8904
14.3178
16.2788
32.5576
5.83095
7.28011
24.5153
42.4382
10
16.4012
38.9487
33.6155
20.6155
12.2066
52.3546
16
44.0454
26.0768
39.2046
41.2311
31.9061
31.305
26
26.3059
34.8855
34.4819
36
18.4391
31.1448
46.0109
28.6356
34.2053
23.7697
21.4709
29.2746
29.0172
41.1096
7.61577
7.28011
24.6982
47.0744
3.16228
20.2485
34.2053
2.23607
24.8395
34.6699
17.2627
14.1421
40.3113
36.6879
8.94427
15.6205
51.2445
29
53.7122
19.105
31.0161
43.1856
48.9183
20.6155
30.6757
39.2046
23.7065
39.2938
45.618
20.6155
13.6015
54.4243
42.0119
19.105
41.7852
13.4536
38.8973
13.8924
27.0185
31.5753
33.6006
19.3132
17
23.6008
22.8473
26
30.6757
7.28011
21.3776
40.025
26.4008
23.0868
39.0512
27.074
32.1403
22.8035
12.0416
46.0977
32.1403
26.6271
35.2278
30.5941
19.8494
26.9258
34.5398
43.4166
24
35.8469
37.855
28.0713
22.0907
32.0156
27.2029
20.2485
28.0713
12.8062
10.7703
31
19.7231
20
12.1655
33.6155
30.0167
13.4164
33.7343
38.4187
38.5876
18.9737
22.6716
42.4264
23.3238
18.1108
43.2782
16.2788
8.24621
33.1059
52.6308
3.60555
16.4924
49.4975
13.4536
24.7386
41.1096
6
15.6205
28.6356
9.21954
22.4722
31.1127
10
14.2127
38.2753
31.305
12.083
20.5183
48.0937
10.4403
21
35.0571
8
22.8473
33.2415
21.4709
21
37.2022
37.2156
15.1327
34.7851
26.8328
15.2315
23.3238
26.6271
7.81025
16.1245
24.3311
38.0789
17
24.1661
33.6155
46.8402
27.1662
13.0384
49.2443
27.6586
19.2354
31.7805
53.6656
26.1725
11.0454
53.1413
20.5913
34.176
3.60555
26.1725
35.609
16
11.4018
41.8688
36.7696
7.07107
14.1421
22.4722
9
15.6205
10.198
29.6985
23.7697
16.4924
27.4591
36.4005
15.6525
10.7703
20
41.8808
20.6155
2.82843
40.7185
27.0185
36.8917
19.105
13
42.4264
38.8973
7.28011
10.4403
19.105
36.6197
15.8114
16.7631
33.2415
25.0599
45.2769
10.0499
10
42.638
21.9545
33.8378
22.8035
21.587
52.4309
44.6542
6.32456
19.3132
48.9183
43.382
