100
180.569
93.3488
185.569
108.757
79.2086
12.0416
155.657
215.838
60.8358
193.67
25
108.6
132.816
118.33
126.921
72.1734
51.923
9.21954
149.486
208.54
124.483
163.817
47.2652
150.765
66.468
173.349
164.027
212.941
96.5401
138.452
182.661
153.522
587.555
613.47
566.76
620.305
427.163
586.776
651.234
479.31
511.895
577.557
646.228
480.213
616.77
494.64
388.816
533.476
471.02
507.607
531.896
588.718
559.772
459.205
610.047
449.911
564.345
493.968
455.511
463.746
513.561
629.517
559.679
549.324
408.814
119.202
126.531
83.2586
106.212
102.318
61.0983
118.431
75.6637
102.801
83.2406
104.178
106.527
84.1724
98.0867
45.793
129.808
97.5807
49.8197
131.034
114.495
94.8683
58
129.619
107.564
138.798
74.7329
104.293
143.402
54.7814
126.246
80.2122
74.4648
69.5701
54.8179
91
79.9312
91.5478
104.216
179.449
25.0599
172.247
217.697
67.1193
157.003
214.525
109.659
71.8679
129.066
245.54
171.094
183.172
101.02
170.857
62.6817
206.197
154.146
83.9345
115.884
69.029
164.158
98.9798
85
69.8713
204.636
94.0213
407.907
437.978
387.014
442.386
269.364
410.265
476.715
332.579
365.63
405.572
468.108
314.341
441.47
327.982
212.925
377.224
291.247
329.985
379.189
411.534
384.596
308.603
446.536
272.472
387.796
324.871
275.363
283.24
334.117
453.247
379.357
390.021
228.267
209.002
192.751
184.838
165.027
187.131
220.989
214.021
224.611
234.438
204.377
187.067
233.489
164.104
188.383
184.114
253.047
220.484
190.707
252.873
199.003
204.414
198.295
255.327
223.188
206.519
183.183
175.003
241.133
176.528
222.002
220.955
180.05
229.401
192.276
97.4166
25.9615
14.1421
95
66.1287
154.984
126.811
102.421
72.6705
131.529
63.3246
52.8394
72.2011
154.768
80.8084
94.3663
72.6911
149.603
51.8652
145.417
63.2456
66.2722
26.9072
83.5703
118.461
125.96
10.2956
48.3839
153.483
73.0274
498.643
528.757
474.233
533.385
353.624
501.175
567.341
412.485
445.594
495.55
559.103
402.126
532.219
416.102
303.579
461.525
378.6
420.971
462.027
502.507
475.29
390.032
533.877
363.431
478.703
413.824
365.891
373.226
420.905
544.142
469.618
475.602
318.159
130.081
119.867
99.4082
89.4707
106.738
130.035
133.881
134.391
147.085
117.017
107.28
147.003
80.604
106.513
93.3006
168.428
134.015
100
168.582
120.503
119.507
107.935
170.238
138.521
135.059
96.0052
97.1442
162.782
86.4928
142.618
131.529
93.0215
138.514
101.868
76.9415
110.136
189.623
77.3886
93.0054
200.392
18.1108
168.253
174.957
62.1289
120.208
80.0562
234.053
154.156
184.166
44.2945
92.4392
111.803
144.056
143.84
35.4683
122.385
15.0333
97.0824
28.6356
100.02
49.0408
136.195
36.8917
436.794
477.579
398.529
476.59
331.904
448.377
517.38
399.322
431.87
451.283
501.352
369.141
481.362
381.635
259.017
437.796
305.011
367.441
441.852
448.131
425.832
374.066
500.441
312.32
426.297
376.085
304.884
308.662
345.099
491.08
404.545
448.264
254.961
164.21
143.003
153.101
122.984
147.136
204.561
170.3
201.814
201.445
174.187
146.263
198.595
132.639
150.296
169.012
213.002
186.682
173.971
212.25
154.871
169.198
178.55
216.002
185.607
153.587
155.206
133.72
192.603
157.724
176.46
195.064
152.201
211.291
173.416
35.1283
112.699
69.029
129.035
130.863
85.276
91.5478
123.102
37.5766
73.5527
48.8365
162.2
83.3547
107.801
47.0956
123.713
70
125.539
69.527
43.0116
46.3249
64.6375
94.3663
104.785
34
30.4138
131.137
48.2597
494.381
527.881
465.172
530.813
360.022
499.73
566.93
421.41
454.542
496.588
556.297
405.878
531.448
419.529
303.424
468.01
370.005
419.005
469.426
500.589
474.752
398.132
538.057
361.873
477.302
416.346
361.367
367.619
411.666
542.741
464.225
481.204
312.648
118.512
104.547
93.3809
75.1332
96.0469
134.629
123.199
135.65
143.178
113.265
96.1301
142.042
72.5603
97.0206
97.6371
161.524
129.066
103.586
161.375
108.559
112.872
110.018
163.783
131.643
119.252
92.1792
84.4808
151.076
88.1192
131.461
130.973
89.0225
142.394
104.235
81.0247
79.2023
162.049
114.285
115.974
58.8303
123.693
70.214
58.2409
75.5844
141.326
69.3542
80.2808
82
156.208
59.4138
144.312
50.9902
77.666
12.8062
96.6644
121.709
138.514
19.6469
61.327
154.457
83.3847
512.079
541.502
488.259
546.498
364.321
514.058
579.962
422.118
455.186
507.829
572.255
413.673
544.938
427.739
316.291
472.086
392.604
434.001
472.238
515.493
487.976
400.031
545.202
376.407
491.586
425.735
379.415
386.908
434.949
557.001
483.24
486.474
331.851
123.859
115.966
91.0055
85.703
100.464
117.341
127.138
122.642
137.091
107.299
101.237
137.441
73.736
99.6243
81.0247
159.524
124.579
87.8635
159.812
114.634
111.005
96.1769
161.124
129.877
131.229
86.7006
92.1792
156.263
75.2396
136.015
120.416
83.863
125.96
90.0944
154.797
224.27
72.0694
196.736
22.6274
120.603
139.216
114.495
134.729
80.0999
62.9682
21.2132
155.284
217.113
121.314
174.897
56.0803
155.348
68.2422
176.876
173.349
217.424
96.9381
141.662
193.313
158.827
585.158
609.716
566.316
617.191
421.318
583.292
647.232
472.331
504.79
573.154
643.162
475.096
612.968
489.59
385.498
527.189
470.541
504.508
525.283
585.411
556.004
452.604
604.401
446.839
560.892
489.249
453.516
462.135
513.264
625.934
557.776
543.31
407.333
131.027
137.786
94.8103
116.499
113.719
72.0139
130.357
87.1321
114.634
95.268
115.551
118.444
94.5939
109.59
57.6888
141.651
109.604
61.8466
142.902
126.127
106.832
70.0357
141.4
119.604
150.306
86.3134
115.135
155.438
66.2118
138.221
92.0054
85.9069
80.2309
66.8431
165.194
192.925
69.6348
132.28
192.023
92.3093
51.5461
110.68
220.513
146.564
158.152
87.0919
162.69
42.0595
188.905
129.356
70.6045
90.824
63.6318
149.586
101.651
59.9416
52.3259
189.652
81.2158
432.962
462.65
411.524
467.321
291.007
435.046
501.283
352.632
385.753
429.773
493.065
337.5
466.12
351.295
237.497
399.001
315.748
354.866
400.405
436.39
409.207
329.193
469.564
297.31
412.575
348.558
300.421
308.248
358.511
478.014
404.401
412.311
253.255
187.451
172.456
161.608
143.785
165.076
196.163
192.211
200.145
210.867
180.737
165.148
210.155
141.174
166
159.38
230.263
197.122
166.027
230.176
177.477
181.397
173.761
232.422
200.302
186.703
159.524
153.395
219.911
152.086
200.422
196.756
156.416
204.629
167.72
202.97
109.078
208.06
153.101
91.9239
196.825
90.05
238.078
168.268
210.611
84.0952
8.06226
190.394
90.7855
168.582
97.0979
170.317
103.325
55.5428
85.3815
162.585
118.849
70.4911
86.954
497.684
546.527
444.933
541.117
418.724
516.655
586.577
487.84
519.925
525.42
564.61
450.894
550.481
462.455
338.024
522.422
357.83
437.073
527.743
515.19
497.004
462.066
580.001
385.375
495.327
455.379
370.653
371.055
393.285
558.364
463.138
531.301
321.224
137.058
114.28
148.762
115.434
132.85
207.425
143.22
197.254
183.33
165.955
131.046
178.354
136.062
137.801
181.177
182.702
170.47
182.964
181.218
131.548
155.235
182.784
186.271
164.195
115.624
155.271
122.56
152.794
168.573
144.941
187.83
153.379
210.889
179.981
212.869
81.2527
61.8142
139.316
166.676
125.419
35.3553
47.5079
52
157.699
194.997
170.696
130.096
63.5689
165.303
104.139
191.471
147.472
224.207
133.929
160.605
152.643
164.073
624.541
655.568
595.748
659.964
477.046
627.953
694.136
532.414
565.287
622.113
685.622
527.555
659.03
541.705
430.387
584.406
500.752
547.659
583.815
629.222
602.098
511.269
658.764
490.168
605.483
539.908
491.586
498.23
542.22
670.928
594.811
599.363
443.2
77.1622
93.771
54.231
88.1022
71.0634
4.47214
73.6817
15.5563
45
39.1152
73.0068
49.93
70.214
65.9697
33.6155
71.5052
45.2217
27.2947
73
77.1622
52.0096
21.9317
70.7107
55.9732
101.005
48.3735
80.4114
91.7878
43.0116
79.0759
23.2594
50.774
11.7047
27.0185
174.771
190.709
76.9675
117.004
95.8593
245.815
165.952
193.041
60.0833
109.128
108.019
162.012
154.175
48.0208
128.631
21.4009
115.156
32.311
103.247
55.2178
154.302
52.2015
420.268
460.185
383.986
459.619
313.904
431.066
499.938
381.505
414.005
433.497
484.489
351.04
463.949
363.551
241.052
419.711
289.883
350.087
423.817
430.935
408.285
356.181
482.374
294.727
408.936
358.05
288.045
292.219
330.48
473.827
388.346
430.155
238.212
180.58
159.831
167.451
138.539
162.693
216.926
186.574
215.232
216.453
188.534
161.929
213.86
146.632
165.605
180.712
229.055
201.698
186.038
228.373
171.082
184.272
191.207
231.976
201.162
170.836
168.964
149.308
209.571
169.921
193.003
208.926
165.895
224.009
185.852
119.67
120.354
93.4077
118.017
96.7471
57.3847
31.0161
135.591
201.201
99.7447
166.364
44.2832
134.48
46.1411
155.193
159.305
196.308
74.3303
119.883
182.937
138.6
563.257
588.647
543.774
595.689
402.24
562.029
626.352
454.763
487.406
552.602
621.631
455.214
591.934
469.64
364.111
508.653
448.001
482.991
507.182
564.03
534.943
434.495
585.085
425.301
539.607
468.979
431.422
439.892
490.697
604.742
535.651
524.429
385.04
127.562
130.511
90.1388
105.849
107.648
82.3772
128.004
94.8683
119.419
95.6033
109.289
122.299
84.9706
104.202
57.6888
145.99
111.772
63.6318
146.986
121.211
105.475
72.9452
146.294
120.801
144.222
82.134
106.471
155.129
62.2254
136.473
97.5756
80.9197
91.2414
68.2642
113.886
181.912
94.9368
92.2659
63.0079
99.6243
130.782
145.055
182.784
70.6116
80.6226
143.569
118.929
170.188
98.8585
193.458
141.23
147.313
94.1116
138.539
610.725
648.077
573.059
649.215
483.001
619.448
687.471
543.474
576.606
618.328
674.341
528.834
651.734
542.403
424.853
591.003
479.935
538.458
592.19
619.817
595.366
520.601
661.048
481.956
597.124
538.934
478.138
482.802
519.732
662.397
579.035
604.299
428.515
16.7631
38.833
32.8938
52.2015
28.1603
65.4905
12
50.01
30.2324
25.5539
28.7924
25.4951
51.1566
26.1725
63.1269
38.833
18.4391
58.8218
38.4708
21.9317
14.2127
51.4782
41.4849
11.3137
41
38.9487
41.4367
35.4683
57.6281
17.8885
40
41.1461
65.0077
53.8238
109.481
20.025
173.658
94.4034
129.619
18.3848
86.3308
104.69
96.7678
87.2353
29.8329
79.1581
56.3028
58.8982
84.8999
71.5542
40.1622
97.9439
25.2389
496.847
535.068
460.544
535.569
377.915
506.235
574.625
442.115
475.129
506.585
560.616
420.03
538.77
433.166
313.193
485.412
366.742
425.212
487.997
506.416
482.656
417.929
552.153
369.091
483.976
428.789
364.321
368.917
407.084
549.127
465.176
497.402
314.651
104.561
85.2877
90.9725
61.6847
85.7963
143.586
110.354
139.946
139.542
112.058
85.0941
136.894
70.6045
88.6397
109.202
152.427
124.78
113.569
151.822
94.8314
107.331
117.388
155.271
124.234
98.0051
93.2363
72.45
134.952
97.3088
117.277
133.004
90.2718
149.933
112.539
122.381
188.693
125.324
123.081
112.872
192.627
9.48683
197.853
106.17
100.319
64.2806
105.224
167.705
147.411
42.5441
78.3901
204.629
110.023
471.17
495.298
456.207
502.733
310.577
468.803
532.95
366.049
399.011
459.236
528.715
362.355
498.571
376.703
271.013
417.767
360.636
390.063
417.153
470.919
441.589
344.64
492.842
332.412
446.4
375.769
340.147
349.425
403.759
511.463
444.433
432.908
295.02
181.893
172.627
149.164
142.215
158.483
169.071
185.311
177.045
194.139
164.757
159.176
194.879
131.867
157.801
135.015
217.348
182.165
142.014
217.706
172.525
169.098
151.003
218.817
187.883
187.843
144.544
149.563
214.406
131.381
194.165
176.102
141.792
178.017
145.014
160.424
83.1925
122.483
35.8469
83.2947
118.697
78.3901
79.8311
49.6488
81.9085
75.6902
46.3249
100.265
81.6884
59.2284
82.3286
43.6578
516.087
554.838
478.458
555.094
397.725
525.952
594.428
461.637
494.677
526.541
580.08
440.041
558.55
453.186
333.174
505.284
385.068
444.927
507.774
526.067
502.494
437.559
572.171
388.913
503.714
448.813
383.71
388.068
425.065
568.821
484.2
517.349
333.958
84.8999
65.2763
74.411
42.9418
67.082
129.808
90.802
124.451
121.594
95.268
66.2118
118.596
55.3173
70.3278
97.5295
133.195
106.85
101.02
132.518
75.2861
89.3588
103.6
136.125
105.551
78.0256
77.8332
53.6656
114.983
85.0882
97.5141
116.846
75.0733
135.473
99.2975
79.9312
65.9242
192.003
230.083
193.961
162.496
92.9139
198.728
129.865
224.475
182.543
258.521
160.639
192.427
185.607
198.116
653.387
682.133
627.288
687.695
498.747
654.954
720.309
551.457
584.059
647.346
713.488
551.046
685.514
565.383
457
605.343
531.978
575.124
603.929
656.544
628.513
531.242
681.39
517.479
632.487
564.281
520.658
527.902
573.801
697.843
624.348
621.001
472.83
108.665
127.346
89.4707
123.434
105.622
30.8869
104.235
42.4264
67.7422
72.8011
107.517
73.6817
105.394
100.568
65.1153
89.5377
74.0608
60.1415
91.4166
110.218
84.9294
56.8595
87.4643
84.006
132.966
83.7257
115.551
116.726
76.4199
108.005
52.469
86.093
27.6586
61.2209
44.5533
112.614
160.639
128
111.946
19.2354
118.802
61.0737
144.589
114.529
178.997
88.8144
113.159
130.817
118.444
577.256
609.066
548.326
613.001
433.668
581.276
647.798
491.009
524.034
576.281
638.606
482.843
612.563
496.855
384.003
541.407
453.277
500.828
541.447
582.417
555.688
469.153
614.479
443.428
558.814
494.631
444.272
450.799
494.802
624.272
547.391
555.828
395.784
70.1783
74.8465
32.8024
55.0364
51
51.3128
70.7248
53.6004
69.0507
40.8534
52.7731
70.342
33
47.1699
14.8661
93.6056
58.1893
20.2485
94.2444
64.0703
48.8262
27.2029
94.6414
65.7419
87.7097
24.7588
52.3927
98.4073
6.08276
79.3095
51.0882
23.6008
59.0593
21.1896
146.741
203.194
128.752
156.042
42.72
149.04
67.8012
172.409
158.051
211.123
98.4733
137.906
175.328
151.182
590.745
617.635
568.51
624.007
432.838
590.753
655.568
485.733
518.395
582.19
649.89
485.372
620.967
499.748
392.745
539.424
472.831
511.33
538.063
592.567
563.959
465.382
615.54
453.635
568.304
498.844
458.451
466.4
515.218
633.556
562.516
555.082
411.4
110.535
118.596
75.0267
99.4082
94.2444
52.4976
109.604
66.6483
93.6002
74.2024
96.1353
97.3088
77.3175
89.8888
37.1214
120.603
88.3912
40.8044
121.824
106.104
85.9826
48.8365
120.433
98.4124
130.545
66.4831
96.8814
134.317
46.8402
117.324
71.0282
66.4078
61.131
45.8039
79.7559
106.78
106.367
104.709
17.088
92.3472
40.4475
63.1585
66.5282
79.3095
36.0694
103.619
8.06226
480.351
519.711
442.815
519.577
366.565
490.718
559.378
431.912
464.812
492.083
544.5
407.079
523.447
420.001
298.965
473.646
349.276
409.704
476.732
490.719
467.552
407.344
539
353.952
468.526
415.204
348.08
352.298
389.391
533.541
448.385
485.124
298.277
120.503
100.02
109.041
78.721
102.883
161.966
126.491
158.256
157.156
130.096
102.044
154.305
88.8651
106.005
127.44
169.009
142.394
131.894
168.309
111
124.908
135.772
171.956
141.365
111.647
111.521
89.4707
149.833
115.624
132.966
151.208
108.577
168.315
130.908
186.454
83.2406
161.31
93.6002
164.149
101.828
47.5395
87.3212
157.471
115.109
63.5295
83.2346
502.733
550.873
450.977
545.884
420.487
521.046
590.922
489.249
521.46
529.185
569.506
453.584
554.812
465.296
340.982
524.673
363.325
441.255
529.755
519.7
501.081
463.59
583.097
389.129
499.626
458.433
375.123
375.826
399.152
562.883
468.342
533.835
325.555
129.035
106.231
140.801
107.564
124.812
199.449
135.207
189.214
175.285
157.918
123.004
170.32
128.32
129.769
173.442
174.828
162.41
175.149
173.358
123.491
147.177
174.874
178.393
156.157
107.713
147.363
114.586
145.097
160.854
137
179.78
145.499
202.872
172.122
195.274
109.041
93.4773
67.0671
96.8814
163.355
138.708
41.7612
71.5891
201.02
103.446
463.906
489.001
447.845
495.962
306.366
462.301
526.842
363.012
396.045
453.471
521.914
357.302
492.31
371.571
264.367
413.842
352.21
383.266
413.586
464.285
435.308
341.211
488.181
325.583
439.874
370.324
332.557
341.602
395.289
505.035
436.849
428.674
287.063
181.893
171.493
150.266
141.156
158.521
173.277
185.586
180.469
196.367
166.676
159.101
196.825
132.185
158.142
138.438
218.929
183.984
145.417
219.203
172.351
170.317
154.208
220.538
189.235
186.625
146.113
149
214.56
134.004
194.366
179.025
143.265
182.165
148.165
122.09
123.167
145.911
145.417
47.676
153.375
155.602
136.927
23.7697
114.127
576.782
620.576
530.171
618.173
472.914
591.143
660.492
538.154
571.09
595.214
642.497
512.61
624.408
525.308
403.061
579.884
440.191
510.416
583.082
590.529
569.278
513.674
644.224
455.939
569.232
520.015
446.41
448.83
477.658
633.624
543.346
591.118
396.41
53.9351
37.6563
81.5843
61.2944
62.1691
134.183
58.9406
120.071
99.2975
91.022
60.208
93.6376
81.3941
66.9104
119.854
93.4773
89.0505
118.533
91.8368
53
78.1025
114.438
97.0824
80.3617
29.6142
90.0278
60.0083
62.2896
109.202
57.7754
110.027
89.7385
134.952
114.127
108.407
42
133.056
117.273
170.018
70.6116
99.905
138.842
109.604
561.324
592
534.394
596.473
415.03
564.39
630.584
472
505.009
558.686
622.154
464.656
595.464
478.729
366.824
522.69
439.065
484.125
522.598
565.679
538.536
450.25
596.142
426.617
541.92
476.707
428.434
435.36
480.917
607.363
531.884
537.249
380.296
85.7963
86.5332
48.6004
61.6847
64.4438
66.8506
87.2009
71.7008
88.2836
59.7746
65.9469
89.4986
40.7063
61.5224
30.0832
112.641
77.201
36.8782
113.225
78.492
66.6483
45.2769
113.759
84.309
100.603
41.6773
62.2656
115.663
25.318
96.0208
70
39.6611
75.2728
39.2046
89.2861
26.8328
80.2309
62.1772
71.0634
21.9317
120.702
10.6301
467.171
505.244
432.006
505.763
349.906
476.403
544.812
415.008
447.931
476.917
530.83
391.005
508.949
404.031
283.591
457.123
337.831
395.38
460.062
476.585
452.859
390.509
523.034
339.285
454.146
399.452
334.574
339.308
378.498
519.294
435.643
468.778
284.951
134.391
114.856
119.474
91.3947
115.434
169.425
140.186
167.287
168.671
140.545
114.791
166.235
98.6154
118.106
133.645
182.187
153.935
138.708
181.604
124.664
136.565
143.534
185
153.792
127.142
120.95
102.142
164.615
122.495
147.092
160.91
117.886
176.324
138.293
109.124
127.236
150.632
30.8869
73.7902
157.813
94.3663
523.78
552.438
500.716
557.832
373.259
525.148
590.762
430
463.01
518.284
583.63
423.416
555.846
437.567
327.249
480.838
405.031
445.261
480.651
526.693
498.86
408.276
554.683
387.621
502.678
435.837
391.234
398.911
447.438
568.058
495.162
495.525
343.874
120.768
115.256
86.0349
85.6329
97.6166
106.963
123.483
113.442
129.869
100.623
98.6154
130.698
70.8308
96.1509
71.4493
153.375
118.068
78.4092
153.805
112.004
105.65
87.1436
154.742
124.193
130.419
80.7775
90.802
152.611
67.1193
132.424
112
78.1601
115.732
81.0987
99.8248
43.2897
85.6154
35.3412
139.946
32.3883
440.546
479.308
405.262
479.404
327.991
450.351
518.957
394.37
427.114
451.666
504.401
367.267
483.037
380.064
258.627
434.623
311.014
369.33
438.124
450.41
427.112
369.444
499.036
313.512
428.141
375.065
308.058
312.618
351.746
493.196
408.902
445.71
258.358
160.59
140.428
146.294
117.987
142.088
195.533
166.481
193.869
195.494
167.359
141.397
193.023
125.399
144.848
159.364
208.71
180.754
164.657
208.087
150.96
163.371
169.806
211.568
180.499
152.069
147.665
128.752
190.247
148.529
173.17
187.627
144.586
202.608
164.454
105.759
127.801
97.4166
40.4969
70.2282
529.218
572.93
483.735
570.509
427.805
543.482
612.856
494.054
526.848
547.822
594.855
466.169
576.767
478.707
356.001
534.29
393.117
462.776
537.926
542.855
521.699
469.221
597.523
408.418
521.584
473.152
398.739
401.224
431.01
585.953
495.891
545.094
348.738
83.4865
60.208
93.3006
60.4152
77.3692
151.921
89.8276
141.767
129.016
110.463
75.591
124.326
81.7435
82.2922
126.752
131.244
115.676
128.098
129.958
77.0065
99.985
127.487
134.715
110.114
64.6375
100
67.0671
104.101
114.272
92.8493
132.412
98.2344
155.348
124.908
128.655
77.6209
141.354
60.6053
423.468
467.788
380.138
464.838
333.353
438.217
507.774
402.505
434.553
444.041
489.124
366.46
471.658
378.319
254.232
437.352
288.201
357.716
442.476
437.416
417.01
376.697
496.424
304.164
416.438
371.747
293.125
295.466
327.012
480.554
390.242
446.593
243.148
181.177
158.777
174.642
142.636
166.412
228.484
187.473
224.404
221.359
195.533
165.303
218
154.987
170.074
193.848
230.413
206.693
198.399
229.473
172.409
189.251
202.277
233.6
204.475
167.502
177.654
153.118
207.239
182.124
192.754
217.039
174.771
234.759
197.436
51.3517
163.343
78.7718
492.903
521.929
470.239
527.077
344.981
494.532
560.359
403.279
436.371
488.184
552.856
394.088
525.358
408.138
296.719
452.806
374.513
414.542
453.11
496.009
468.39
381
525.67
356.926
472.06
406.099
360.347
368.049
417.024
537.464
464.281
467.077
313.019
140.132
130.146
108.904
99.7447
116.76
136.971
143.84
142.215
156
126.036
117.341
156.115
90.471
116.417
100.663
177.815
143.171
107.49
178.017
130.602
128.996
115.741
179.547
147.98
145.344
105.171
107.336
172.8
94.6414
152.611
139.807
102.24
145.602
109.659
137.354
31.9061
465.929
501.1
435.167
503.119
338.923
472.662
540.379
402.449
435.501
471.017
528.467
382.424
504.724
395.79
277.541
446.645
340.154
391.76
448.876
473.263
448.232
378.452
514.657
334.964
450.284
391.945
332.952
338.74
381.644
515.652
435.332
459.053
283.894
140.357
123.146
119.854
96.3328
119.365
164.469
145.674
164.596
169.838
140.456
119.08
168.134
98.6712
121.202
127.64
186.132
155.361
133.405
185.777
130.384
138.495
139.431
188.664
156.732
136.719
119.775
106.677
172.026
117.661
153.326
159.314
116.619
172.038
133.776
110.725
563.248
609.062
513.817
605.499
467.74
579.435
649.065
534.308
567.06
585.219
629.509
505.191
612.944
517.548
394.285
573.943
425.132
499.033
577.806
578.498
558.364
509.384
636.197
445.449
557.719
511.661
434.029
435.68
461.703
621.663
529.32
584.452
384.138
77.3692
59.0339
102.24
77.1622
83.0542
156.818
82.5651
143.199
123.033
113.534
81.0555
117.393
98.7623
88.0227
140.036
116.812
112.539
139.359
115.122
75.5381
100.841
136.004
120.416
104.043
53.1601
110.454
78.4474
85
128.725
81.5414
133.18
109.772
157.991
135.181
472.445
511.669
435.362
511.591
358.788
482.685
551.33
424.317
457.193
484.022
536.531
399.101
515.403
412.005
290.911
465.8
341.674
401.669
468.956
482.701
459.498
399.685
531.001
345.897
460.489
407.177
340.125
344.414
381.914
525.514
440.545
477.213
290.341
128.445
108.06
116.211
86.406
110.571
168.297
134.406
165.076
164.648
137.295
109.772
161.892
95.8019
113.596
133.304
176.853
149.883
137.975
176.173
118.903
132.412
142.172
179.778
149.054
119.708
118.406
97.17
157.877
121.696
140.943
158.218
115.421
174.828
137.179
74.2765
96.2081
49.0408
222.38
54.5619
106.005
245.367
246.002
101.514
68.0661
166.379
77.8974
156.205
202.714
201.559
143.056
86.6833
218.586
45.6508
73.171
234.776
172.308
141.113
57.0789
143.962
133.015
128.16
120.806
74.3034
36.4966
186.118
182.236
600.841
579.79
585.509
558.528
582.603
628.051
606.842
630.03
635.321
606.295
581.936
633.193
564.335
585.235
590.953
649.243
620.678
597.298
648.596
591.346
603.464
604.239
652.113
620.948
589.964
585.703
569.289
629.292
582.307
613.209
625.16
582.548
636.202
598.359
170.485
34.9285
210.737
30.0666
40.05
211.206
202.608
49.6588
50
149.241
4.12311
135.281
225.211
154.987
204.534
110.168
171.269
33.8378
53.7122
208.396
104.12
166.138
51.3517
128.818
176.011
177.634
190.539
18.6011
106.532
135.518
225.32
639.626
619.729
620.782
596.252
619.956
658.766
645.368
662.544
670.774
641.066
619.494
669.216
599.647
622.107
622.03
686.894
656.396
628.662
686.431
629.858
639.595
636.266
689.543
657.757
631.019
620.046
606.898
669.545
614.466
652.334
658.608
616.887
667.271
630.252
142.636
268.985
148.529
200.302
311.09
319.539
191.971
154.289
225.978
174.092
220.635
212.116
280.203
95.7758
133.843
296.736
140.357
157.943
294.333
265.515
162.274
143.031
206.051
129.865
114.948
53.535
169.201
68.9638
268.522
163.835
561.258
538.911
551.385
521.392
545.492
599.633
567.525
599.008
599.971
572.477
544.538
597.054
530.617
548.777
562.773
610.463
585.209
568.571
609.558
552.35
567.723
574.419
613.609
583.888
547.22
552.927
532.085
587.031
552.762
572.892
592.889
549.845
607.128
568.853
231.4
38.833
57.6888
239.742
233.773
80.0625
26.0768
170.848
37
157.953
231.767
186.593
190.163
112.699
203.226
33.2415
69.4046
234.361
139.014
170.394
58.7282
149.03
171.814
170.065
169.815
26.8701
85.1645
167.967
221.822
639.991
619.448
622.969
597.121
621.055
663.323
645.879
666.202
672.935
643.541
620.484
671.078
601.782
623.462
626.352
687.922
658.401
632.851
687.36
630.356
641.363
640.133
690.69
659.193
630.147
622.711
607.843
669.156
618.234
652.534
661.785
619.549
671.662
634.177
192.608
241.615
71.8471
101.98
164.657
255.973
61.5224
212.84
75.8222
99.2472
108.005
211.981
140.246
110.168
198.668
162.003
45.2217
183.24
110.887
173.899
82.4621
151.796
168.689
240.01
229.172
215.669
122.332
159.389
478.235
462.041
452.159
434.333
456.054
479.563
483.125
486.68
500.676
470.562
456.089
500.4
432.029
457.004
444.708
521.078
487.37
451.666
521.047
468.24
472.106
460.304
523.138
491.082
475.602
449.445
444.19
510.474
439.56
491.229
484.737
446.405
488.479
454.235
70
202.485
198.58
47.8539
63.6553
132.019
34.1321
119.202
198.01
152.266
175.208
81.0247
169.189
9.21954
30.6105
196.064
117.835
137.877
22.4722
110.209
146.055
147.574
163.453
43.0116
81.3941
135.059
195.502
610.794
590.735
592.441
567.536
591.308
631.209
616.574
634.679
642.441
612.817
590.817
640.795
571.284
593.529
594.378
658.246
628.013
600.966
657.757
601.057
611.138
608.462
660.927
629.212
601.895
591.849
578.205
640.539
586.622
623.465
630.584
588.688
639.658
602.466
232.422
218.71
77.0065
52.8394
180.413
36.1248
165.858
263.795
171.304
242.854
150.083
186.132
72.5603
92.1792
233.54
102.591
205.548
91.351
161.697
216.037
217.389
226.002
31.7805
141.156
150.27
265.37
679.168
659.385
659.959
635.718
659.367
697.284
684.882
701.325
709.937
680.165
658.927
708.448
638.847
661.466
660.64
726.297
695.6
667.308
725.854
669.38
678.859
675.001
728.92
697.085
670.759
659.109
646.344
709.204
653.242
691.902
697.521
655.952
705.834
668.973
33.1361
161.549
260.776
85.3288
212.002
91.022
169.8
64.5368
269.981
177.248
55.9017
210.583
174.416
26.6271
148.839
167.72
189.644
105.233
209.39
225.322
291.481
229.456
249.008
85.5862
226.206
539.912
524.961
511.822
496.4
517.232
534.585
544.489
543.092
559.201
529.306
517.421
559.394
492.318
517.789
501.064
580.882
546.443
508.063
580.996
529.967
531.904
517.024
582.722
550.93
538.97
508.434
505.89
572.477
497.016
552.844
542
505.479
543.575
511.016
153.805
252.606
99.363
202.773
100.305
197.003
47.7598
287.513
186.968
32.7567
207.28
173.104
57.8705
126.811
186.955
189.042
115.169
227.794
242.866
305.098
220.127
254.419
68.4471
249.778
573.045
558.063
544.94
529.525
550.368
567.427
577.624
576.043
592.274
562.392
550.557
592.486
525.449
550.924
534.023
613.998
579.539
541.023
614.116
563.099
565.024
550.004
615.832
584.05
572.053
541.532
539.022
605.607
530.046
585.978
575.008
538.581
576.42
544.001
99.368
103.407
50.6063
88.8651
193.499
106.532
202.425
92.6553
123.179
57.0701
36.2353
159.201
74.3303
140.057
49.2037
85.0882
160.854
167.141
198.98
68
123.146
88.1419
206.652
610.817
591.772
589.922
567.028
590.36
625.128
616.365
629.88
639.766
609.801
590.028
638.555
568.933
592.204
588.769
657.141
625.615
595.525
656.794
600.93
609.147
603.457
659.64
627.626
603.729
588.643
577.537
641.523
581.846
623.675
626.49
585.499
633.785
597.399
195
50.01
181.706
257.783
204.971
211.116
138.654
221.199
59.0339
94.1754
256.907
148.758
196.331
84.5044
173.511
196.469
193.83
187.321
33.1361
104.389
185.367
246.416
664.964
644.289
648.298
622.213
646.183
689
670.88
691.755
698.245
668.913
645.592
696.335
627.108
648.639
652.007
713.013
683.687
658.486
712.432
655.36
666.611
665.722
715.805
684.374
654.847
648.121
632.946
693.952
643.814
677.466
687.267
644.96
697.316
659.776
151.321
14.7648
113.6
76.5506
188.162
92.1954
87.7838
138.571
101.548
69.3542
132.242
88.6172
114.49
22.4722
128.705
143.544
206.814
167.705
165.511
80.9568
155.242
522.75
505.143
499.04
478.707
501.294
530.323
527.971
536.302
548.358
518.22
501.155
547.636
478.414
502.675
494.631
567.388
534.607
501.511
567.208
512.765
518.715
509.828
569.661
537.521
518.015
497.009
488.921
554.398
488.594
535.732
533.653
493.907
539.134
503.746
137.244
228.65
155.081
208.655
113.991
171.231
37.9473
57.0088
209.695
102.108
169.779
55.2268
131.137
180.003
181.706
194.551
17.4642
110.454
135.366
229.264
643.324
623.462
624.382
599.928
623.617
662.217
649.059
666.053
674.372
644.647
623.161
672.831
603.253
625.754
625.5
690.554
660.004
632.14
690.096
633.55
643.218
639.763
693.195
661.396
634.78
623.618
610.569
673.279
617.972
656.04
662.146
620.46
670.732
633.746
124.535
70.7248
189.169
87.0976
84.0238
126.127
89.0056
78.5875
119.004
92.957
102.694
14.8661
131.137
145
204.846
153.808
158
71.5542
161.697
536.144
518.348
512.762
492.108
514.799
544.5
541.407
550.347
562.161
532.032
514.636
561.381
492.083
516.236
508.726
581.003
548.358
515.594
580.804
526.165
532.392
523.871
583.304
551.167
531.114
510.819
502.364
567.691
502.587
549.117
547.614
507.711
553.296
517.79
188.162
131.856
119.202
196.359
199.922
171.712
143.544
242.192
61.8547
175.559
117.516
82.2922
97.4987
169.544
240.853
180.48
194.538
65.307
417.336
398.437
396.659
373.53
396.869
433.568
422.871
437.535
446.571
416.688
396.531
445.253
375.618
398.739
396.869
463.672
432.342
403.524
463.314
407.442
415.781
411.206
466.19
434.203
410.581
395.577
384.038
448.145
389.452
430.205
433.797
392.425
442.088
405.178
258.822
151.182
17.0294
161.152
128.39
75.9605
84.4038
163.6
144.499
84.2912
201.675
215.102
271.19
172.409
213.19
21.4009
231.603
586.167
569.79
560.151
542.236
564.032
586.837
591.085
594.279
608.599
578.498
564.057
608.363
540.033
565.001
552.268
629.079
595.336
559.24
629.051
576.17
580.104
567.948
631.134
599.083
583.239
557.396
552.13
618.357
547.321
599.164
592.491
554.361
595.779
561.886
113.071
273.066
170.766
166.832
247.776
274.046
102.528
158.231
174.837
60.7454
44.7214
43.2782
211.811
107.019
254.136
72.6154
468.684
446.706
457.305
427.992
452.147
504.588
474.883
504.386
506.285
478.373
451.27
503.563
436.4
455.264
467.642
517.751
491.522
473.525
516.924
459.57
474.068
479.55
520.82
490.618
455.703
458.56
438.731
495.435
457.813
480.585
498.496
455.457
512.191
473.925
166.859
81.5966
60.2993
161.003
161.555
57.6975
58.8558
72.3671
68.4471
74.7329
120.067
123.94
75.4321
143.45
116.069
529.77
509.722
511.575
486.526
510.314
550.972
535.553
554.148
561.574
532.004
509.816
559.883
490.408
512.556
514.058
577.25
547.121
520.601
576.754
520.035
530.212
527.993
579.94
548.249
520.922
511.071
497.2
559.529
506.123
542.44
549.925
507.909
559.361
522.015
178.101
145.417
72.6911
94.7523
176.082
161.524
98.2293
215.102
229.009
286.681
188.481
229.957
36.0555
242.887
587.818
571.934
561.014
544.002
565.468
586.137
592.615
594.032
609.082
579.042
565.553
609.013
541.112
566.286
551.987
630.039
596.008
558.975
630.064
577.832
581.031
567.793
632.013
600.041
585.589
558.014
553.76
620.165
547.403
600.8
592.528
555.008
595.104
561.749
37.1214
203.539
126.657
139.086
25.4951
116.503
144.586
145.055
157.156
43.1856
74.027
144.125
194.366
610.948
590.709
593.098
567.826
591.664
632.522
616.77
635.744
643.093
613.555
591.143
641.365
571.925
593.956
595.626
658.587
628.622
602.177
658.071
601.247
611.68
609.584
661.302
629.664
601.706
592.638
578.517
640.488
587.716
623.574
631.516
589.476
640.925
603.604
166.571
110.309
113.6
16.1245
79.6304
128.565
133.24
162.788
70.4911
89.0056
113.358
176.284
587.173
567.525
567.786
543.662
567.274
605.272
592.862
609.199
617.761
587.986
566.847
616.283
546.677
569.345
568.581
634.196
603.431
575.233
633.764
577.366
586.704
582.89
636.806
604.95
579.037
566.93
554.274
617.344
561.117
599.931
605.36
563.773
613.799
576.867
158.902
145.248
180.892
91.2414
187.032
203.354
271.488
226.947
234.853
94.8262
201.122
516.629
501.251
489.2
472.959
494.103
513.56
521.315
521.599
537
507.009
494.241
537.034
469.47
494.793
479.552
558.259
524.047
486.544
558.323
506.662
509.251
495.404
560.175
528.274
515.117
486.037
482.578
549.102
475.127
529.589
520.216
483.051
522.533
489.369
198.95
123.434
124.68
227.22
235.926
273.035
116.4
197.003
64.1405
268.812
654.99
637.314
631.152
610.947
633.53
661.43
660.213
667.835
680.371
650.225
633.394
679.718
610.574
634.894
626.038
699.578
666.685
632.949
699.409
645.005
650.865
641.377
701.833
669.693
650.111
629.02
621.163
686.613
620.274
667.971
665.391
625.927
670.29
635.295
115.434
80.4487
41.7852
58.2409
129.248
180.887
121.017
163.368
70.2638
473.625
453.927
454.674
430.173
453.842
493.454
479.335
496.811
504.67
475
453.393
503.086
433.531
455.975
456.58
520.778
490.275
463.148
520.325
463.833
473.46
470.608
523.417
491.62
465.447
454.01
440.805
503.746
448.759
486.368
492.709
450.849
501.872
464.617
92.1792
125.064
127.738
150.864
65.4599
74.0945
129.437
174.103
588.537
568.546
570.046
545.238
568.989
608.738
594.304
612.222
620.046
590.407
568.507
618.418
548.893
571.19
571.909
635.928
605.628
578.499
635.447
578.788
588.769
586.001
638.6
606.865
579.772
569.43
555.899
618.357
564.163
601.223
608.142
566.268
617.188
580.003
117.414
130.874
190.003
147.105
144.087
82.9277
150.083
532.26
514.06
509.698
488.267
511.188
542.797
537.619
548.198
559.289
529.2
510.969
558.355
488.894
512.762
506.759
577.631
545.353
513.585
577.382
522.304
529.199
521.728
580.001
547.885
526.594
507.993
498.615
563.567
500.301
545.206
545.206
504.869
551.54
515.652
17.0294
90.2718
187.771
104.293
199.151
50.01
468.569
447.826
452.604
425.968
449.992
495.117
474.51
497.016
502.46
473.355
449.365
500.402
431.422
452.541
458.01
516.748
487.84
464.332
516.14
458.996
470.67
471.239
519.574
488.27
458.394
452.726
436.716
497.484
449.307
481.041
492.154
449.57
503.24
465.365
73.437
188
96.6075
211.436
55.0727
472.763
451.648
458.004
430.601
454.705
501.846
478.784
503.195
507.705
478.875
454.01
505.466
436.858
457.411
464.725
521.254
493.025
470.942
520.586
463.298
475.752
477.627
524.15
493.098
461.806
458.429
441.367
501.135
455.712
485.1
498.054
455.281
509.843
471.81
194.24
84.8646
263.23
114.612
508.047
485.783
497.897
468.004
492.118
546.108
514.3
545.476
546.543
518.987
491.178
543.659
477.112
495.373
509.258
557.23
531.779
515.047
556.343
499.091
514.297
520.885
560.359
530.533
494.271
499.41
478.707
534.072
499.231
519.747
539.371
496.327
553.596
515.321
109.385
152.555
237.539
653.68
633.55
635.44
610.463
634.253
674.176
659.474
677.682
685.44
655.824
633.755
683.784
614.281
636.491
637.358
701.189
671.007
643.952
700.693
643.954
654.122
651.46
703.879
672.18
644.634
634.858
621.138
683.345
629.623
666.335
673.595
631.697
682.633
645.462
200.489
151.611
568.748
547.406
554.51
526.842
550.972
598.415
574.812
599.802
604.156
575.404
550.245
601.858
533.376
553.744
561.293
617.392
589.462
567.525
616.692
559.351
572.158
574.231
620.322
589.401
557.245
554.995
537.611
596.729
552.313
580.993
594.644
551.85
606.43
568.41
232.899
599.008
582.145
573.785
555.001
577.105
601.89
604.041
608.922
622.557
592.42
577.07
622.162
553.478
578.221
566.973
642.568
609.125
573.924
642.487
589.008
593.661
582.526
644.698
612.595
595.37
571.265
565.022
631.013
561.699
612.007
606.875
568.206
610.804
576.453
418.779
397.936
403.332
376.324
400.385
446.804
424.746
448.259
453.11
424.156
399.73
450.96
382.168
403.001
409.683
467.069
438.458
415.915
466.439
409.238
421.233
422.641
469.921
438.717
408.431
403.636
387.081
447.563
400.719
431.213
443.199
400.485
454.82
416.812
23.3452
37.4833
44.0454
23.4094
81.0555
6.40312
66.2722
46.5296
38.833
22.8035
41.3401
50.1597
24.6982
73.4302
49.2443
35.171
70.2638
48.3011
10
25.7099
64.195
52.4786
27.2947
24.3311
45.4533
34.0588
32.7567
65.6049
13
56.2228
46.6905
81.2219
65.3911
43.9318
30.4138
24.5153
98.0051
29.7321
85.1645
69.0652
54.7449
22.561
64.2028
46.2277
29.2746
82.2253
72.111
56.356
80.895
71.0211
17.4642
42.45
77.0584
75.452
50
15.2643
52.3927
24.7588
49.8197
71.7844
34
75.2861
52.2015
99.6895
76.531
34.1321
19.4165
58.6941
38.6005
50.448
50
21.095
21.3776
48.6621
21.1896
14.8661
38.3275
69.0652
35.6931
37.1214
69.1809
31.3847
20.0998
34.5254
71
39.1152
55.5428
8.544
26.2488
67.2309
28.6531
47.4342
42.45
9.21954
62.7694
33
24.1661
92.5743
49.366
84.4038
78.7718
53.8145
23.4094
75.6637
22.0907
27.4591
66.4831
90.802
64.0703
67.6831
90.2497
34.0588
46.6154
67.4166
93.6056
62.6498
45.6508
39.9249
10.7703
76.1643
54.1479
57.0351
75.9276
37.9473
96.8969
64.56
75.4321
27.2947
64.405
55
33.1059
2
51.6236
26.8328
5.09902
57.7235
66.9403
40.4599
56.4358
66.4906
14.4222
23.3452
53.0377
69.6419
38.4838
36.7151
27.8927
13.4164
56.0446
47.5395
35.9026
55.0727
27.8568
78.1857
52.1536
77.4145
17.4929
47.1699
43.2897
77.3692
52.3546
74.6324
70.342
37.1214
73.2462
48.5077
31.0644
74.8131
81.3019
56.0803
26.2488
72.2496
59.203
105.005
52.8394
84.8646
94.7048
47.0106
82.5651
26.2488
55.2268
9
31.1448
62.0081
40.7185
36.4005
27.074
35.3553
53.4509
27.5136
72.6705
42.9418
30.2655
68.9638
42.0476
15.5242
23.7065
62.2415
46.1411
21.5407
29.4109
46.0109
39.0512
29.1548
65.7951
8.94427
52
47.634
77.0065
64.0078
29.6816
31.305
66.2118
34.8855
69.4262
59.4811
42.0476
55.9732
32.1403
35.0571
57.4891
67.9117
42.72
26.4764
55.1543
42.5793
90.5539
46.7547
75.4718
77.4919
48.0833
66.3702
10.0499
49.679
15
32.5576
30.1496
56.2228
6
71.1688
51.3128
62.3939
27.0185
14.7648
55.9464
28.3196
52.0096
32.249
46.5188
26.9258
19.2354
70.0071
51.3517
68.2422
49.0306
62.9682
41.9762
22.6716
54.4518
43.0813
51.6236
34.9285
30.1496
42.0476
28.178
38.2099
52.8867
17.4642
33.4215
53.4509
38.0526
13.1529
25.9422
54.1295
25.2389
62.1289
21.2132
44.4072
60.208
34.9285
43.4166
22.2036
24.3311
45.2217
28.4253
52.6972
27.7849
7.07107
59.6657
67.4463
41.7732
58.4209
66.9403
13.4164
24.8395
55.0364
70.214
39.3573
34.9857
29.8329
12.6491
55.5428
49.3964
35.5106
56.8243
29.7321
80.0562
54.1479
69.6348
48.3011
64.846
23.7065
13.0384
58.6686
24.6982
47.4236
29.7321
49.3964
24.3516
14.2127
64.4748
51
65
43.1741
64.2884
36.1386
27.0185
54.0093
48.7032
54.1202
25.9615
45.1221
89.0898
56.7539
47.1699
89.0225
41.1825
40.3113
48.5489
91.2688
59.1354
60.8276
22.6716
21.6333
82.5409
32.5576
62.2977
62.426
19.799
80.1561
44.7214
53.1601
64.9384
36.6197
51.6236
64.6297
17.0294
19.2094
48.0104
67.4685
35.7351
40.7185
23.4094
17.0294
56.648
43.382
36.4005
50.2494
23.7065
73.1642
47.2652
88.5494
54.0833
7
89.4707
69.0797
49.2037
16.2788
89.0505
63.2535
93.6376
29.8329
62.0322
98.3107
12.6491
80.604
41.7732
30.2655
45.31
10.7703
35.4401
82.365
2
58.1808
49.0102
73.0616
3.60555
30
67.1789
72.8354
80.0812
32.8938
87.5957
38.4187
49.679
75.6637
67.9559
77.8267
48.4149
36.0555
38.9487
17.4929
39.6232
36.6742
10.7703
59.439
38.0132
53.6004
47.0106
52.2015
34.2345
22.3607
41
47.0956
43.6005
83.3547
66.7608
45.2769
9.48683
82.7345
58
91.4822
29
62.2013
93.6056
16.2788
76.5506
34.9285
30.1496
38.9102
5
57.3847
49.0918
74.0945
5.38516
30.0666
65.7647
73.1642
79.555
31.0161
88.2553
37.2022
50.9902
75.9539
69.6419
78.7718
25.318
61.8142
61.2699
33.2415
24.7386
39.8246
24.0832
42.5793
60.0333
23
57.9741
40.4969
82.5651
62.0967
38.6264
51.0392
19.0263
49.0408
25.0799
36.2353
49.679
43.4166
31.4006
32.8938
27.5136
57.2713
40.3113
73.3553
49.5782
86.4928
27.5136
60.6383
85.6037
21.9317
69.3542
25.4951
29.5466
32.8024
6.08276
32.1403
70.7248
74.4312
82.8613
36.4005
88.6002
41.8688
49.4065
77.3175
66.6108
78.2943
50.9215
43.4166
51.8941
36.3593
59.9416
24
32.9848
46.0977
57.4282
53.0754
64.0781
39.6989
39.8121
84.0952
29.4109
80.5047
64.405
105.475
86.8332
33.3766
74.0608
20.2485
54.6717
39.9625
3.16228
57.8014
25.1794
66.6108
50.3587
47.0425
66.6108
32.0624
88.5494
58.5491
93.086
20.2485
68.542
76.0066
91.7606
88.6172
74.2496
45.1774
19.6977
54.3783
16.1245
56.5685
56.4004
81.3019
71.5612
43.0465
25.02
31.257
60.4401
26.6833
38.2753
