70
10.2956
10.2956
13.4536
14.1421
18.4391
19.105
8.24621
18.4391
20.2485
15.6205
19.4165
4.47214
8
18.868
17.8885
20.3961
21.4009
3.16228
8.94427
13.9284
3.60555
11.1803
623.013
627.81
666.276
603.096
562.616
667.012
652.899
665.649
618.328
661.039
660.722
627.587
545.338
596.259
706.813
598.773
536.66
539.066
642.543
630.784
534.813
623.559
566.993
379.138
464.389
445.18
420.193
451.629
419.315
437.724
380.296
424.019
371.43
416.416
415.915
423.098
396.894
366.4
431.028
373.172
408.571
397.102
389.197
391.065
416.87
436.033
452.134
10
5
11.4018
9.05539
9.43398
11.4018
8.60233
12.1655
7.07107
11.1803
7.07107
9.48683
11.0454
11.0454
11.0454
12.6491
10.198
1.41421
4
6.7082
7.28011
630.87
635.557
674.503
611.452
570.159
675.385
659.686
672.97
624.862
668.261
667.701
635.853
551.888
604.05
714.513
606.04
544.693
546.503
650.628
638.042
541.569
630.635
573.781
388.33
473.207
453.882
428.924
459.918
428.253
446.587
389.55
432.65
380.171
425.319
424.421
431.706
406.1
375.533
439.897
381.525
417.809
406.428
397.417
400.232
426.086
445.148
460.679
15
20.2485
12.7279
18.6815
17.0294
17.72
22.0907
17.0294
21.095
11.4018
15.8114
21.0238
21.0238
14.2127
22.3607
12.8062
9.05539
10.7703
9.21954
3.60555
621.544
626.173
665.398
602.439
560.679
666.382
649.927
663.392
615.038
658.645
658.001
626.777
542.07
594.691
705.102
596.444
535.472
536.979
641.434
628.441
531.805
620.967
564.026
380.132
464.591
445.162
420.233
450.871
419.763
438.018
381.43
423.87
371.497
416.793
415.539
422.907
397.916
367.267
431.334
372.533
409.663
398.402
388.33
392.003
417.91
436.849
451.824
8.06226
10.8167
5.83095
11.1803
5.38516
7.28011
2.23607
6.32456
9.21954
9.21954
6.08276
6.08276
12.53
8.06226
12.2066
6.08276
6.40312
10
12.1655
635.541
640.256
679.065
615.969
574.905
679.897
664.568
677.764
629.775
673.074
672.555
640.401
556.799
608.738
719.225
610.844
549.313
551.272
655.234
642.848
546.454
635.472
578.662
392.46
477.535
458.262
433.291
464.457
432.523
450.894
393.642
437.059
384.532
429.606
428.88
436.125
410.222
379.697
444.2
386.039
421.911
410.474
401.976
404.377
430.202
449.324
465.124
18.868
12.0416
7.2111
12.1655
9.48683
8.24621
9.21954
10
6.32456
8.24621
6.32456
20.5913
11.4018
11.4018
11.6619
14.2127
12.0416
18.3576
636.84
641.683
679.909
616.65
576.567
680.551
667.012
679.662
632.463
675.077
674.807
641.197
559.473
610.116
720.703
612.801
550.407
553.05
656.257
644.813
548.931
637.628
581.107
391.931
477.582
458.481
433.472
465.236
432.394
450.877
393.005
437.383
384.708
429.532
429.377
436.481
409.664
379.269
444.177
386.747
421.296
409.705
402.852
403.886
429.624
448.911
465.563
9.84886
20.3961
8.94427
14.7648
11.3137
13.8924
16
18.4391
14.4222
15.6205
2
13.9284
19.0263
10
5.09902
15.1327
9.21954
633.221
637.766
677.342
614.479
572.12
678.428
660.722
674.638
625.615
669.81
668.961
638.753
552.675
606.321
716.648
607.655
547.292
548.339
653.279
639.641
542.595
632.014
574.836
392.686
476.941
457.446
432.539
462.888
432.186
450.398
394.011
436.115
383.818
429.197
427.707
435.137
410.474
379.796
443.717
384.61
422.235
411.011
400.312
404.544
430.471
449.361
464.01
16.7631
1
5
4.12311
4.24264
15
14.8661
5
6.7082
10.8167
4.12311
18.0278
10.8167
8.06226
15.5563
15.2971
640.133
644.79
683.852
620.825
579.332
684.761
668.587
682.069
633.66
677.326
676.677
645.21
560.697
613.296
723.731
615.123
554.001
555.645
659.947
647.121
550.463
639.648
582.687
397.755
482.637
463.303
438.348
469.282
437.687
456.019
398.969
442.064
389.596
434.752
433.82
441.118
415.524
384.962
449.328
390.902
427.229
415.838
406.769
409.66
435.509
454.579
470.083
16.4924
15.8114
12.6491
15.2643
5.65685
2
14.4222
12.8062
22.3607
17.4929
5.09902
10.7703
15.2971
7.81025
16.4012
629.833
634.704
672.815
609.532
569.646
673.428
660.328
672.804
625.871
668.249
668.058
634.095
552.878
603.126
713.735
605.961
543.36
546.161
649.194
637.975
542.263
630.849
574.426
384.721
470.397
451.31
426.298
458.136
425.198
443.687
385.794
430.223
377.534
422.339
422.238
429.325
402.454
372.06
436.986
379.638
414.085
402.495
395.77
396.676
422.413
441.702
458.416
5.83095
4
5
14.4222
14.5602
5.65685
7.2111
10
5.09902
17.4929
10
7.07107
14.8661
14.3178
639.2
643.852
682.941
619.923
578.385
683.86
667.611
681.112
632.678
676.365
675.708
644.302
559.716
612.36
722.79
614.164
553.079
554.693
659.027
646.161
549.488
638.681
581.712
396.931
481.773
462.429
437.477
468.377
436.835
455.159
398.152
441.185
388.726
433.896
432.931
440.236
414.701
384.131
448.47
390.001
426.411
415.03
405.86
408.832
434.687
453.746
469.196
5.09902
1
15.8114
14.2127
1.41421
3.16228
15.8114
2
18.4391
13.3417
12.1655
17
19
642.795
647.519
686.273
623.154
582.18
687.079
671.834
685.044
637.024
680.354
679.83
647.603
564.05
615.998
726.491
618.124
556.548
558.55
662.463
650.128
553.719
642.75
585.929
399.385
484.604
465.365
440.386
471.653
439.551
457.948
400.536
444.182
391.625
436.646
436.033
443.254
417.139
386.648
451.253
393.224
428.812
417.33
409.185
411.313
437.114
456.282
472.268
4.12311
11.3137
10.7703
4
4.47214
12.8062
5.83095
14.2127
8.24621
7.61577
12.2066
14.0357
637.766
642.477
681.299
618.205
577.118
682.133
666.736
679.965
631.926
675.27
674.736
642.636
558.951
610.961
721.444
613.042
551.543
553.48
657.466
645.046
548.621
637.66
580.831
394.677
479.768
460.496
435.525
466.692
434.752
453.125
395.855
439.295
386.766
431.836
431.116
438.361
412.438
381.918
446.431
388.274
424.125
412.681
404.21
406.596
432.418
451.545
467.36
15
13.6015
1
3
15
2.23607
17.6918
12.3693
11.1803
16.1245
18
641.86
646.579
685.359
622.249
581.23
686.175
670.858
684.085
636.042
679.391
678.859
646.692
563.067
615.059
725.548
617.163
555.623
557.596
661.541
649.166
552.742
641.783
584.953
398.554
483.735
464.487
439.51
470.744
438.694
457.083
399.712
443.298
390.749
435.785
435.139
442.367
416.31
385.811
450.389
392.319
427.987
416.515
408.271
410.479
436.287
455.443
471.377
4.47214
14.4222
13.4164
18
17.0294
3.16228
6
11.0454
2.23607
10.8167
627.459
632.248
670.743
607.566
567.035
671.483
657.225
670.046
622.615
665.424
665.075
632.055
549.627
600.7
711.247
603.162
541.117
543.474
647.003
635.172
539.134
627.925
571.319
383.575
468.855
449.65
424.662
456.098
423.775
442.188
384.725
428.49
375.899
420.878
420.387
427.57
401.329
370.844
435.492
377.641
413.001
401.52
393.662
395.505
421.304
440.478
456.606
12.8062
11.3137
20.3961
15.8114
5.09902
8.94427
13.3417
6.7082
14.8661
630.518
635.359
673.608
610.361
570.243
674.265
660.731
673.345
626.209
668.764
668.51
634.899
553.218
603.792
714.379
606.486
544.092
546.728
649.945
638.498
542.654
631.324
574.826
385.811
471.365
452.24
427.235
458.939
426.203
444.668
386.907
431.129
378.471
423.332
423.104
430.223
403.55
373.129
437.969
380.454
415.194
403.636
396.548
397.759
423.515
442.77
459.296
2
15.6205
3.16228
17.0294
12.1655
11.4018
15.6525
18.0278
641.505
646.239
684.953
621.824
580.917
685.747
670.642
683.802
635.857
679.121
678.62
646.279
562.88
614.714
725.215
616.887
555.244
557.297
661.154
648.891
552.53
641.531
584.737
397.997
483.24
464.01
439.028
470.329
438.179
456.581
399.145
442.832
390.267
435.277
434.692
441.905
415.751
385.265
449.886
391.894
427.423
415.935
407.865
409.927
435.726
454.899
470.924
16.9706
5.09902
15.8114
12
12.083
14.8661
18.2483
640.8
645.564
684.143
620.977
580.297
684.895
670.216
683.24
635.492
678.585
678.145
645.459
562.51
614.027
724.553
616.338
554.491
556.705
660.385
648.346
552.11
641.032
584.309
396.89
482.254
463.06
438.071
469.503
437.156
455.581
398.016
441.905
389.307
434.265
433.803
440.985
414.638
384.178
448.884
391.051
426.298
414.779
407.06
408.828
434.609
453.816
470.022
14.7648
21.0238
12
7.07107
17.1172
10.8167
633.966
638.48
678.189
615.367
572.784
679.318
661.185
675.237
626.018
670.383
669.472
639.613
553.088
607.049
717.346
608.244
548.091
548.977
654.086
640.225
543.059
632.552
575.306
393.855
477.98
458.451
433.555
463.768
433.268
451.453
395.202
437.1
384.843
430.267
428.655
436.115
411.647
380.948
444.775
385.519
423.417
412.226
401.181
405.704
431.645
450.499
464.966
19.799
13.9284
12
18.0278
19.105
643.507
648.201
687.088
624.007
582.808
687.937
672.269
685.613
637.398
680.897
680.312
648.43
564.429
616.692
727.16
618.68
557.31
559.151
663.238
650.681
554.149
643.257
586.366
400.5
485.598
466.323
441.352
472.488
440.583
458.955
401.673
445.118
392.594
437.667
436.931
444.182
418.259
387.743
452.262
394.077
429.944
418.493
410
412.42
438.239
457.372
473.178
9.05539
14.1421
4.12311
13
625.48
630.309
668.624
605.4
565.173
669.308
655.632
668.261
621.112
663.675
663.413
629.921
548.12
598.746
709.324
601.399
539.075
541.651
644.938
633.411
537.555
626.23
569.727
381.083
466.512
447.353
422.355
453.961
421.385
439.827
382.205
426.223
373.591
418.502
418.169
425.312
398.83
368.376
433.129
375.485
410.488
398.969
391.556
393.022
418.799
438.015
454.371
5.09902
5.38516
6.7082
629.578
634.275
673.181
610.119
568.895
674.051
658.493
671.727
623.694
667.027
666.49
634.527
550.718
602.764
713.236
604.802
543.386
545.249
649.317
636.805
540.379
629.414
572.588
386.939
471.84
452.523
427.563
458.59
426.878
445.217
388.156
431.296
378.809
423.946
423.076
430.353
404.709
374.146
438.526
380.191
416.416
405.031
396.093
398.843
424.694
443.762
459.331
10.4403
7.28011
632.314
636.94
676.155
613.183
571.434
677.124
660.564
674.122
625.616
669.362
668.677
637.53
552.655
605.459
715.867
607.168
546.24
547.724
652.2
639.164
542.44
631.661
574.666
390.61
475.232
455.834
430.897
461.62
430.359
448.642
391.874
434.56
382.154
427.401
426.255
433.601
408.388
377.774
441.956
383.271
420.119
408.803
399.084
402.495
428.38
447.371
462.533
8.94427
625.936
630.698
669.317
606.177
565.438
670.099
655.477
668.401
620.823
663.759
663.363
630.639
547.837
599.161
709.687
601.506
539.638
541.853
645.539
633.515
537.379
626.231
569.57
382.472
467.611
448.366
423.388
454.687
422.573
440.959
383.648
427.183
374.626
419.663
419.039
426.255
400.232
369.716
434.265
376.247
411.919
400.476
392.231
394.392
420.212
439.345
455.271
625.066
629.682
668.958
606.012
564.163
669.955
653.295
666.843
618.363
662.082
661.4
630.341
545.4
598.206
708.604
599.888
539.015
540.449
644.981
631.884
535.171
624.382
567.396
383.736
468.192
448.758
423.831
454.44
423.367
441.621
385.032
427.463
375.096
420.396
419.125
426.499
401.52
370.872
434.937
376.109
413.266
402.001
391.894
395.607
421.514
440.454
455.412
11.3137
57.2451
52.3259
66.4831
68.9638
99.5691
65.5134
112.805
69.6563
87.7838
40.5216
130.74
27.4591
85.1587
57.4282
87.6641
91.351
29.7321
54.5619
125.3
69.2604
105.081
269.067
180.4
192.094
215.595
174.951
224.009
205.01
271.002
209.057
260.931
225.08
213.565
209.268
255.049
277.521
211.002
252.48
247.396
261.375
235.315
258.002
239.604
218.916
180.544
61.6847
63.6396
67.6757
74.9667
88.5099
54.5894
103.407
58.4123
76.4853
50.6952
126.574
31.7805
79.1202
51.2445
94.4299
92.6553
36.0555
44.0114
122.589
59.439
100.09
277.007
189.061
200.01
223.143
181.593
232.078
213.235
279.088
216.391
267.8
233.009
220.422
216.52
263.321
285.142
219.112
258.492
255.947
269.898
241.124
266.092
248.262
227.728
188.096
64.5368
122.004
16.1555
137.102
90.1388
161.003
99.0404
120.603
38.8973
187.771
82.201
68.7968
112.929
131.027
146.219
28.0179
100.02
182.529
117.107
161.645
300.456
209.659
225.329
250.14
214.693
255.556
236.14
301.518
244.826
297.919
257.391
251.446
245.422
284.74
310.537
242.638
293.232
275.496
289.375
277.088
288.721
267.172
245.961
216.012
83.7257
63.9531
151.208
117.004
159.54
121.828
140.071
26.0768
159.314
53.8516
123.167
98.6712
72.9178
102.786
47.8539
105.437
148.788
118.207
138.232
235.951
145.169
160.854
185.723
151.611
191.024
171.607
237.065
180.569
233.703
192.855
187.553
181.221
220.336
246
178.101
229.93
211.256
225.178
214.245
224.243
202.988
181.797
151.822
131.027
109.444
104.69
97.0824
102.02
108.674
92.7038
76.0066
39.8246
144.997
42.45
47.8017
25
94.0213
72.0625
65.1153
71.8401
58.1893
224.591
144.18
149.452
169.673
124.788
181.417
164.174
227.495
161.941
210.117
181.463
163.518
161.645
213.19
230.829
169.098
197.57
207.849
221.289
179.714
214.767
201.122
182.362
135.823
153.056
106.283
176.071
115.135
136.682
41.1096
199.582
91.7061
82.4621
125.929
134.629
154.509
39.2938
115.07
193.329
132.004
174.04
297.834
207.162
223.893
248.896
215.564
253.298
233.925
298.613
244.035
297.168
255.361
251.321
244.755
281.684
308.38
240.52
293.861
272.017
285.771
278.196
285.96
263.594
242.405
215.407
49.0102
40.3609
39.0128
18.4391
138.708
109.202
103.479
101.242
67.2309
155.682
124.952
119.775
46.0109
118.127
38.0132
85.9069
333.024
253.476
258.724
278.189
232.659
290.52
273.542
336.155
270.209
316.078
290.395
270.658
269.757
322.248
338.497
278.352
300.806
317.196
330.553
282.781
323.563
310.541
291.784
244.92
82.0792
10.198
31.1448
99.0858
135.473
81.2527
55.5698
67.0671
143.014
126.905
77.201
35.3412
138.679
47.4236
108.231
326.204
240.441
249.576
271.597
228.009
281.823
263.471
328.661
264.32
314.04
282.392
267.002
264.229
313.436
333.434
269.032
302.209
306.778
320.613
284.382
315.729
299.376
279.27
236.846
72.0902
56.4004
153.287
72.9932
106.438
137.321
61.9112
144.81
105.119
138.813
61.0082
85
44.1814
54.7449
311.853
238.556
240.635
257.752
211.88
271.413
255.82
315.431
249.419
291.77
270.769
248.244
248.713
302.696
315.995
259.956
274.41
298.931
311.724
256.531
303.266
292.959
275.588
226.365
21.587
105.423
127.613
82.28
65.2993
62.3699
142.58
123.179
84.3801
30.4138
131.727
39.6611
100.688
325.228
240.608
248.918
270.453
226.318
281.155
263.053
327.832
263.008
312.04
281.576
265.228
262.84
312.861
332.099
268.466
299.483
306.537
320.295
281.576
314.949
299.282
279.428
235.915
125.363
120.354
96.0417
82.8613
66.4831
152.738
127.063
105.119
38.4838
127.224
38.0132
95.0789
333.264
251.098
257.841
278.347
233.345
289.928
272.369
336.149
270.601
318.064
290.064
271.89
270.283
321.708
339.411
277.482
304.026
316.033
329.607
286.016
323.396
309.076
289.748
244.381
164.976
55.3173
98.2344
96.0833
93.6002
115.104
23.7065
94.7048
156.85
109.768
141.152
261.895
171.143
186.51
211.284
175.96
216.91
197.497
263.059
205.934
259.023
218.68
212.565
206.526
246.357
271.831
203.961
254.472
237.32
251.247
238.447
250.218
229.059
207.87
177.116
109.659
188.831
76.3217
112.009
64.5136
160.465
101.833
17.6918
88.0909
27.6586
250.48
188.799
185.691
198.645
154.029
213.843
200.848
254.592
190.058
226.738
212.462
186.593
189.003
243.707
252.834
203.806
207.183
241.859
253.559
189.737
243.232
237.034
222.272
171.327
110.86
44.9444
63.0317
64.3506
54.2033
58.0086
101.951
67.3573
86.209
246.165
159.305
169.239
192.003
149.967
201.42
182.792
248.395
185.097
236.222
202.2
188.86
185.173
232.86
254.008
188.521
226.716
225.869
239.76
209.344
235.417
218.358
198.116
157.003
115.421
172.803
169.496
75.3127
87
190.032
101.828
161.227
353.566
264.008
276.724
300.501
260.1
308.415
289.249
355.317
294.09
346.082
309.647
298.721
294.335
339.119
362.329
295.381
337.44
331
345
320.152
342.329
323.014
302.06
265.481
88.5494
61.131
86.6833
32.0156
74.9533
29.4109
49.1935
266.918
186.253
191.901
212.002
166.883
223.862
206.603
269.874
204.198
251.645
223.886
205.407
203.855
255.633
272.947
211.547
238.034
250.282
263.737
220.057
257.171
243.516
224.611
178.264
47.5395
106.024
114.56
96.566
117.686
101.514
183.33
98.3717
106.569
129.004
87.2983
138.813
120.507
185.691
122.066
173.401
139.435
126.02
122.147
170.426
191
126.02
164.976
163.957
177.725
148.007
172.743
156.732
137.088
94.0479
118.343
92.7793
49.6488
89.1403
55.8659
208.389
133.69
135.65
153.734
107.968
166.784
150.791
211.681
145.602
191.269
166.355
145.715
145.066
198.305
213.581
155.077
177
194.077
207.06
159.003
199.249
187.949
170.473
121.462
78.2624
154.738
94.6414
134.766
281.064
190.672
204.841
229.262
191.635
235.915
216.566
282.492
223.439
276.248
237.447
229.264
223.886
265.996
290.506
222.895
270.085
257.381
271.361
253.513
269.564
249.243
228.14
194.587
103.812
17.2627
74.2496
296.138
212.925
220.239
241.267
196.736
252.414
234.61
298.88
233.684
282.177
252.686
235.544
233.452
284.178
302.696
239.852
269.268
278.227
291.88
251.336
286.056
271.155
251.645
206.981
92.1792
32.28
233.446
171.126
168.048
181.276
136.484
196.367
183.218
237.491
172.699
210.345
195.041
169.499
171.677
226.385
236.089
186.231
191.379
224.377
236.172
173.761
226.02
219.477
204.607
153.675
61.0328
296.142
215.604
221.289
241.238
195.972
253.221
236.008
299.147
233.38
280.303
253.211
234.335
233.002
284.986
302.002
240.934
266.047
279.686
293.128
248.032
286.472
272.927
254.002
207.617
258.118
188.6
188.664
204.502
158.777
218.692
203.924
261.847
196.064
237.245
217.81
194.288
195.256
249.624
261.84
207.663
219.672
246.473
258.938
201.804
249.882
240.882
224.415
174.27
90.802
77
54.9181
100.424
45.1774
64.4981
5.38516
62.8172
34.7851
44
63.9766
63.3246
17.8045
13.6015
58.2151
60.0083
29.7321
21.5407
70
12.083
37.8021
57.2451
89.3588
21.6333
44.8219
44.7214
46.1736
26.9258
91.9239
43.2782
93.1933
48.4665
54.6443
44.8219
75.326
101.242
33.6155
97.7446
67.0298
81.0247
87.6641
79.0759
59.2115
38.833
26
25.0799
32.8024
32.249
15.2643
79.1581
21.9317
73.7902
33
33.0151
23.3452
63.9531
85.7088
19.6469
76.3806
58.5235
71.8401
66.0379
66.1891
52.3259
36.7696
14.4222
45.8803
16.6433
20.5913
57.9741
8.60233
48.7647
14.1421
17.4642
9.89949
45.1774
62.0081
15.5242
54.0833
43.8634
54.9181
47.5395
45.5412
40.8044
36.1248
35.0571
60.0333
47.3814
103.74
37.6431
86.2844
59.0339
39.0128
37.108
90.8735
106.066
49.8197
78.5493
87.983
100.185
62.6498
91.4166
83.006
69.4262
19.6977
19.4165
47.0106
24.8395
50.2494
4.12311
33.6155
26.4008
31.7805
55.0818
13.0384
62.6259
28.0179
40.3113
60.075
34.0147
24.2074
22.8035
45.607
66.0681
23.1948
67.0075
21.5407
35.5106
25.1794
50.0899
74.4648
6.7082
74.6257
43.6807
57.2713
67.6757
53.0848
37.1618
22.2036
29.6816
66.0984
40.1622
46.2709
68
66.7308
17.088
17.088
60
65.3911
28.3019
18.0278
75.213
13
36.7151
57.0088
91.9239
53.1413
22.6716
12.3693
2
53.7122
69.1158
20.2237
54.4885
52.4023
63.5138
45.1885
53.8516
49.0408
42.2019
28.8617
46.669
47.3814
52.4976
44.1022
29.0689
60.4401
25.5539
54.1295
53.0848
38.6005
38
59.1354
71.2811
81.9085
30.4138
24.0416
31.9531
53.1507
14.8661
58.5235
29.7321
41.1825
56.0357
33.3766
26.9258
26.9258
45.7056
10.4403
58.1378
67.9117
32
44.0454
59.203
68.6222
33.121
56.8595
57.3062
53.4603
36.3593
54.7083
69.2604
22.2036
53.0377
53.7587
64.6375
43.382
54.626
50.6063
44.1475
29.4109
31.1127
44.4072
66.7533
12.0416
10.8167
72.6154
6.7082
20
39.9249
77.3692
67.9117
54.4059
43.1393
34.8855
67.2681
24.8395
50.9902
69.6419
97.0464
68.9638
39
52.2015
63.0635
47
33.2866
22.1359
33.6155
75.0267
76.6877
18.0278
61.3922
78.2304
85.3815
80.2122
14
78.5875
18.6011
8.544
29.6142
72.6154
83.2586
15.2971
22.2036
43.4166
85.703
68.4251
79.9062
82.4924
67.1789
26.1725
45.1774
79.0759
21.2132
66.6483
50.9902
