70
241.537
30.1496
260.279
229.085
176.102
104.087
209.022
142.056
116.043
189.623
151.238
235.185
105.948
201.375
144.423
161.112
180.178
4.24264
183.134
36.8782
212.906
129.838
267.367
503.902
272.485
598.84
372.522
609.9
240.067
483.374
608.225
336.595
585.764
442.435
237.474
519.709
407.983
572.846
350.618
487.591
508.024
491.034
606.488
446.061
382.472
830.362
802.588
701.024
810.555
744.856
766.626
921.48
882.366
839.315
812.69
914.009
746.47
968.096
752.447
728.332
1016.29
838.548
963.538
915.848
782.215
1024.79
803.057
962.591
849.953
216.982
19.4165
64.7765
112.606
229.177
107.378
129.8
133.154
99.0202
126.479
86.3713
179.402
48.0416
117.107
118.512
232.181
240.304
74.793
252.389
41.4367
163.982
215.724
420.62
123.434
480.755
133.795
425.293
286.252
369.943
428.348
126.696
440.368
273.029
235.002
378.91
291.565
382.723
130.173
319.307
413.033
260.665
450.218
326.267
356.636
592.224
561.063
468.318
571.668
525.077
525.875
696.297
661.551
598.386
589.054
681.798
514.421
750.281
528.473
502.41
785.45
603.975
732.274
679.113
558.469
792.806
572.042
733.674
609.688
235.308
200.592
146.277
115.156
195.533
112.219
98.737
174.591
138.708
218.9
103.121
179.402
128.798
131.309
186.904
27
155.271
62.2656
186.215
99.925
265.481
504.571
258.861
596.111
349.448
598.021
250.194
479.951
597.047
318.152
579.294
431.147
240.468
513.206
402.881
559.893
330.938
477.032
507.276
470.558
598.689
441.249
388.106
808.01
777.718
680.412
787.858
727.391
742.822
903.076
864.917
815.363
794.507
893.748
726.099
951.412
734.088
709.485
996.496
817.507
943.587
894.097
763.959
1004.67
783.036
943.285
826.509
68.593
123.891
248.34
122.102
144.309
152.555
115.948
145.169
97.6166
198.645
67.0298
136.297
131.469
249.353
258.961
88.8651
271.649
54.2033
178.003
227.266
424.577
129.85
480.61
117.456
417.609
301.876
371.571
421.294
120.204
437.567
269.418
249.329
377.33
294.328
374.585
120.54
315.04
415.958
246.1
446.028
327.928
366.415
575.015
542.466
452.519
554.261
511.591
507.836
681.601
647.624
580.246
574.776
665.848
498.688
736.699
514.254
487.894
769.681
587.606
716.465
662.206
544.229
776.82
556.44
718.292
591.822
63.7809
245.247
157.613
93.0591
142.415
142.172
155.309
144.941
196.023
87.8635
140.036
75.7166
266.923
226.808
47.0106
248.805
34.6554
122.613
270.046
483.848
186.097
545.514
177.868
486.138
327.365
434.385
489.884
188.68
504.777
337.053
281.784
443.605
355.643
443.036
188.862
383.021
476.898
308.483
514.016
390.725
413.044
627.271
585.795
510.633
605.607
575.022
555.701
742.216
710.004
627.096
636.529
722.897
556.849
799.656
576.25
549.301
827.149
643.361
773.887
715.605
606.119
833.562
614.833
777.023
640.44
214.22
171.4
34.0588
116.662
150.416
146.4
171.172
169.461
108.462
128.226
15
253.243
173.234
41.0122
201.206
71.1688
59.0762
280.979
509.813
216.749
580.986
239.134
537.217
318.277
466.744
539.831
238.738
546.366
381.32
281.571
483
386.65
494.927
242.745
428.169
505.589
369.218
558.426
423.615
423.558
690.974
649.159
573.315
669.355
635.246
619.451
804.09
770.954
690.781
697.817
785.941
619.543
860.252
637.385
610.737
890.117
706.65
836.854
779.232
667.323
896.701
677.484
839.62
704.205
152.971
185.607
102.84
142.636
104.924
185.93
50.0899
181.334
112.071
200.96
77.3175
107.517
200
75.5381
217.083
192.52
174.049
403.937
209.976
502.765
342.615
532.41
136.125
389.076
528.927
287.6
496.107
365.805
137.317
430.67
317.553
498.727
305.989
408.207
409.695
444.855
519.355
354.559
279.029
787.81
773.533
651.92
769.832
683.152
731.963
861.868
819.593
804.771
752.995
861.628
695.871
902.268
693.895
671.841
961.454
789.987
909.603
869.874
723.028
971.206
750.505
906.129
812.641
166.09
97.6934
23.0868
57.8014
33.7343
111.826
69.814
67.2309
167.371
131.461
209.724
133.417
203.691
123.065
196.041
112.645
339.094
63.5138
416.03
192.844
402.517
179.939
300.06
401.741
134.826
389.895
235.968
127.624
324.359
220
364.446
153.026
282.257
336.027
292.246
406.785
258.07
255.994
635.183
621.213
500.4
617.007
537.431
579.07
715.103
674.759
651.853
606.139
711.473
544.868
759.726
546.298
523.139
812.395
638.53
760.109
717.886
575.835
821.631
600.262
757.755
659.674
94.2019
143.544
130.679
172.569
143.753
112.588
112.401
19.105
231.249
139.176
55.4437
167.726
90.1388
34.4384
270.379
504.731
218.586
581.169
261.62
548.41
297.355
465.672
550.129
251.849
550.654
388.506
265.364
486.19
385.469
506.949
258.536
435.574
502.096
390.203
564.588
423.2
410.859
717.206
678.404
596.699
695.945
654.866
647.271
825.812
791.339
719.006
718.761
809.899
642.891
880.074
658.195
632.013
913.834
731.285
860.6
805.006
688.186
920.828
700.685
862.585
731.842
76.0592
44.1022
120.208
54.231
88.2383
30.4631
105.38
137.295
115.966
97.4064
120.341
115.156
114.018
183.992
423.137
160.555
507.824
259.062
499.988
203.199
391.311
499.38
220.622
485.85
333.654
172.812
419.977
312.32
461.46
234.617
379.938
423.058
375.159
503.724
350.771
320.351
715.372
691.035
585.129
695.881
629.343
653.301
805.621
766.877
726.135
696.891
798.014
630.509
853.046
636.586
612.354
900.25
722.772
847.505
800.405
666.389
908.767
687.036
846.563
736.072
40.2244
46.0977
97.5295
55.2178
45.793
145.602
133.405
190.066
113.741
186.947
107.564
173.104
131.126
361.267
84.5281
439.056
200
423.978
187.949
323.025
423.501
149.201
412.869
257.934
139.703
347.382
243.008
385.406
165.68
304.424
358.588
306.198
429.54
281.114
274.401
648.637
631.184
515.408
629.985
555.457
590.428
732.568
692.925
663.305
623.67
727.316
560.266
778.479
563.6
539.968
828.79
653.459
776.305
732.227
593.266
837.746
616.14
774.517
671.84
86.2148
57.7754
78.5175
18.3576
137.906
111.647
151.99
117.034
146.864
122.654
154.987
141.223
379.526
121.248
463.728
238.466
459.54
173.761
347.213
458.394
189.402
442.386
292.479
135.37
376.431
268.293
421.9
205.854
338.325
379.132
346.417
460.783
306.752
280.232
688.796
670.392
555.616
670.078
594.829
630.147
772.224
732.227
703.037
663.29
767.441
600.443
817.404
603.312
579.846
868.807
693.675
816.365
772.449
632.927
877.825
656.254
814.431
711.765
142.888
62.8013
90.7855
170.074
164.049
235.478
130.698
233.032
112.004
205.061
129.727
340.63
46.0435
409.957
159.138
382.102
208.806
295.584
382.385
103.228
378.122
218.002
153.629
313.638
215.541
342.568
120.354
264.97
335.201
260.465
392.658
252.448
270.298
603.162
587.799
469.436
584.719
509.684
546.059
686.601
647.186
618.884
577.727
681.237
514.23
733.017
517.61
493.903
782.693
607.515
730.209
686.442
547.302
791.652
570.056
728.437
626.996
131.746
62.3939
157.201
90.824
107.856
151.568
93.086
167.194
156.822
162.635
401.45
173.243
493.836
296.122
506.274
157.28
378.001
504.037
246.01
479.818
338.695
138.452
413.766
302.101
470.338
263.093
383.158
404.293
403.347
500.693
340.243
287.124
746.02
728.157
612.053
727.465
648.464
687.867
826.487
785.598
760.753
717.51
823.296
656.629
869.842
657.815
634.849
924.182
750.171
871.923
829.285
687.274
933.451
712.085
869.457
769.367
69.3542
108.116
186.097
200.644
67.897
208.557
53.2635
146.294
182.409
402.881
108.296
472.53
171.327
436.406
242.866
358.366
437.824
142.688
439.026
275.944
194.756
375.133
278.342
395.38
152.895
323.006
397.854
291.359
452.27
315.179
325.652
629.051
602.876
501.081
609.183
551.008
565.632
725.21
688.315
638.412
617.01
714.493
546.835
775.872
556.453
531.327
817.435
638.105
764.456
714.822
586.409
825.448
603.911
764.555
648.719
119.57
127.883
144.693
100
144.506
108.467
137.317
158.862
396.34
130.177
479.004
235.968
469.574
191.107
362.552
468.926
192.588
455.879
303.191
153.701
390.083
283.196
431.158
207.608
349.481
395.457
348.402
473.483
321.596
298.464
689.792
668.403
558.176
670.661
600.433
629.363
777.149
737.946
702.254
668.324
770.669
603.335
823.791
608.127
584.18
872.561
696.046
819.932
774.209
637.867
881.286
659.577
818.587
711.591
242.563
158.256
44.0114
186.304
77.5242
47.3814
275.016
506.433
216.021
579.94
248.032
541.07
308.099
465.086
543.28
243.189
547.121
383.262
273.271
483.233
384.881
499.137
248.455
430.249
502.897
377.514
560.022
422.214
416.864
701.862
661.508
582.825
680.412
643.003
631.098
812.857
779.092
702.633
706.204
795.757
629.045
868.141
645.697
619.262
899.829
716.777
846.575
789.909
675.666
906.608
686.927
848.973
715.772
183.33
227.846
152.84
233.908
247.132
104.484
326.933
171.231
427.225
321.753
468.651
66.5733
314.875
463.907
254.244
424.264
305.125
61.4654
359.635
246.662
437.796
275.153
344.524
333.287
406.765
449.021
282.45
202.299
747.094
742.873
607.765
730.616
629.427
697.599
808.409
764.158
769.765
700.161
813.272
650.127
844.323
642.358
622.013
910.824
744.883
859.868
826.047
670.788
921.408
702.831
854.637
775.539
181.041
41.1096
211.152
126.301
269.668
506.574
273.222
601.14
371.652
610.996
243.578
485.572
609.423
336.586
587.6
443.587
240.3
521.529
409.956
573.778
350.395
488.857
510.539
490.697
608.153
448.08
385.628
829.69
801.365
700.685
809.811
745.085
765.644
921.558
882.608
838.303
812.801
913.749
746.18
968.471
752.522
728.32
1016.12
838.136
963.338
915.301
782.311
1024.56
802.836
962.51
849.052
201.896
34.7131
89.3085
244.861
470.367
176.028
540.227
206.206
497.293
290.795
426.244
499.652
199.223
505.357
340.478
249.688
442.001
346.237
455.255
204.502
387.372
465.646
334.819
517.519
383.02
388.125
662.46
625.717
541.295
641.363
599.767
593.412
770.403
736.101
665.402
663.428
754.54
587.48
824.956
602.875
576.633
858.442
676.047
805.214
750.067
632.862
865.485
645.261
807.146
677.822
228.475
160.705
247.008
479.388
266.008
577.367
379.269
598.8
208.959
462.992
596.25
336.095
568.31
431.292
212.608
502.515
389.782
563.249
351.882
475.303
484.85
492.668
590.474
427.329
354.035
834.298
811.372
702.215
815.142
741.049
773.349
918.793
878.299
846.212
809.83
914.263
747.171
962.797
749.965
726.65
1015.67
840.201
963.226
918.609
779.52
1024.68
803.087
961.252
855.862
123.81
235.601
452.217
154.806
517.038
171.493
466.439
293.437
404.605
469.307
167.836
479.017
312.519
247.227
416.692
325.246
423.986
171.593
359.093
446.01
300.268
489.801
361.05
378.737
628.029
592.528
506.582
607.023
565.51
559.504
735.8
701.696
631.634
628.924
719.831
552.768
790.666
568.388
542.075
823.729
641.377
770.501
715.531
598.369
830.78
610.551
772.447
643.802
296.15
533.023
250.922
612.001
295.02
582.508
313.704
496.101
584.086
286.248
583.097
421.93
286.775
518.321
416.019
541.166
292.959
469.004
531.265
424.075
597.597
454.004
434.278
749.235
708.227
629.971
727.765
689.046
678.276
859.603
825.409
749.709
752.716
842.996
676.184
914.243
692.169
665.884
947.03
764.099
893.781
837.291
722.154
953.871
734.037
896.032
762.985
240.033
107.336
331.475
261.737
364.358
105.019
216.206
359.457
183.709
322.064
202.425
49.2443
256.726
143.558
334.341
205.913
240.416
241.828
321.908
345.689
180.546
143.422
655.463
660.446
514.192
640.363
528.909
611.994
707.595
662.402
683.012
599.948
715.565
554.995
741.367
543.136
524.024
811.436
649.755
761.139
731.558
571.021
822.508
605.991
754.847
686.857
297.753
111.946
395.578
254.332
282.54
70.6612
241.133
323.761
150.881
200.878
266.865
122.589
131.548
254.637
339.246
187.553
24.0208
369.996
184.383
105.361
139.607
620.206
665.466
483.389
613.241
448.028
608.441
608.679
557.28
668.468
514.41
640.338
510.141
617.544
471.615
464.13
718.752
595.756
675.956
675.326
492.05
732.956
545.125
661.896
663.395
364.238
156.285
339.45
202.485
250.38
339.037
83.1865
332.181
173.692
143.785
267.606
170.628
301.033
104.58
220.411
291.204
236.884
347.131
207.041
238.598
579.159
571.696
442.143
561.84
475.228
526.972
653.367
612.361
599.368
544.394
651.696
485.927
696.84
484.85
462.277
751.835
580.14
699.829
660.292
514.218
761.418
540.552
696.782
605.855
425.34
188.162
389.082
116.52
173
366.531
75.5844
219.317
365.887
107.331
196.064
206.891
376.643
183.619
96.8969
364.463
102.611
158.003
250.635
555.082
615.832
427.87
551.881
372.377
557.585
518.747
466.589
610.234
433.01
558.323
446.444
519
398.549
396.773
628.497
523.791
589.271
599.654
414.532
643.506
472.547
572.756
601.559
325.055
358.615
331.217
331.604
80.5295
369.038
206.189
300.048
318.022
266.588
281.044
59.6825
244.266
381.084
130.648
369.899
290.656
377.656
458.705
432.436
335.09
438.416
397.237
394.316
564.964
532.166
467.116
458.803
548.391
381.274
621.789
398.453
371.652
652.243
470.252
599.021
545.363
428.351
659.365
439.068
601.016
477.436
455.941
198.655
15.2315
298.613
113.78
167.586
411.539
136.4
230
44.0114
297.424
124.326
230.361
220.735
86.406
204.167
356.793
369.395
427.787
239.708
364.837
193.752
369.51
360.251
310.522
422.587
261.222
386.743
259.794
381.644
217.389
211.533
469.47
342.023
424.322
421.07
237.895
482.892
291.139
412.147
414.779
283.214
449.197
284
396.807
301.405
59.0085
335.275
226.491
430.015
306.015
334.677
292.643
426.758
424.57
257.701
148.125
759.951
765.289
618.328
745.101
628.759
717.008
806.66
760.217
788.022
699.949
817.511
658.539
836.609
644.236
626.115
911.904
753.176
862.256
835.154
671.55
923.403
708.635
854.998
791.76
187.275
263.473
114.586
131.366
253.432
62.2977
80.2247
191.512
276.986
117.324
51.0882
299.446
144.81
43.6807
161.447
557.23
597.965
418.306
549.045
391.127
541.415
558.413
508.063
603.075
459.671
584.796
447.447
574.474
413.146
403.299
667.924
535.601
622.971
616.315
435.488
681.473
485.644
610.65
599.101
301.692
98.8433
165.919
406.079
125
222.791
52.2015
301.597
120.95
217.223
231.041
71.1758
195.274
346.619
384.012
443.001
254.88
379.697
206.969
384.721
371.14
320.924
437.58
273.585
399.362
274.549
390.082
231.106
225.978
480.677
356.006
436.162
434.663
250.922
494.309
305.015
423.43
429.597
319.049
150.615
225.002
260.969
192.608
256.189
22.2036
195.369
311.448
157.436
326.221
220.912
297.316
500.357
489.069
366.216
482.236
409.353
445.3
585.044
546.847
517.929
476.387
578.221
411.078
633.809
416.019
391.74
679.976
504.288
627.373
583.275
445.856
688.756
467.08
626.039
525.224
168.443
363.299
66.0984
178.6
131.548
325.756
125.16
128.156
295.408
33.5261
141.824
274.089
482.673
540.759
353.16
478.539
303.002
482.564
458.394
406.785
536.367
366.771
492.751
373.354
466.958
328.219
324.475
568.507
453.486
526.639
531.024
346.208
582.911
402.318
511.856
528.428
251.223
112.161
95.0842
133.056
158.24
47.0744
182.453
171.094
177.282
98.4124
237.019
466.836
490.05
324.211
454.569
327.391
436.258
505.626
460.027
503.294
398.57
516.706
361.292
539.223
343.017
325.774
610.499
455.057
560.946
537.276
370.158
622.029
408.902
553.615
503.322
299.04
186.462
382.577
247.032
288.106
272.386
368.782
388.579
221.576
148.933
704.12
707.199
563.077
688.786
578.024
659.462
756.638
711.25
730.775
649.089
764.807
604.074
789.734
592.36
573.266
860.633
698.85
810.371
780.605
620.208
871.732
655.202
804.016
735.012
113.177
132.136
270.059
77.8974
98.8585
263.03
89.627
77.801
222.428
498.016
543.457
360.8
490.743
329.28
486.215
496.139
445.862
545.88
397.525
522.805
388
513.14
351.717
342.773
605.628
474.861
560.721
555.18
373.605
619.177
424.609
548.352
540.889
207.511
208.943
113.088
121.631
262.084
202.371
38.4708
142.172
559.3
585.103
416.941
547.885
410.21
531.114
585.537
537.569
597.622
481.087
602.656
452.196
611.477
428.488
413.708
692.839
544.83
644.86
626.929
454.077
705.207
497.226
635.542
597.001
254.197
95.4149
230.783
179.011
112.432
187.555
342.243
366.005
413.552
228.974
358.615
203.423
355.816
378.061
330.51
414.03
273.923
396.894
256.07
407.172
223.394
211.993
485.412
344.362
437.872
425.484
247.623
497.932
294.803
428.086
408.765
200.898
325.909
140.801
330.752
235.213
318.06
482.958
468.979
350.612
464.389
398.207
426.09
572.435
535.448
498.848
464.14
563.398
395.904
623.205
403.6
378.652
665.748
488.439
612.944
566.746
433.545
674.169
452.443
612.354
506.696
165.955
186.024
131
99.0808
251.813
449.257
482.917
307.787
439.096
297.195
427.126
473.212
425.907
491.004
368.155
489.585
340.969
502.121
315.431
301.1
580.042
432.714
531.838
514.662
341.006
592.284
384.61
522.794
488.746
349.906
161.555
90.6973
154.302
596.242
642.087
459.619
589.359
424.078
584.962
585.294
533.991
644.703
490.597
616.497
486.174
595.102
447.616
440.114
695.339
571.736
652.32
651.326
468.124
709.477
521.11
638.424
639.515
285.717
269.474
399.326
342.965
338.541
209.99
325.125
266.593
291.084
435.639
401.741
363.032
328.69
423.19
255.548
491.203
268.198
241.814
526.089
347.667
473.097
426.033
298.158
534.113
312.554
473.499
369.001
167.41
305.629
452.598
514.058
325.776
449.271
271.149
455.763
424.934
373.291
507.663
334.013
459.922
343.839
433.666
296.816
294.279
535.048
422.14
493.377
499.025
314.006
549.488
370.912
478.44
498.959
154.69
548.078
581.07
406.832
538.139
390.866
525.694
563.355
514.296
590.031
461.026
584.447
439.396
585.348
410.845
398.178
671.775
530.298
625
611.967
435.13
684.661
481.5
614.392
587.818
700.613
727.011
558.531
689.656
545.495
673.241
716.938
667.3
739.76
615.497
739.127
592.738
735.558
565.52
552.512
825.788
684.416
779.432
766.251
589.784
838.862
635.928
768.409
738.919
112.272
142.636
24.3516
187.747
87.3212
180.05
191.857
68.7677
152.899
119.604
110.073
261.031
159.765
158.319
216.067
52.3546
166.865
89.4036
153.834
217.495
91.526
182.214
49.93
188.558
93.9149
272.591
58.3095
291.796
303.318
56.0892
256.338
227.068
181.816
372.819
245.153
232.499
312.57
163.982
269.067
180.006
249.303
310.098
192.52
288.293
80.399
131.309
106.283
130.269
234.344
211.026
185.084
137.481
213.546
46.2277
301.144
87.6926
61.4003
317.166
138.13
263.964
218.358
111.221
324.563
104.202
266.4
181.069
190.184
63.1506
201.556
209.652
60.4152
164.015
143.402
105.513
282.294
162.012
156.218
240.416
71.0634
191.126
112.898
160.562
241.754
100.499
206.051
50.1597
217.793
179.011
137.535
250.599
71.1969
193.83
91.2195
225.211
28.178
45.1885
283.242
151.605
234.651
228.035
44.3847
295.169
100.449
226.241
236.884
262.322
265.092
72.8972
209.745
206.495
126.574
342.406
191.05
176.182
302.952
131.095
254.183
173.142
198.595
303.626
147.078
269.141
84.8999
52.2398
241.919
108.977
73.4098
189.362
81.0247
169.035
193.982
110.114
131.244
74.5252
135.724
139.302
124.78
133.135
54.1479
217.35
258.99
74.4648
110.535
169.85
90.6201
133.843
161.45
161.994
139.556
125.399
170.423
104.202
176.921
121.334
106.381
236.072
221.335
174.155
164.806
322.614
222.428
215.968
256.644
120.433
214.058
124.258
220.204
254.018
158.902
234.233
25.1794
126.02
99.0454
165.085
60.6053
87.3212
212.059
104.848
163.982
168.87
30.6105
224.129
63.8201
155.048
202.299
167.657
150.791
174.184
191.541
104.403
81.8413
51.3128
62.3699
149.452
111.018
111.212
62.6498
149.05
258.815
64.8151
51.4296
271.03
94.8103
217.862
176.615
78.1601
278.632
58.0086
220.204
155.129
224.058
251.925
135.772
211.603
130.832
211.358
194.654
152.463
206.519
103.966
297.889
28.6356
268.477
125.324
218.057
203.711
30
279.373
74.108
212.408
208.777
289.614
132.371
237.994
213.79
57.2713
299.595
83.5225
234.617
205.232
185.607
53.2635
132.673
240.441
16.7631
213.551
57.3847
232.215
132.97
82.2192
111.973
190.602
51.2445
142.622
99.0858
90.934
190.979
61.6117
160.552
26.8701
189.011
185.132
131.32
130.698
113.6
99.6092
251.883
62.6099
183.883
203.745
221.732
71.0634
230.063
162.2
141.45
209.057
