70
80.6226
50.2892
155.541
110.023
121.066
80.0562
164.073
24.1868
91.0055
97.4936
100.045
94.4034
110.209
47.2969
106.231
77.5242
61.2046
63.3482
93.0591
18.3848
42.9418
138.192
260.233
256.33
329.686
224.722
212.085
379.005
289.394
283.917
382.158
203.666
285.748
191.606
183.448
354.035
275.77
291.371
261.725
260.762
234.48
279.517
271.901
248.395
247.008
453.927
370.912
404.1
395.457
311.04
381.131
458.737
440.106
437.247
320.4
307.774
337.136
433.336
320.014
434.937
389.622
392.2
407.001
384.52
382.126
401.508
428.075
401.138
343.639
59.2368
233.694
140.73
177.192
68.1836
242.528
95.2103
61.9839
123.309
157.889
96.1873
160.953
126.716
99.8248
79.0569
135.595
53.6004
124.74
62.434
37.7359
216.002
333.918
327.116
390.836
286.845
290.998
450.96
367.327
350.07
452.929
272.36
347.667
269.245
259.756
426.381
355.709
351.763
330.151
338.788
308.935
349.757
350.386
322.552
305.897
494.702
421.089
448.171
437.979
356.968
425.254
507.169
478.762
487.016
370.13
347.973
370.001
483.322
367.327
485.85
431.677
429.466
452.604
426.938
436.578
437.114
474.455
456.127
378.085
200.808
84
118.068
29.9666
191.971
74.0945
41.1947
137.361
99.1262
49.6488
158.647
94.0851
59.4138
30.6105
110.82
14.1421
67.1193
38.0132
36.4005
165.052
308.026
305.287
379.947
275
255.642
427.198
333.766
333.808
430.785
253.34
336.001
237.023
230.139
402.124
316.623
341.658
311.27
305.188
282
328.562
315.653
296.002
297.271
438.412
362.631
390.95
381.105
299.107
367.967
449.138
423.03
428.721
311.642
291.386
315.699
424.986
309.235
427.37
374.903
374.005
395.051
370.061
377.604
382.188
416.779
397.121
323.303
210.609
172.186
227.055
93.1075
138.514
241.406
161.443
163.371
229.157
116.503
108.259
242.293
219.082
98.6154
214.933
202.032
173.669
197.254
93.6056
110.218
113.719
204.832
114.547
57.6975
229.107
133.881
150.944
234.171
77.3369
163.783
36.2215
31.6228
203.931
124.555
172.679
125.032
105.262
83.9524
136.488
116.692
97.8621
140.663
457.341
359.785
404.428
400.356
319.269
383.859
443.284
449.5
420.202
317.593
329.779
370.203
416.083
323.373
415.116
396.247
409.317
403.332
390.877
358.108
421.236
420.43
373.514
372.587
56.4624
75.9605
163.11
130.698
89.8944
207.509
51.0098
51.3128
213.694
128.763
57.9828
62.9365
150.655
87.1321
17.4642
110.44
119.419
139.09
320.325
323.975
410.551
309.22
255.314
437.879
331.747
359.026
443.847
279.508
367.294
244.008
242.231
412.844
305.002
374.724
333.924
304.637
294.245
346.965
312.444
307.963
334.248
354.51
280.922
307.483
297.417
216.317
284.549
366.547
339.037
346.598
230.08
207.543
231.953
342.948
226.808
345.654
291.163
290.007
311.873
286.372
297.753
298.242
333.732
317.416
239.41
122.025
110.041
134.082
138.033
211.811
21.0238
103.078
204.502
117.745
112.33
108.467
138.293
126.57
61.8466
129.711
147.122
88.6454
278.632
285.412
376.643
280.059
209.688
393.429
283.584
323.11
400.385
246.603
334.677
202.267
203.194
368.722
253.87
343.001
297.215
257.573
253.251
307.683
264.169
266.43
306.023
333.636
249.97
283.298
274.964
190.213
260.377
337.717
320.465
316.332
199.361
188.664
221.382
312.444
199.003
314.186
269.258
273.386
286.016
264.093
262.208
283.323
307.026
281.469
226.815
209.335
104
16.6433
165.487
106.151
28.0179
188.534
122.188
33.1059
13.6015
139.946
19.8494
62.2656
67.7422
60.6053
182.571
335.431
333.53
409.48
304.6
280.608
454.744
358.912
362.836
458.661
282.214
365.52
263.154
257.049
429.616
339.718
371.295
339.984
330.457
309.273
356.849
340.478
323.303
327.054
427.482
356.602
381.749
371.248
291.529
358.935
441.702
411.247
422.052
305.851
281.155
302.06
418.446
302.238
421.285
364.87
361.865
386.545
360.224
373.712
369.305
408.521
393.376
310.272
159.841
225.854
216.622
112.45
199.86
184.7
126.779
211.681
197.489
133.933
204.941
162.049
181.069
205.3
26.9258
181.011
193.197
289.208
206.891
108.167
289.277
176.162
234.053
297.431
168.76
251.213
109.713
116.829
265.272
144.128
260.824
207.894
151.924
158.142
213.19
156.85
169.623
232.725
364.244
266.923
311.328
307.275
226.738
290.766
351.204
356.439
328.154
224.517
238.648
280.059
324.031
230.489
323.348
303.211
316.76
310.306
297.846
266.391
328.811
327.622
282.461
281.737
114.285
78.4474
113.437
118.461
86.2148
33.9706
130.384
101.71
40.6079
86.6833
114.285
38.3275
59.5399
135.484
240.104
235.002
306.323
201.308
195.931
358.274
272.121
261.354
361.001
181.541
262.429
174.04
164.76
333.434
261.228
267.858
239.677
243.578
214.704
258.048
255.196
228.484
223.258
467.68
382.033
417.08
408.961
324.045
394.221
470.027
454.528
448.161
332.038
322.552
353.644
444.19
332.488
445.449
403.299
407.237
419.477
398.117
391.567
416.944
440.192
410.26
359.707
170.074
122.577
39.2173
196.825
135.237
39
29.7321
151.908
27.6586
77.4209
76.5506
64.2028
199.06
349.092
346.481
420.577
315.572
295.584
468.309
373.841
374.856
471.954
294.459
376.662
277.584
271.03
443.221
355.355
382.143
352.423
345.324
323.025
369.757
355.533
337.037
337.469
438.128
369.359
393.224
382.46
303.842
370.52
453.813
421.517
434.48
318.788
292.412
311.642
430.927
314.746
433.931
376.017
372.05
398.301
371.465
387.177
379.111
420.345
406.864
320.141
191.442
186.679
50.0899
98.0204
196.759
167.92
83.7437
145.726
190.539
100.603
105.891
196.698
237.192
224.544
274
173.807
215.928
346.621
282.397
239.366
346.439
169.366
232.364
190.032
176.477
323.364
283.44
235.019
223.394
255.766
215.648
245.204
268.881
227.633
189.066
544.912
457.354
493.852
486.1
401.005
471.105
545.297
532.16
523.116
407.962
400.472
432.039
519.096
409.06
520.009
480.554
485.193
495.868
475.328
465.155
495.047
516.257
483.414
438.019
90.4268
186.067
98.8433
101.134
92.8493
119.954
108.6
50.3289
108.853
126.811
88.0909
271.974
277.088
366.325
267.606
205.341
388.561
281.187
313.589
394.92
235.536
323.736
195.433
194.859
363.629
254
331.711
288.009
254.327
246.142
299.775
261.842
259.656
293.298
354.447
270.978
304.237
295.819
211.152
281.301
358.738
341.116
337.337
220.384
209.122
241.006
333.444
220
335.161
290.079
293.82
307.007
284.93
283.007
303.608
328.038
302.22
246.716
204.612
130.035
13.1529
19.2354
149.967
45.2217
41.2311
86.3134
84.9706
173.761
339
339.094
419.148
314.941
280.007
458.193
358.113
370.601
462.875
289.841
375.239
264.683
260.102
433.014
335.894
381.608
346.831
330.014
312.7
362.428
339.249
326.711
338.415
399.772
330.151
354.391
343.759
264.7
331.634
414.738
383.423
395.324
279.571
253.671
274.089
391.76
275.567
394.738
337.35
334.013
359.347
332.746
348.006
341.375
381.366
367.696
282.347
87.3212
216.363
187.489
66.2118
169.956
198.237
120.83
134.737
169.012
187.128
174.909
230.054
127.035
168.386
297.639
232.699
191.846
297.935
119.541
187.216
142.144
128.035
274.089
235.476
190.948
174.545
206.4
165.605
195.969
219.618
177.544
145
531.27
439.538
479.129
472.508
387.572
456.856
526.781
520.032
504.12
391.86
390.544
425.428
500.034
394.488
500.308
467.372
474.802
480.133
462.041
444.227
485.433
499.61
461.677
430.36
142.948
116.417
21.9317
108.019
114.634
65.521
89.5377
103.315
214
211.367
289.116
185.011
164.842
333.122
242.099
241.081
336.719
160.328
245.204
144.361
136.528
308.058
229.002
251.623
217.892
213.467
188.043
234.676
224.617
202.022
208.849
448.318
359.557
396.83
389.462
304.304
374.214
447.447
436.177
425.199
310.453
305.395
339.096
421.171
311.978
422.03
384.068
390
398.549
378.794
367.136
400.29
418.728
385.421
344.373
29.0689
162.693
52.4786
51
97
93.1933
185.785
352.151
352.23
432.058
327.758
293
471.339
371.066
383.648
476.027
302.881
388.135
277.795
273.251
446.159
348.54
394.446
359.924
343.001
325.85
375.565
352.172
339.86
351.118
399.531
332.519
355.128
344.193
266.58
332.521
416.203
382.774
397.2
282.257
254.244
272.734
393.707
277.683
396.894
337.713
333.29
360.418
333.222
351.319
340.238
382.504
371.016
281.299
135.351
26.4764
48.7647
67.9412
65.7419
170.848
328.197
327.159
405.094
300.483
271.665
447.532
349.967
357.498
451.775
276.742
361.134
255.008
249.514
422.371
329.692
367.212
334.201
321.622
301.955
350.502
331.361
315.991
323.483
415.74
343.817
369.579
359.221
278.977
346.717
429.197
399.721
409.401
293.002
269.156
291.007
405.771
289.588
408.534
352.881
350.413
374.23
348.187
360.624
358.068
396.164
380.276
299.042
124.31
136.36
78.0256
100.13
113.053
199.642
195.164
269.765
165.148
156.263
318.077
231.821
222.991
321.056
142.555
225.801
133.765
124.197
293.171
222.353
231.873
200.564
203.335
174.152
218.33
215.128
187.963
188.449
466.759
376.63
414.947
407.922
322.819
392.475
464.321
455.044
441.888
328.101
324.895
359.34
437.833
330.135
438.456
402.647
409.337
416.346
397.344
383.033
419.815
436.232
401.011
364.387
71.3092
49.2443
40.8044
178.017
322.006
319.061
392.938
287.939
269.78
441.137
347.908
347.223
444.648
266.865
349.017
251.149
244.205
416.077
330.651
354.528
324.858
319.331
296.007
342.317
329.789
310.002
309.919
441.236
367.686
394.576
384.413
303.402
371.656
453.618
425.424
433.537
316.754
294.432
317.077
429.857
313.806
432.445
378.122
376.191
399.005
373.37
383.6
384.005
420.862
403.194
325
93.0054
102.176
136.781
312.181
314.682
399.506
297.214
249.159
430.499
326.443
348.736
436.033
268.663
356
236.324
233.574
405.38
301.538
363.16
323.975
298.886
285.96
337.831
307.275
299.813
321.908
371.303
296.385
323.897
313.997
232.297
300.927
382.46
356.001
362.278
245.447
224.27
249.257
358.586
242.596
361.145
307.787
307.059
328.101
302.952
312.436
315.406
349.886
332.054
256.632
24.6982
154.871
277.584
273.066
344.42
239.403
230.361
396.102
307.547
299.681
399.02
219.823
300.563
209.669
201.249
371.194
294.151
305.851
277.953
278.921
251.962
296.169
290.131
265.831
261.008
460.156
379.444
411.078
402.005
318.226
388.063
466.984
445.759
445.813
328.661
313.409
340.988
441.952
327.611
443.806
396.032
397.373
414.391
391.012
391.86
406.282
435.718
411.06
347.922
178.933
299.608
294.083
362.25
257.449
254.26
417.58
331.097
319.144
420.096
240.075
318.609
233.077
224.163
392.796
318.473
323.396
298.168
302.498
274.243
317.014
313.882
288.014
278.002
473.086
395.216
424.991
415.435
332.641
401.976
482.265
458.027
461.494
344.262
326.038
351.37
457.699
342.463
459.837
409.313
409.176
428.777
404.401
408.95
417.58
450.355
428.322
358.804
192.899
202.272
296.665
207.8
122.004
305.529
194.941
241.913
312.899
170.942
256.727
117.89
121.828
281.016
166.048
265.872
215.678
169.098
168.434
223.573
175.525
180.967
234.009
369.054
273.827
316.228
311.096
228.178
294.839
359.918
359.878
337.028
228.65
237.023
276.904
332.916
233.238
332.778
306.584
317.972
316.084
301.199
276.226
329.621
334.462
293.246
279.58
24.3311
113.877
85.235
73.1095
119.34
58.3095
61.3514
123.968
68.7968
86.4928
76.5506
78.9177
94.1913
89.0505
96.8814
41
48.3735
26.3059
33.8378
58.0775
12.3693
96.8401
528.096
428.529
476.246
474.655
400.281
458.039
504.544
523.582
481.824
393.722
415.781
458.26
477.825
401.908
475.442
471.602
488.86
473.178
466.4
419.887
501.394
487.23
432.02
458.926
96.5401
63.2535
88.0057
123.911
82.2192
41.6173
126.016
55.5428
64.195
84.4038
82.2922
99.6393
113.004
74.6324
17.4642
72.0278
35.609
23.3452
82.2982
28.1603
72.7324
546.243
446.754
494.079
492.025
416.049
475.386
524.157
541.112
501.328
410.474
430.444
472.519
497.302
418.208
495.117
488.762
505.213
491.35
483.513
439.182
517.645
505.95
451.824
473.63
105.019
184.448
107.898
156.205
55.1725
99.3579
131.061
43.9659
179.655
174.917
98.7927
196.698
39.1152
81.3204
159.411
132.136
80.1311
165.412
122.886
85.1469
641.879
542.322
589.924
588.127
512.575
571.496
618.295
637.139
595.612
506.807
526.925
568.909
591.622
514.659
589.177
584.958
601.664
586.963
579.728
533.731
614.117
601.103
545.715
570.11
120.599
175.114
143.126
65.7343
173.658
38.6264
61.1882
102.883
91.5478
153.405
167.108
66.7308
54.4059
126.827
79.0759
77.4209
139.176
82.4621
26.2488
570.307
471.936
517.476
513.881
433.555
497.318
553.624
563.099
530.559
431.189
444.325
484.653
526.46
437.371
525.024
509.946
523.6
515.932
504.591
468.188
535.59
532.319
482.564
487.118
183.742
78.3135
129.619
190.906
84.0238
150.36
26.4008
41.3401
159.088
67.624
160.59
104.307
50.01
52.4309
106.066
60.0167
62.2254
142.972
458.6
359.205
406.307
404.101
328.162
387.46
437.817
453.221
414.88
322.472
343.035
385.374
410.824
330.22
408.894
400.795
417.225
403.745
395.54
352.568
429.671
418.708
365.847
386.207
115.663
110.463
13.3417
179.201
128.004
194.18
198.116
25.1794
156.486
131.894
123.227
137.383
145.582
101.789
133.959
131.548
168.44
608.165
509.934
558.702
559.333
492.886
543.104
576.667
606.778
555.042
482.59
512.016
555.237
551.294
492.443
547.727
557.288
577.763
553.994
552.381
495.686
590.547
564.904
504.441
554.416
112.018
125.603
121.165
139.129
98.0816
108.462
93.723
43.0116
149.03
97.5141
28.6356
69.3109
82.0549
19.4165
61.2944
154.952
497.257
398.197
446.768
446.655
378.001
430.256
469.026
494.726
446.813
368.485
396.618
439.802
442.937
377.976
439.892
444.288
463.897
442.634
439.278
386.063
476.642
454.802
396.34
439.164
108.167
80.7775
27.2947
124.579
120.433
90.4434
148.788
37.0135
26.2488
109.142
77.201
30.0167
117.239
68.884
58.6003
587.776
488.267
535.651
533.634
457.59
516.995
565.28
582.713
542.492
452.09
471.782
513.741
538.477
459.802
536.21
530.377
546.805
532.876
525.13
480.418
559.228
547.366
492.854
514.965
180.624
123.309
199.85
202.869
32.249
167.171
126.246
123.471
145.89
150.266
103.175
143.391
136.312
165.052
619.852
521.437
570.181
570.646
503.441
554.372
588.81
618.244
567.107
493.474
522.22
565.404
563.341
503.192
559.837
568.521
588.748
565.584
563.586
507.54
601.521
576.712
516.501
564.745
88.2043
64.5368
52.9245
155.129
137.481
96.4002
58.1378
99.6444
52.0096
77.5242
112.898
60.959
64.0078
531.791
433.35
478.979
475.481
395.497
458.904
515.007
524.71
491.94
392.826
406.754
447.411
487.84
399.145
486.418
471.594
485.519
477.378
466.245
429.572
497.567
493.712
443.991
449.658
141.651
135.074
111.018
175.034
10.4403
46.8188
134.807
98.4124
57.0789
143.59
92.3472
43.7379
608.896
509.545
556.515
554.063
476.64
537.421
587.813
603.245
564.933
472.055
489.776
531.264
560.892
479.338
558.815
550.611
566.255
554.063
545.326
502.697
578.565
569.059
515.601
532.905
15.2315
169.056
93.4345
151.4
98.3514
69.5701
50.9902
105.816
81.5414
64.2573
127.224
469.196
370.315
416.531
413.537
335.149
396.913
451.093
462.776
428.049
331.169
348.141
389.741
423.959
338.104
422.404
409.883
424.909
414.571
404.565
365.657
437.154
430.443
379.812
391.281
172.939
107.49
144.423
94.3027
80.4984
52.6118
104.924
93.1504
66.6108
116.73
478.979
380.454
426.195
422.83
343.385
406.236
462.127
472.07
439.056
340.243
355.407
396.548
434.954
346.771
433.568
419.013
433.336
424.52
413.673
376.697
445.466
440.796
391.22
398.448
135.772
116.387
100.305
113.649
120.416
78.1601
111.252
106.381
149.03
589.401
490.723
539.416
539.656
471.717
523.328
559.279
587.45
537.403
462.027
490.275
533.436
533.6
471.621
530.239
537.431
557.38
534.989
532.463
477.423
570.14
546.484
486.807
532.865
185.311
130.035
41.1096
88.0568
119.05
31.5753
86.4696
183.576
454.318
355.332
403.946
403.981
336.4
387.621
426.058
451.934
403.822
326.314
355.719
398.969
399.941
336.03
396.919
401.699
421.628
399.731
396.718
343.052
434.394
411.807
353.362
398.001
57.2451
145.169
108.747
67
153.834
102.786
46.0435
619.058
519.736
566.646
564.132
486.499
547.491
598.141
613.325
575.253
482.063
499.444
540.833
571.21
489.277
569.151
560.651
576.168
564.238
555.36
513.004
588.457
579.297
525.952
542.554
89.202
51.9711
23.0217
99.0454
45.607
58.5918
562.859
463.418
510.605
508.396
431.863
491.753
541.202
557.524
518.348
426.657
445.808
487.689
514.315
434.222
512.182
505.059
521.211
507.986
499.796
456.158
533.6
522.75
468.926
488.987
48.3322
80.0062
13.4536
45.3982
142.555
485.103
385.623
433.813
432.926
361.365
416.389
459.549
481.508
437.001
353.221
378.653
421.628
433.046
362.108
430.401
430.205
448.683
430.248
425.089
375.453
461.346
443.483
386.871
421.541
55.2178
61.2944
14.0357
97.0052
510.894
411.447
458.661
456.518
380.443
439.877
489.401
505.626
466.521
374.899
394.93
437.074
462.481
382.604
460.405
453.224
469.608
456.019
447.97
404.293
482.037
470.792
417.206
438.115
87.4757
43.8406
79.6304
561.929
462.361
510.083
508.476
433.866
491.859
538.177
557.413
515.485
427.479
449.08
491.44
511.494
435.597
509.062
505.408
522.568
507.011
500.202
453.601
535.086
521.024
465.611
492.246
57.0088
153.951
482.411
383.106
431.519
431.045
361.093
414.576
455.511
479.371
433.115
352.151
379.19
422.309
429.197
361.388
426.357
428.515
447.626
427.654
423.455
371.927
460.34
440.348
382.792
421.884
97.1648
519.086
419.547
467.064
465.242
390.151
448.612
496.407
514.254
473.613
384.005
405.247
447.599
469.596
391.996
467.344
462.088
478.987
464.175
456.863
411.534
491.48
478.535
424.005
448.415
595.709
497.145
542.918
539.475
459.449
522.894
578.316
588.707
555.269
456.829
470.425
510.831
551.178
463.146
549.626
535.599
549.482
541.244
530.25
492.878
561.507
557.427
506.996
513.249
99.5691
52.9245
58.8558
144.014
74.4648
55.2268
20.5183
64.2884
140.407
147.054
129.341
66.4078
136.795
72.8011
64.3817
67.3573
54.9181
69.5845
113.358
64.0078
44.6542
109.078
119.641
48.7955
51.4782
66.6483
37.6431
88
96.8762
66.3702
50.9902
87.046
103.078
62.514
55.0364
64.7611
51.6236
78.339
44.6542
48.0833
31.0483
90.1388
60.7289
46.0435
93.6376
13.4536
93.086
23.0217
64.3506
48.0833
52.8015
87.6413
100.896
95.268
51.3128
84.8528
57.8014
19.8494
43.6578
10.4403
22.8254
70.0071
51.4782
29.4109
73.437
84.6463
85.1587
16.6433
77.4209
49.2443
66.2193
82.7647
90.0944
82.0061
64.6375
78.1601
71.0211
6.7082
31.5753
23.3238
11.0454
76.9025
41.0488
42.638
83.006
71.4003
70.1783
150.233
132.563
130.648
22.8473
28.4429
66.7608
127.13
12.0416
130.384
79.8311
90.05
96.1873
74.5252
90.6091
102.083
117.72
109.481
63.0714
85
65.8635
69.814
66.3099
78.4474
77.9872
67.3573
62.3699
72.8354
14.4222
40.7922
28.2312
10.4403
66.0681
52.4976
50.3289
75.505
67.4759
71.8401
23.0868
138.362
163.049
159.402
27.2029
139.904
29.1548
84.0536
102.65
56.7979
87.1321
85.44
105.437
34.9857
72.7186
148.809
76.0263
131.928
132.378
111.086
77.2334
126.649
84.1487
53.3104
49.4975
53.8238
58.6941
115.763
44.3847
51.9711
114.948
101.789
117.239
145.794
147.105
4.12311
119.817
8.544
72.3464
95.3834
43.1856
74.2496
62.3939
100.846
26.2488
50.6063
136.488
50.9608
85.5862
113.437
13
115.732
78.7718
95.483
88.2836
73.4302
70.4557
108.19
108.296
89.8888
80.05
43.2666
142.706
38.6264
146.986
83.7257
84.7231
106.569
79.0759
114.477
94.921
128.705
132.322
43.1856
144.959
72.6911
150.695
75.4321
61.9839
104.062
72.9178
133.899
67.6018
124.631
148.476
10.6301
116.211
7.07107
70.6045
94.3663
41.4005
72.2496
58.3095
100.305
26.3059
46.8615
134.358
119.218
73.3894
87.0057
87.023
68.0074
78.5684
99.4887
108.116
97.4526
67.4463
76.844
101.079
47.7074
78.2432
57.0088
107.224
33.3766
43.566
140.121
28
29.2062
5.38516
78.7718
38.833
49.2037
86.2844
64.8151
54.0833
30.4138
106.569
12.8062
69.8928
114.215
52.3927
31.1448
62.1772
61.8142
22.1359
63.9531
93.4345
76.2365
42.0595
52.1536
84.8528
62.2896
117.546
69.3109
19.6977
124.595
74.7329
124.004
59.0339
64.4981
114.018
138.708
