70
6.40312
7.28011
3.60555
3.60555
6
12.0416
4.12311
12.2066
5.09902
1
1
8.544
9.43398
1
8.48528
4.12311
7.81025
6.08276
4.12311
6.32456
10
10.4403
69.3542
208.079
66.4831
162.89
185.27
262.376
90.05
137.015
245.772
164.976
137.641
255.76
260.225
194.201
231.573
141.089
48.8365
44.6878
129.321
83.6002
166.337
65
166.385
394.73
218.186
484.208
355.542
316.158
406.897
367.73
597.907
191.167
353.351
266.205
323.155
571.004
599.241
327.495
349.817
220.554
470.619
491.467
519.45
260.25
367.448
282.8
339.147
7.61577
7.07107
6.32456
11.1803
18.4391
6
18.4391
11.1803
5.65685
7.07107
14.4222
15.8114
5.65685
14.8661
10
14.2127
4.47214
10
12.53
11.7047
16.1245
75.5844
208.892
72.0902
168.814
191.672
262.42
89.3085
141.032
246.295
161.047
143.171
253.476
261.297
192.72
229.297
146.003
55.2268
38.2884
135.724
77.4209
162.926
58.6686
163.71
399.501
223.379
490.567
361.797
321.305
412.167
373.957
603.697
196.367
359.536
272.606
326.267
576.003
604.365
333.718
353.442
226.894
477.017
495.614
525.522
265.836
373.263
288.647
344.052
4
10.2956
13.1529
16.5529
3.16228
17.72
8.544
7.61577
8.24621
15.0333
13.4164
7.61577
13.6015
11.0454
12.6491
3.16228
11.0454
9.84886
4.12311
17.0294
70.8308
215.077
72.4224
168.155
188.351
269.091
83.006
144.056
252.676
168.576
143.569
261.021
267.301
200.062
236.84
139.014
52.4976
42.19
132.382
79.3977
170.532
63.561
171.304
392.368
216.592
486.261
356.91
314.46
405.428
368.958
597.609
189.594
354.384
268.931
318.653
569.022
597.482
328.71
345.88
222.497
473.207
488.181
520.02
259.478
367.234
282.689
337.013
7.07107
9.21954
13.0384
1.41421
13.9284
5
4.24264
4.47214
11.0454
10
4.24264
9.84886
7.07107
8.94427
4.24264
7.07107
6.40312
6.40312
13.0384
68.884
211.684
68.6222
164.596
185.699
265.966
86.4523
140.057
249.377
167.601
139.786
258.99
263.822
197.608
234.804
139.014
49.5177
44.4072
129.727
82.4621
169.189
65.2993
169.496
392.562
216.333
484.109
355.09
314.269
405.112
367.208
596.657
189.32
352.732
266.451
320.156
569.001
597.335
326.965
347.023
220.384
470.8
488.926
518.611
258.768
366.231
281.626
337.073
5
13.4164
7.2111
12.8062
8.06226
2.82843
3.16228
8.48528
11.4018
2.82843
9.84886
4.47214
9.48683
8.24621
4.47214
9
13.4536
10
71.3092
204.793
65.7951
162.61
186.317
258.936
93.2952
135.004
242.423
161.617
136.858
252.163
257.006
190.602
227.976
144.17
49.8197
43.8406
130.419
83.4865
162.865
63.5138
162.816
397.85
221.111
485.708
357.364
319.1
409.763
369.611
600.375
194.093
355.317
267.406
326.696
574.014
602.187
329.387
353.278
222.146
471.861
494.802
521.591
262.909
369.899
285.224
342.21
9.21954
10.0499
8.06226
7.07107
6.08276
5
3.60555
8.06226
6.08276
6
2.23607
6.08276
12.0416
2.23607
7.2111
15.2315
5
67.0671
203.03
60.9262
157.648
181.475
257.738
95.2943
131.015
240.865
163.771
132.034
252.834
255.031
190.646
228.653
141.428
45
48.7955
125.603
88.4816
164.56
68.2422
163.878
395.14
218.021
481.062
352.933
316.025
406.543
365.225
596.561
191.01
351
262.619
325.523
571.056
599.101
325.012
351.648
217.568
467.087
492.674
517.424
259.372
366.074
281.375
339.377
14.4222
2.82843
8.06226
12.8062
11.4018
6
3.16228
12.8062
3.60555
8.94427
4.24264
17.2047
8.94427
6.7082
16.2788
6.32456
57.9396
206.456
56.0446
151.611
173.234
262.092
93.2309
129.468
244.616
172.29
127.13
259.85
258.008
196.919
235.688
132.639
36.7967
56.7274
117.29
95.4254
172.699
76.8505
171.397
386.328
209.002
472.343
343.949
307.007
397.454
356.202
587.341
182
341.927
254.201
318.135
562.089
590.069
315.981
343.757
208.751
458.629
484.298
508.273
250.186
356.854
272.156
330.491
15.2315
6.40312
4.47214
5.09902
12.1655
11.4018
4.47214
11.1803
8
10.2956
2.82843
8
7.81025
6.40312
14.1421
70.2353
212
69.8928
165.946
187.11
266.12
86.093
141.032
249.634
166.865
141.06
258.631
264.197
197.426
234.446
140.004
50.9313
43.0116
131.137
81.0555
168.573
63.9531
169.047
393.509
217.389
485.489
356.434
315.311
406.185
368.543
597.865
190.379
354.054
267.854
320.702
570.004
598.369
328.299
347.691
221.759
472.2
489.719
519.897
259.925
367.447
282.852
338.053
9.21954
12.8062
11.4018
4.47214
5.09902
12.8062
4.12311
8.48528
5.09902
17.8885
8.48528
8.06226
18.0278
4
59.1354
203.666
54.7083
150.765
173.511
259.268
95.8541
127.318
241.812
170
125.865
257.158
255.249
194.147
233
134.837
37.0135
56.5862
117.614
95.8019
170.262
76.2758
168.799
388.491
211.002
473.003
344.896
309
399.362
357.2
588.858
184.011
343.001
254.61
320.79
564.128
592.041
316.992
346.302
209.507
459.07
486.684
509.495
251.915
358.37
273.659
332.602
6.08276
5
7.28011
5
6.08276
5.09902
5
4.12311
9.21954
5
1.41421
9.05539
9.21954
64.405
209.955
63.8905
159.665
180.812
264.781
88.5494
136.18
247.843
169.65
135.03
259.625
261.88
197.626
235.44
136.132
44.5533
49.2037
124.844
87.4586
170.792
69.8355
170.488
389.803
213.15
479.438
350.617
311.13
401.842
362.78
592.811
186.132
348.369
261.628
318.944
566.008
594.215
322.541
345.349
215.745
466.004
486.763
514.41
255.155
362.353
277.708
334.181
1.41421
8.94427
10.2956
0
9.21954
4.47214
8.60233
6
4.47214
7.28011
10.6301
10.7703
70.2638
207.548
66.8506
163.371
186.038
261.748
90.5539
137.004
245.204
164
137.993
254.892
259.731
193.404
230.705
142.088
49.5782
43.9318
130.096
83.006
165.387
64.1405
165.484
395.728
219.185
485.057
356.439
317.158
407.895
368.635
598.881
192.167
354.268
267.002
324.077
572.003
600.241
328.402
350.772
221.416
471.424
492.448
520.389
261.237
368.42
283.769
340.147
7.61577
8.94427
1.41421
7.81025
3.16228
7.2111
7.07107
3.16228
6.08276
10.8167
9.48683
68.942
207.234
65.5515
162.012
184.629
261.599
90.9175
136.015
244.951
164.76
136.704
255.265
259.357
193.6
231.078
141.128
48.1664
45.3431
128.69
84.4038
166.027
65.5134
165.955
394.792
218.147
483.68
355.101
316.128
406.832
367.306
597.679
191.128
352.953
265.601
323.543
571.008
599.214
327.075
350.116
220.048
470.027
491.664
519.108
260.094
367.212
282.554
339.178
5.83095
8.94427
3.60555
4.47214
4.24264
14.5602
4.47214
6.7082
16.2788
2
63.5689
203.027
57.9396
154.434
177.882
258.147
95.7079
129.097
241.008
166.373
129.097
254.531
254.849
191.951
230.358
138.611
41.4005
52.3259
122.004
91.8368
166.904
71.8471
165.846
392.307
215.002
477.46
349.367
313.006
403.448
361.668
593.196
188
347.462
259.017
323.595
568.088
596.068
321.459
349.435
213.974
463.484
490.16
513.931
256.135
362.708
278.002
336.482
10.2956
2.23607
7.07107
2
14.2127
7.07107
3.60555
13.1529
7.07107
60.0083
208.331
59.203
154.738
175.932
263.685
90.8735
132.378
246.4
171.82
130.292
260.354
260.019
197.77
236.18
133.375
39.598
54.037
119.971
92.4554
172.525
74.4312
171.619
387.088
210.038
474.774
346.157
308.041
398.608
358.366
588.982
183.025
344.023
256.811
317.805
563.044
591.122
318.135
343.74
211.123
461.213
484.641
510.224
251.589
358.504
273.827
331.34
9.21954
4.47214
8.60233
6
4.47214
7.28011
10.6301
10.7703
70.2638
207.548
66.8506
163.371
186.038
261.748
90.5539
137.004
245.204
164
137.993
254.892
259.731
193.404
230.705
142.088
49.5782
43.9318
130.096
83.006
165.387
64.1405
165.484
395.728
219.185
485.057
356.439
317.158
407.895
368.635
598.881
192.167
354.268
267.002
324.077
572.003
600.241
328.402
350.772
221.416
471.424
492.448
520.389
261.237
368.42
283.769
340.147
5.38516
1
13.8924
5.38516
4
14
5
61.4654
206.371
58.8218
154.768
176.819
261.62
92.6121
131.244
244.401
169.673
129.973
258.118
258.118
195.556
233.944
135.447
40.3609
53.1507
120.88
92.0054
170.329
73.2462
169.387
389.158
212.021
475.946
347.52
310.026
400.551
359.762
590.709
185.011
345.469
257.8
320.039
565.057
593.102
319.539
345.954
212.349
462.232
486.806
511.769
253.428
360.225
275.536
333.384
5.09902
10.198
0
5.38516
13
6.32456
66.8506
205.251
62.3939
158.902
181.951
259.915
93.0591
133.034
243.074
165.13
133.544
254.672
257.263
192.627
230.489
140.289
45.4533
48.1041
126.036
87.4185
166.087
67.9559
165.605
393.996
217.058
481.253
352.892
315.057
405.653
365.141
596.029
190.042
350.853
263.002
323.805
570.032
598.141
324.918
350.076
217.681
467.449
491.285
517.151
258.66
365.548
280.865
338.29
13.0384
5.09902
3
13
5.83095
61.8466
207.196
59.7746
155.653
177.46
262.378
91.7061
132.242
245.204
169.853
130.92
258.588
258.971
196.125
234.412
135.37
41.0366
52.4976
121.511
91.214
170.602
72.7186
169.779
389.082
212.038
476.472
347.955
310.04
400.605
360.181
590.931
185.024
345.861
258.403
319.631
565.043
593.121
319.953
345.637
212.85
462.823
486.597
512.106
253.569
360.451
275.77
333.338
10.198
10.6301
7.28011
16.4924
72.9452
212.659
72.45
168.648
189.932
266.451
85.44
143.003
250.17
165.421
143.618
257.934
264.968
197.091
233.754
142.004
53.7587
40.2244
133.959
78.2432
167.371
61.2699
168.181
395.41
219.513
488.25
359.123
317.404
408.336
371.214
600.282
192.51
356.699
270.662
321.811
572.014
600.441
330.968
349.04
224.511
475
491.314
522.472
262.246
369.882
285.309
340.024
5.38516
13
6.32456
66.8506
205.251
62.3939
158.902
181.951
259.915
93.0591
133.034
243.074
165.13
133.544
254.672
257.263
192.627
230.489
140.289
45.4533
48.1041
126.036
87.4185
166.087
67.9559
165.605
393.996
217.058
481.253
352.892
315.057
405.653
365.141
596.029
190.042
350.853
263.002
323.805
570.032
598.141
324.918
350.076
217.681
467.449
491.285
517.151
258.66
365.548
280.865
338.29
10
8.544
63.0714
209.678
62.6418
158.319
179.402
264.66
89
135.237
247.621
170.426
133.765
260.017
261.536
197.853
235.835
135.181
43.1393
50.6063
123.434
88.8651
171.453
71.1969
170.985
388.87
212.116
478.06
349.276
310.103
400.78
361.448
591.609
185.097
347.052
260.225
318.423
565.014
593.19
321.212
344.703
214.374
464.605
485.984
513.128
254.012
361.145
276.492
333.216
18.2483
67.9559
218.048
72.2772
167.287
186.078
272.369
80.1311
145.221
255.766
172.699
143.293
264.97
270.15
203.828
240.786
135.033
50.8035
45.1774
130.138
81.3449
174.631
66.8506
175.317
388.33
212.681
483.447
353.828
310.522
401.528
365.821
593.971
185.691
351.177
266.453
314.568
565.032
593.527
325.572
341.76
219.672
470.636
484.066
516.643
255.738
363.629
279.12
333.006
62.9365
201.375
56.0803
152.689
176.641
256.632
97.509
127.098
239.401
166.048
127.224
253.602
253.14
190.822
229.436
138.813
40.2244
53.7587
120.801
93.4773
166.388
73.0068
165.085
392.475
215.002
476.424
348.518
313
403.358
360.855
592.765
188.011
346.702
257.841
324.423
568.127
596.041
320.656
350.081
213.009
462.317
490.588
513.273
255.885
362.278
277.563
336.595
227.783
51.0882
114.983
119.754
287.418
108.503
126.052
266.717
224.109
101.119
301.378
275.087
235.091
277.654
85.0882
27.2947
113.018
64.6375
148.273
222.194
134.183
217.297
335.216
156.285
415.491
286.217
253.712
343.006
298.377
530.118
129.711
284.016
199.06
280.964
508.945
536.134
258.141
301.877
151.717
402.934
437.248
450.362
194.371
299.666
214.947
278.742
176.695
191.859
259.341
60.8276
298.081
115.767
38.9487
148.661
165.801
121.334
53.1413
73.6003
108.724
310.266
205.08
218.984
230.991
250.539
132.608
216.116
111.072
543.162
368.958
528.095
430.42
458.132
538.043
444.45
694.097
345.584
436.406
323.348
507.821
704.846
727.586
409.766
525.761
307.729
500.708
652.406
599.003
391.981
476.387
399.326
486.925
97.3499
131.046
236.4
141.566
79.3788
215.629
186.818
71.1688
254.443
224.288
187.259
231.158
134.826
31.3847
107.912
78.5875
148.718
182.275
124.197
174.287
379.863
201.109
432.903
309.919
296.594
383.6
322.981
563.018
175.514
310.227
212.474
331.73
550.731
576.758
283.381
351.648
173.367
416.07
484.487
478.28
233.944
333.937
250.128
323.124
68.352
250.539
223.45
80.2247
225.843
261.859
33.1059
300.426
223.02
234.446
280.401
160.851
117.745
205.251
64.846
245.935
252.937
221.206
238.799
357.414
193.794
351.65
241.406
272.641
347.908
255.331
504.036
176.051
246.008
135.204
346.733
513.881
536.02
219.057
355.732
116.211
330.298
469.401
411.491
206.022
284.565
209.153
302.539
318.55
219.586
145.121
293.961
314.162
94.5304
364.088
291.359
297.007
343.023
124.004
136.499
229.957
55.9732
267.32
307.391
249.616
295.758
289.746
133.701
301.877
181.033
205.322
279.571
194.551
440.368
121.334
183.325
81.6333
289.607
445.738
468.245
156.16
294.267
48.5077
285.953
402.275
350.994
138.957
217.368
140.801
235.478
351.602
176.233
25.0799
168.048
225.819
95.8019
42.19
87.5728
96.0052
370.563
263.898
267.301
291.734
294.391
152.161
260.864
132.85
603.709
429.784
578.342
486.277
518.649
597.804
500.308
749.999
406.389
493.042
379.444
567.988
764.285
786.553
466.69
586.4
366.727
549.146
713.168
653.517
452.386
534.951
458.996
547.551
220.077
335.596
235.44
207.022
336.621
350.274
279.33
312.674
120.603
111.364
92.9624
169.189
95.6347
241.058
110.571
246.018
353.153
193.644
495.492
360.972
284.93
375.96
371.08
578.441
169.446
354.686
291.565
257.329
531.462
562.086
331.904
290.167
239.008
488.881
437.371
511.649
243.115
352.943
272.663
301.761
152.542
188.367
50.636
220.227
155.081
154.302
200.212
201.527
110.725
169.056
115.884
209.571
177.654
178.37
161.645
427.477
254.527
429.802
321.622
342.422
422.568
335.538
584
232.142
326.025
215.342
398.301
589.619
612.863
299.002
413.494
193.621
406.602
537.164
491.712
276.219
362.465
284.016
371.335
167.323
201.675
111.126
26.4008
86.3134
106.254
349.013
244.002
254.159
268.328
283.656
151.076
249.562
130.384
579.855
406.71
553.64
461.201
494.773
573.359
475.232
724.92
383.663
467.993
354.38
546.601
739.687
761.804
441.662
564.191
342.053
524.681
689.701
628.458
428.404
510.131
434.534
523.818
228.758
109.554
192.676
81.2219
88.5494
304.77
197.023
142.667
265.023
151.427
16.2788
125.642
37.6431
558.234
379.961
612.849
495.016
477.708
567.071
508.366
749.833
353.112
496.236
393.388
486.418
732.986
760.237
469.221
514.417
359.134
592.156
656.409
664.353
418.03
520.505
436.327
502.112
270.007
201.837
203.354
249.393
163.11
96.7471
178.011
70.0928
219.135
219.92
192.51
206.041
378.319
208.087
384.575
272.443
293.232
372.247
286.276
534.06
187.323
276.261
167.093
356.393
539.157
562.268
249.163
368.897
143.014
363.402
488.857
442.72
226.771
311.841
233.574
322.493
135.831
67.7422
24.1868
386.255
274.591
244.295
325.129
259.268
98.5951
230.556
90.6035
634.237
455.548
646.011
541.831
550.575
635.912
555.757
804.062
429.802
546.179
435.33
577.844
803.424
828.336
519.117
602.077
412.273
619.923
738.475
711.829
486.659
580.38
499.264
577.486
112.058
132.306
355.332
253.917
272.121
270.512
303.463
176.4
269.091
155.425
579.68
409.265
540.833
453.282
494.652
570.812
467.273
716.549
387.2
460.906
347.14
552.748
736.196
757.407
434.994
568.567
338.758
510.757
690.655
618.864
428.043
505.487
432.14
524.137
46.0435
320.156
208.655
189.623
257.391
211.851
65.0692
179.725
45.2769
566.817
388.321
582.818
475.685
483.001
568.173
489.556
737.271
362.763
479.601
369.628
513.588
735.688
760.602
452.488
536.621
345.036
558.032
671.668
645.887
418.951
512.878
431.567
510.064
362.442
250.785
220.511
302.804
236.485
76.2758
207.193
66.7083
611.02
432.2
628.033
521.693
527.555
613.346
535.572
783.309
406.341
525.643
415.554
553.716
780.816
805.98
498.531
578.088
391.012
602.74
714.85
691.874
463.94
558.702
477.127
554.279
111.665
176.638
96.1769
200.811
304.385
198.98
301.015
253.712
78.2624
375.528
240.682
175.642
266.925
250.569
463.298
51.6624
234.105
180.546
197.608
430.01
458.528
211.625
216.91
126.846
370.54
352.933
392.298
124.788
234.776
152.689
198.063
93.5094
80.604
131.894
194.928
113.225
190.045
362.509
183.576
436.296
308.974
280.943
370.049
321.462
555.817
157.003
307.584
217.624
305.954
536.144
563.227
281.329
327.983
173.081
422.096
464.281
474.688
221.145
325.51
240.859
306.036
174.003
41.2311
148.111
22.3607
153.808
428.029
254.849
528.441
399.005
352.166
443.549
410.991
637.975
228.022
396.313
310.831
345.601
605.602
634.669
370.742
375.565
264.683
515.202
520.332
561.545
299.301
407.844
323.52
373.484
211.426
259.738
193.807
250.2
312.525
138.755
356.366
231.487
227.684
310.904
244.469
485.128
117.29
231.64
137.058
286.449
478.432
503.216
204.805
298.918
94.8683
341.541
421.436
399.7
162.265
257.049
174.413
256.096
160.702
34.5254
171.234
446.077
278.568
562.894
431.668
374.012
465.588
443.191
664.108
252.4
427.949
347.315
352.8
624.393
654.413
403.031
385.778
299.401
551.142
532.79
591.159
325.443
435.161
351.774
393.154
132.774
21.5407
557.207
378.451
604.464
488.42
475.857
564.554
501.893
744.866
351.763
490.148
385.721
489.147
730.997
757.809
463.056
516.14
353.135
583.008
656.89
658.173
415.146
516.188
432.375
500.852
140.929
450.09
277.2
549.19
420.387
374.477
465.88
432.484
660.261
250.38
417.943
330.847
365.759
627.766
656.906
392.237
396.41
285.554
535.321
541.676
583.487
321.629
430.08
345.701
395.669
552.406
373.354
590.404
476.64
470.106
557.818
490.25
734.88
346.954
478.996
372.78
489.401
724.788
751.017
451.846
515.007
342.345
568.058
653.948
646.746
408.179
507.222
424.005
495.828
179.067
280.516
195.923
85.0882
52.3927
190.055
247.518
205.507
179.234
259.517
139.345
178.362
209.06
188.82
100
245.177
303.371
113.701
222.8
151.638
117.004
152.434
56.7539
313.461
179.179
98.0051
188.86
186.639
385.85
27.0185
169.293
152.118
156.064
353.171
381.084
151.268
161.941
106.738
314.358
284.114
318.529
50.448
159.389
82.807
122.483
135.148
263.706
229.055
126.823
208.331
331.518
144.201
220.513
397.404
303.585
304.081
164.073
368.143
263.775
39.4081
359.089
109.604
264.464
177.418
231.009
275.572
147.031
156.426
14.0357
263.759
196.431
16.7631
107.075
282.781
297.968
313.05
29.0689
261.431
136.624
135.956
300.962
170.3
131.529
79.6492
97.949
168.193
91.5915
146.986
294.763
125.016
131.244
183.349
136.195
255.282
283.087
129.402
115.412
162.111
276.279
196.957
240.433
66.6483
87.2353
73.2393
30.4795
148.223
207.548
215.838
140.428
235.78
186.462
167.529
193.259
155.57
149.482
232.123
253.442
144.586
171.828
149.656
77.4661
138.827
76.5376
249.724
205.105
17.4929
121.103
283.171
285.671
300.128
40.2492
260.002
149.616
131.32
292.754
156.554
137.844
73.0548
104.293
166.108
411.73
258.031
370.778
386.394
139.435
121.198
285.002
345.811
392.796
247.736
253.553
102.552
338.882
230.489
315.203
284.004
188.09
154.434
170.699
380.132
408.099
167.738
181.64
104.005
329.826
309.026
342.212
73.7902
183.84
103.6
149.091
113.772
267.268
285.408
301.664
27.1662
245.204
137.102
148.556
284.839
168.122
120.37
63.2851
86.8389
151.743
298.65
394.271
412.923
88.0568
291.734
53.7122
204.482
372.759
276.523
128.16
162.791
110.114
213.002
299.429
332.814
263.002
41.6773
260.448
412.04
186.271
357.644
170.988
220.057
196.471
122.09
33.8378
307.695
258.017
397.69
340.331
129.449
198.215
316.931
231.769
305.603
232.138
325.338
291.318
419.888
342.117
162.659
195.556
342.841
251.921
329.293
261.398
244.812
110.114
163.11
298.297
195.144
104.924
78.7464
71.7844
153.844
259.6
385.635
148.216
321.31
164.177
192.38
184.054
94.1329
252.21
358.508
305.221
97.6217
168.861
93.9149
192.575
388.888
148.6
267.447
193.256
233.893
291.755
274.066
263.427
221.617
266.12
166.868
268.57
159.505
239.708
239.885
110.073
33.6155
96.566
84.7231
98.656
103.078
