70
52.1536
60.8358
39.9249
25.5539
17.2627
38.6005
45.3431
45
5.09902
49.0408
30.6105
44.5533
39.6989
28.2843
33.4215
33.5261
25.0799
54.1479
24.6982
8.24621
32.249
54.9181
154.719
244.477
161.524
269.431
272.039
163.918
237.539
254.018
270.204
234.798
220.756
184.765
252.686
237.103
174.828
197.363
216.333
291.295
233.154
292.139
269.551
236.58
234.798
470.023
352.434
573.468
481.486
630.248
542.738
341.844
369.758
540.934
617.722
344.292
631.76
449.319
238.097
402.045
483.596
584.277
589.123
717.811
525.564
316.443
517.769
465.431
482.769
11.1803
30.3645
26.6271
48.2701
62.6259
58.8558
28.0179
56.9386
26.4764
51.0784
61.3922
14.1421
25.2982
23.0868
39.8497
42.107
26
47.0106
55.3173
46.8188
2.82843
197.063
282.816
205.548
296.744
303.442
206.022
281.256
290.663
306.936
265.047
258.745
222.41
283.425
283.171
218.277
233.118
263.059
327.361
268.091
332.663
311.13
262.088
265.047
438.08
326.193
541.133
458.481
606.001
535.818
311.719
334.893
512.064
618.066
348.369
617.421
450.848
235.835
387.495
479.818
576.6
595.619
703.184
492.878
315.886
489.781
461.235
489.32
41.4849
35.4683
58.6941
65.3682
59.808
27.8568
65.7951
24.7386
54.6443
62.7694
25
35.5106
34
42.72
53.0094
22.0227
51.7397
62.9682
49.93
9.84886
208.022
293.973
216.391
307.717
314.56
217.002
292.171
301.841
318.115
276.147
269.904
233.566
294.532
293.859
229.177
244.297
273.651
338.541
279.27
343.77
322.188
273
276.147
427.155
315.774
530.164
448.286
595.626
527.61
300.975
323.839
501.327
610.942
342.243
608.138
444.087
228.974
378.356
472.144
568.251
589.584
693.831
481.898
309.026
479.118
453.516
483.401
25
26.9072
68.469
69.6419
47.634
42.9418
48.7955
56.7186
70.8308
18.6011
17.72
12.53
49.98
17.6918
51.0882
50.3587
46.8402
54.5711
31.7805
168.582
253.047
177.629
266.475
273.081
177.406
252.873
260.64
276.904
234.683
228.965
192.666
253.061
255.812
190.055
203.081
236.14
297.236
237.918
303.238
282
231.905
234.683
468.329
355.736
571.424
487.599
635.412
560.84
341.756
365.246
542.07
640.579
368.978
644.705
472.705
258.496
414.606
503.703
601.905
615.601
730.59
523.18
338.245
519.678
485.242
509.156
25.318
44.0114
44.643
26.4197
30.4138
29.1548
32.0624
45.8912
15.2643
7.28011
13.0384
25.0799
23.3238
33.2415
26.0192
29
29.6142
29.4109
175.285
263.23
183
282.652
287.336
184.391
259.017
271.93
288.196
249.393
239.27
202.98
267.591
259.771
196.041
214.646
239.309
308.992
250.14
312.083
289.995
248.767
249.393
453.247
338.108
556.597
468.882
617.197
537.894
325.712
351.525
525.647
616.497
344.471
623.424
448.47
234.71
393.315
480.202
579.111
590.902
709.398
508.496
314.25
502.872
461.806
484.451
54.5894
59.8164
50.9215
18.1108
54.1202
45
59.6406
34.2053
23.1948
25.632
44.2041
9.43398
58.4637
38.4187
25.4951
45.2769
50.6952
150.12
237.918
158.051
258.536
262.574
159.201
234.002
246.676
262.937
224.802
213.965
177.685
242.924
235.228
171
189.447
214.965
283.769
225
286.791
264.756
225.016
224.802
478.163
362.271
581.547
492.428
640.953
557.323
350.435
376.703
550.175
633.471
360.323
644.944
465.13
253.014
414.982
498.663
598.754
605.581
730.973
533.484
331.81
527.273
480.416
499.187
11.0454
38.0132
41.0366
42.0119
12.0416
8.06226
57.4282
51.0882
57.0351
22.8473
59.808
46.7547
18.1108
31.1448
15.8114
65.192
184.098
275.465
189.188
305.367
306.472
193.29
264.214
285.974
301.974
269.941
252.224
216.924
287.513
261.105
202.763
230.413
239.754
323.303
266.242
321.125
297.866
273.211
269.941
439.477
319.531
542.834
446.767
595.709
504.386
310.942
341.533
508.551
579.149
305.812
594.405
410.758
199.65
365.034
445.058
545.976
551.003
680.454
495.263
277.852
485.025
426.919
444.603
31.9531
48.6004
35.3412
14.8661
3.60555
56.1427
51.923
57.4891
20.0998
63.6318
39.4462
21.4009
38.833
15.2315
61.1882
194.366
285.554
199.685
314.078
315.748
203.571
274.876
295.88
311.926
278.959
262.208
226.738
296.651
271.974
213.244
240.033
250.647
333.216
275.879
331.549
308.367
281.571
278.959
429.076
309.584
532.463
437.403
586.298
497.643
300.568
330.801
498.52
573.844
301.033
586.451
405.571
193.21
356.808
438.85
539.129
546.957
672.503
484.831
272.029
475.076
420.611
440.511
50.01
4.47214
28.3196
34.9285
30.0167
32.0156
35.3836
16.4012
49.7393
9.84886
27.2947
43.7379
23.3452
30.0167
199.331
288.312
206.41
309.028
313.465
208.504
282.454
297.355
313.6
275.617
264.439
228.239
293.777
282.087
219.659
240.244
261.276
334.512
275.855
336.586
314.186
275.182
275.617
427.243
311.713
530.632
442.475
590.777
513.206
299.536
325.969
499.365
593.385
322.493
597.609
425.715
211.152
367.485
456.158
554.279
569.509
683.547
482.578
291.034
476.54
437.677
463.121
54.0833
34.1321
47.5079
44.2041
32.6497
37.4833
38.0789
26.9258
59.2115
28.6356
9.89949
36.2491
59.6825
149.933
239.885
156.627
265.656
267.935
159.138
232.622
249.538
265.707
230.825
216.206
180.278
248.652
232.078
169.956
193.003
211.287
286.833
228.817
287.383
264.741
232.998
230.825
474.51
356.629
577.956
485.412
634.218
545.422
346.273
374.429
545.223
619.749
346.152
635.009
451.32
240.682
405.406
486.042
587.008
590.593
721.062
530.08
318.751
522.009
467.923
484.285
32.6497
38.4708
30.6105
34.1321
36.8782
20.8087
52.3259
5.38516
31.7648
48.0521
27.6586
28.1603
203.089
291.822
210.288
311.747
316.481
212.25
286.342
300.746
317
278.548
267.918
231.683
296.744
286.142
223.504
243.559
265.37
337.867
279.12
340.262
317.932
277.771
278.548
424.124
309.071
527.486
440.114
588.308
512.25
296.557
322.596
496.505
593.062
322.605
595.99
425.541
210.772
365.876
455.495
553.249
569.741
681.898
479.402
290.739
473.753
436.982
463.389
14.7648
45.3982
39.2046
45.0999
12.0416
49.1935
37.8021
6.7082
24.5967
5
53.7122
181.915
272.694
187.747
299.787
301.877
191.133
263.336
282.733
298.839
264.887
249.195
213.506
282.668
261.276
201.246
226.55
240.102
320.062
262.393
319.324
296.339
267.097
264.887
441.616
322.932
545.047
451.356
600.193
512.51
313.209
342.476
511.704
588.537
315.569
601.154
420.23
208.06
371.436
453.689
553.994
561.253
687.204
497.293
286.812
488.381
435.46
454.82
58.0086
53.1507
58.8558
22.0227
63.9531
42.72
21.4709
37.6431
16.2788
63.7887
192.044
283.351
197.203
312.618
314.006
201.241
272.265
293.789
309.808
277.346
260.069
224.698
294.98
269.164
210.775
238.103
247.808
331.122
273.942
329.123
305.884
280.273
277.346
431.478
311.681
534.844
439.167
588.09
498.197
302.949
333.473
500.673
573.838
300.816
587.527
405.513
193.61
358.001
439.186
539.727
546.495
673.579
487.256
272.2
477.177
420.986
440.06
11.6619
9
36.0555
28.0179
32.5576
40.025
44.0454
42.0476
16.4924
183.025
269.156
191.442
284.543
290.642
192.003
267.187
277.188
293.466
252.353
245.098
208.753
270.692
269.032
204.198
219.672
248.918
313.982
254.788
318.831
297.204
250.108
252.353
450.318
337.251
553.488
469.026
616.883
542.86
323.514
347.559
523.788
623.398
352.427
626.224
455.728
241.151
396.141
486.05
583.853
599.361
712.093
505.273
321.048
501.327
467.549
492.952
6.08276
32.311
18.6815
37.5766
33.0151
33.2866
36.8782
27.8568
173.026
260.094
181.135
277.836
283.064
182.069
257.031
268.486
284.763
244.969
236.078
199.745
263.23
258.414
194.023
211.073
238.16
305.439
246.416
309.362
287.503
243.742
244.969
457.517
343.118
560.807
474.246
622.425
544.541
330.238
355.36
530.33
623.491
351.592
629.572
455.509
241.599
399.45
487.016
585.713
598.085
715.522
512.657
321.21
507.666
468.6
491.636
37.6431
19.0263
39.6611
39
38.9487
42.5793
25.318
174.026
260.231
182.464
276.279
282.078
183.003
258.194
268.328
284.607
243.846
236.178
199.832
262.162
260.102
195.208
210.829
240.027
305.159
246
309.855
288.21
241.969
243.846
458.704
345.099
561.92
476.592
624.604
548.525
331.714
356.14
531.93
628.065
356.452
632.851
460.179
246.01
402.732
491.272
589.628
603.096
718.766
513.726
325.738
509.386
472.822
496.654
46.0977
26.0768
11.4018
30.0666
7.2111
42.3792
187.92
277.959
194.366
302.167
305.315
197.132
270.254
287.543
303.727
267.899
254.262
218.289
285.871
269.017
207.762
230.868
248.008
324.821
266.648
325.394
302.671
268.927
267.899
436.497
319.127
539.942
448.644
597.298
513.919
308.326
336.364
507.506
591.714
319.476
600.79
423.608
210.205
370.799
455.821
555.244
565.836
686.813
492.042
289.558
484.393
437.477
459.384
56.0803
42.4853
33
48.5489
44.2832
155.013
241.549
163.441
259.422
264.428
164
239.169
249.852
266.13
226.374
217.518
181.177
244.616
241.133
176.182
192.419
221.118
286.782
227.741
290.991
269.268
225.471
226.374
476.135
361.382
579.441
492.205
640.515
560.016
348.769
374.04
548.796
637.385
364.664
646.37
469.158
256.205
416.29
501.855
601.333
610.447
732.364
531.3
335.394
526.072
483.53
504.013
37.1214
53.3667
32.8024
27.2029
207.87
296.339
215.188
315.412
320.47
217.018
291.247
305.138
321.4
282.45
272.406
236.14
300.683
291.208
228.37
247.879
270.474
342.218
283.381
344.948
322.692
281.301
282.45
420.088
305.591
523.417
436.94
585
510.714
292.693
318.284
492.758
592.271
322.374
593.667
424.947
209.995
363.588
454.314
551.623
569.619
679.535
475.299
290.028
470.09
435.764
463.321
19.6469
7.61577
49.7393
177.685
268.129
183.848
294.124
296.569
186.904
259.625
277.966
294.109
259.422
244.534
208.71
277.272
258.07
197.294
221.563
237.002
315.279
257.389
315.159
292.308
261.266
259.422
446.161
328.006
549.604
456.829
605.615
518.969
317.844
346.539
516.643
595.195
322.262
607.283
426.898
214.597
377.489
460.245
560.43
567.961
693.33
501.782
293.425
493.401
442
461.528
27.2029
58.1378
158.07
248.485
164.347
275.283
277.281
167.287
240.202
258.358
274.492
240.304
224.902
189.108
258.074
239.002
177.767
202.04
218.037
295.677
237.876
295.549
272.738
242.739
240.304
465.8
347.462
569.242
475.946
624.789
535.527
337.469
366.149
536.173
610.004
336.471
625.166
441.584
230.794
395.601
476.177
577.11
581.118
711.219
521.426
308.914
512.891
458.05
474.782
49.3964
185.154
275.683
191.212
301.677
304.179
194.373
266.925
285.554
301.692
267.017
252.105
216.301
284.875
265.153
204.678
229.172
244.033
322.87
265
322.616
299.723
268.764
267.017
438.6
320.39
542.042
449.245
598.021
512.06
310.266
339.094
509.032
588.84
316.166
599.981
420.609
207.87
370.135
453.538
553.48
562.169
686.023
494.232
286.901
485.787
435.259
455.721
199.123
284.586
207.697
297.881
304.803
208.06
283.346
292.33
308.6
266.372
260.509
224.183
284.763
285.408
220.384
234.776
265.345
328.976
269.676
334.54
313.078
263.154
266.372
437.001
325.53
540.005
457.962
605.37
536.202
310.813
333.654
511.165
618.819
349.407
617.373
451.708
236.647
387.505
480.388
576.933
596.693
703.105
491.737
316.708
488.943
461.79
490.422
91.7878
12.8062
138.698
130.832
9.21954
84.2912
103.446
118.962
100.955
69.4622
38.4187
114.978
89.1964
21.8403
54.2033
72.0694
140.431
87.2067
137.481
114.856
116.619
100.955
623.416
503.46
726.818
629.114
778.06
670.615
494.927
524.218
692.546
732.143
460.614
768.826
565.73
370.005
542.404
607.84
712.625
692.185
854.523
679.141
441.518
668.913
590.762
588.751
89.3588
77.1622
54.9181
82.7647
44
15.2315
27.8029
54.7083
24.0832
60.407
51.9711
67
76.2758
51.3517
75
49.0918
26.9072
52.1728
37.8021
81.4923
54.7083
714.281
594.98
817.72
720.902
869.847
759.605
585.903
614.169
784.016
817.515
548.126
859.463
652.491
460.822
633.767
696.233
801.609
774.406
945.011
769.91
530.906
760.464
679.462
672.593
142.888
132.654
12.0416
76.0592
102.201
117.047
105.546
68.7677
43.0813
118.152
78.5875
13.6015
58.6003
60.4152
138.438
88.6172
132.004
108.683
123.369
105.546
628.653
507.909
731.987
632.539
781.407
670.687
500.109
530.22
697.022
730.483
459.827
770.11
564.618
371.467
544.538
607.557
712.698
689.385
855.674
684.448
441.808
673.25
590.65
586.467
27.4591
132.076
121.103
63.9531
65.7951
37.8021
81.2527
100.404
26.4764
144.087
133.282
84.5991
149.857
67.9412
58.4637
104.307
105.948
35.5106
37.8021
734.804
620.733
837.876
750.809
899.444
804.628
607.99
631.457
808.159
869.506
596.858
899.005
702.38
501.176
670.216
742.807
846.568
830.67
985
789.615
575.539
785.491
725.364
726.887
123.069
98.5089
40.1995
38.8973
38.6394
65.5134
92.8493
20.2237
121.413
121.4
77.6209
129.757
41.1096
44.0454
76.8505
79.555
52.811
38.6394
740.557
624.44
843.868
753.151
902.039
800.999
613.001
638.201
812.692
862.866
591.427
897.715
696.561
499.064
669.944
738.466
842.998
822.015
983.582
795.72
571.819
789.68
721.294
719.095
75.5381
94.6678
110.059
94.5145
60.7454
31.7648
107.801
81.5414
14.4222
47.5079
65.4599
131.529
79.2086
128.265
105.683
111.629
94.5145
632.627
512.622
736.027
638.161
787.098
678.889
504.135
533.436
701.713
739.797
468.585
777.448
573.59
378.652
551.218
615.995
720.9
699.346
863.114
688.355
449.846
678.068
598.973
596.138
58.3095
64.846
95.2103
48.3735
70.4911
95.5249
23
63.0079
71.4213
35
81.9878
66.4831
60.7454
36.6197
121.758
95.2103
703.293
581.592
806.505
704.355
852.94
733.916
574.757
605.657
770.6
787.524
521.047
836.739
624.232
439.615
613.734
669.821
775.836
741.966
921.818
759.148
506.475
746.626
653.517
641.589
16.2788
47.3814
34
69.2604
40.3113
81.2219
89.4986
57.5587
90.1388
37.3363
24.7386
51.4782
44.1022
73.2462
47.3814
724.039
605.459
827.484
732.101
881.073
772.87
595.8
623.323
794.383
831.588
561.742
872.067
666.289
473.296
645.849
709.662
814.88
788.891
957.698
779.576
544.008
770.954
692.804
686.866
58.3095
49.7695
85.44
46.6905
86.8332
104.043
73.8241
98.8433
21.4709
40.1123
40.3113
40.7922
82.2192
58.3095
740.216
621.489
843.662
747.912
896.877
787.407
611.952
639.569
810.444
845.149
575.911
887.149
680.237
488.459
661.255
724.034
829.411
801.723
972.721
795.767
558.693
786.985
707.265
700.106
49.163
62.7694
18.4391
117.388
96.566
47.0106
119.206
71.8401
28.7924
98.0051
90.9065
26.8328
0
702.481
586.965
805.745
716.235
865.037
767.534
575.104
599.891
774.971
831.828
559.333
862.701
664.802
464.491
634.301
705.525
809.495
792.868
948.655
757.565
538.385
752.067
688.145
689.107
36.3456
54.8179
69.2892
56.5862
28.1603
70.0643
71.1758
22.8035
75.5381
57.9396
74.7329
49.163
690.69
571.749
794.135
698.169
847.138
739.365
562.368
590.356
760.727
799.036
528.592
838.193
633.344
439.396
611.864
676.302
781.376
757.222
923.853
746.283
510.405
737.245
659.367
654.716
76.5768
84.8528
36.1248
15.8114
75.8024
106.569
49.93
111.072
91.4112
80.5233
62.7694
654.782
536.317
758.228
663.392
812.368
708.179
526.541
554.196
725.192
770.437
498.655
805.459
603.876
406.669
578.296
645.617
750.18
730.602
891.256
710.327
479.009
701.804
628.449
627.152
118.423
107.912
60.8769
123.491
56.3649
32.0156
86.977
84.119
36.0555
18.4391
720.747
604.983
824.03
734.017
882.86
783.771
593.297
618.243
793.095
846.953
574.913
879.646
680.243
481.203
651.517
721.516
825.752
807.111
965.564
775.861
554.583
770.146
704.23
703.727
67.4166
89.0505
21.587
102.552
88.8426
75.743
53.2541
143.68
117.388
698.584
575.809
801.542
696.656
844.879
721.191
570.197
602.439
764.502
772.381
507.836
825.545
610.202
429.907
604.273
656.766
763.027
725.493
910.307
754.483
494.783
740.33
640.74
626.003
50.448
51.0392
125.363
77.4209
118.406
95.1262
116.297
96.566
642.234
521.51
745.574
646.079
794.936
683.428
513.693
543.722
710.623
742.463
472.258
783.236
576.886
384.678
557.883
620.169
725.436
700.746
868.758
698.026
454.657
686.848
603.332
598.141
83.5703
94.3663
35.8469
103.407
86.0349
65.9242
47.0106
667.271
549.482
770.702
677.124
826.085
723.409
539.189
566.149
738.205
786.08
514.149
820.232
619.426
421.514
592.756
660.961
765.404
746.385
906.071
722.721
494.223
714.927
643.747
642.889
116.812
92.0489
94.3663
70.7248
144.257
119.206
677.018
554.222
779.965
675.163
823.43
700.872
548.643
580.993
742.92
753.236
487.689
804.717
590.444
408.678
583.02
636.573
742.744
707.221
889.577
732.918
474.072
718.752
620.434
607.119
59.4138
39.2938
51.1957
92.1792
71.8401
761.318
642.795
864.761
769.344
918.311
808.6
633.103
660.462
831.719
865.794
596.932
908.547
701.128
509.883
682.719
745.151
850.6
821.872
994.101
816.835
579.959
808.29
728.426
720.55
75.6439
64.4438
55.5428
28.7924
702.983
585.325
806.406
712.926
861.892
757.778
574.952
601.664
774.032
818.952
547.768
855.374
652.798
456.571
628.208
695.045
799.786
777.97
941.159
758.4
528.648
750.766
677.956
675.077
24.1868
122.495
98.0051
760.6
639.86
863.956
763.781
912.513
794.643
632.066
661.696
828.966
847.59
581.708
897.402
684.72
500.009
673.989
730.514
836.558
801.167
982.52
816.375
567.208
805.146
714.239
701.402
117.201
90.9065
737.314
616.266
840.631
739.857
888.552
770.533
608.767
638.806
805.355
823.896
557.66
873.215
660.789
475.849
649.857
706.44
812.454
777.9
958.337
793.119
543.038
781.486
690.136
677.835
26.8328
700.154
586.842
803.134
717.441
865.911
774.724
573.621
596.561
773.886
841.908
568.546
867.5
674.248
470.549
638.243
713.474
816.594
804.915
953.538
754.852
545.932
751.349
695.845
700.437
702.481
586.965
805.745
716.235
865.037
767.534
575.104
599.891
774.971
831.828
559.333
862.701
664.802
464.491
634.301
705.525
809.495
792.868
948.655
757.565
538.385
752.067
688.145
689.107
126.016
103.446
94.6414
188.672
271.074
128.55
105.948
80.7217
383.016
305.498
264.047
305.12
294.727
169.145
271.825
288.849
419.762
332.677
55.9017
278.111
66.6408
261.84
360.827
226.736
133.869
279.873
261.084
32.0156
71.8679
189.114
368.989
204.502
307.631
241.665
170.294
105.119
231.424
293.82
383.02
390.203
181.177
168.885
165.496
215.128
299.152
139.09
124.403
290.658
231.897
207.099
54.0833
393.451
383.901
238.416
358.922
391.128
242.547
313.576
293.838
445.458
285.112
48.3322
363.149
76.1577
309.201
409.02
148.977
176.465
156.339
162.308
85.7963
288.392
246.662
182.362
222.272
270.845
106.212
182.099
195.133
326.474
260.509
114.551
229.872
63.1348
174.668
275.065
216.208
297.678
290.134
108.908
299.867
374.005
127.318
316.033
416.89
244.559
261.232
203.708
363.418
161.012
153.792
366.531
123.434
264.373
354.493
292.482
318.101
239.91
112.614
213.715
120.017
119.854
304.803
160.328
65.3911
42.0119
154.806
195.205
283.242
229.192
226.896
80.455
142.58
47.0106
200.352
400.844
229.617
334.524
272.677
181.077
137.131
263.427
324.513
414.904
415.751
184.391
191.784
178.37
247.073
329.971
185.27
429.141
275.409
344.651
311.681
226.753
171.479
296.594
346.435
449.307
421.783
158.777
238.304
166.883
281.469
369.39
345.701
332.002
201.487
304.844
346.578
190.877
259.933
246.629
394.548
260.45
50.01
313.18
25
255.225
355.179
274.007
176.641
168.443
382.294
264.94
143.003
99.6444
75.9539
213.216
391.556
302.352
335.386
161.608
147.299
323.892
105.759
115.209
141.354
148.95
255.368
247.348
406.144
350.091
42.2019
308.058
133.36
141.354
238.648
398.83
230.124
182.165
90.2497
245.839
86.0523
251.448
330.946
201.301
193.311
261.199
215.114
142.239
57
158.758
150.765
314.865
336.501
135.085
284.614
51.8652
57.7754
174.385
245.668
346.482
361.784
484.588
348.294
80.0625
321.622
227.403
256.32
126.321
196.825
278.342
316.082
209.774
124.064
166.76
110.318
199.905
106.55
152.83
260.256
296.233
167.657
241.847
18.7883
95.9635
159.806
156.895
293.307
271.183
237.489
122.319
173.003
288.877
436.835
282.846
380.648
168.024
106.452
309.401
415.524
266.663
273.543
328.283
326.038
56.356
289.214
389.616
288.543
149.913
178.466
235.934
336.269
100.419
