40
741.206
412.753
287.179
628.666
754.849
266.188
429.377
298.292
451.028
455.448
460.721
519.32
398.246
237.192
409.646
165.052
681.664
555.932
681.776
621.496
616.786
729.661
185.456
822.625
800.34
416.368
408.431
761.456
648.077
615.001
769.005
745.8
349.285
178.011
219.272
156.013
467.732
883.915
722.258
833.802
934.864
455.716
181.893
480.835
347.731
860.616
642.349
323.149
302.539
607.524
673.595
516.467
331.699
902.02
84.0952
508.86
241.76
353.272
596.088
306.374
650.249
118.87
400.232
394.507
632.994
253.144
604.293
139.542
117.686
330.121
417.404
616.774
778.523
793.545
558.348
166.769
19.105
251.796
930.894
930.476
442.503
660.875
149.188
214.311
516.236
664.127
881.8
163.783
408.579
564.564
486.519
812.089
883.564
656.507
543.253
377.068
660.038
570.246
863.065
678.26
442.164
785.919
966.628
996.235
695.437
800.485
661.844
448.068
319.714
194.517
566.404
297.513
919.224
816.168
906.577
988.648
466.922
675.788
108.674
421.22
615.023
696.011
806.465
356.786
428.434
617.007
277.218
892.136
838.954
808.184
712.733
602.326
831.986
472.612
991.564
872.995
550.594
695.339
1008.02
934.694
797.001
931.279
840.101
517.602
322.118
158.417
407.416
485.247
1051.86
915.92
311.04
489.311
281.539
881.002
818.123
505.339
299.267
196.977
812.36
522.319
401.628
741.54
375.133
92.7631
624.216
681.745
871.582
702.648
453.812
573.76
806.898
561
286.575
258.118
148.933
453.948
565.849
729.044
508.823
617.499
786.001
583.614
760.853
612.478
447.94
521.806
325.936
930.239
760.29
418.304
295.528
491.498
779.539
560.376
374.21
903.562
135.724
384.251
412.84
511.658
746.138
483.359
624.866
285.701
580.452
492.249
545.95
71.8401
457.665
264.66
299.107
508.139
485.631
667.192
840.274
771.021
682.188
312.162
184.402
220.384
412.565
345.326
191.971
231.897
467.702
327.756
38.6264
151.822
430.89
429.01
449.021
421.343
379.132
452.925
476.455
248.294
557.078
558.032
169.664
396.232
544.059
567.271
350.306
502.872
495.429
90.1998
145.602
320.112
358.469
310.923
618.445
461.741
630.667
536.795
234.828
47.1699
324.493
533.443
257.42
123.227
578.177
272.377
265.58
409.337
432.268
596.423
484.465
306.752
454.146
585.509
282.066
307.098
334.079
387.872
262.017
417.326
509.55
227.431
361.885
536.773
452.554
479.885
510.718
330.784
314.197
537.663
644.418
803.197
250.284
374.318
556.032
343.424
824.876
821.736
717.019
616.001
494.361
735.471
474.995
908.653
771.151
468.777
698.205
956.185
926.107
721.324
847.26
742.024
447.904
268.794
95.0474
442.676
381.938
967.971
841.97
343.21
526.599
813.022
64.7611
325.088
421.545
579.548
632.851
789.361
447.415
330.879
182.65
446.351
552.033
658.898
465.242
271.249
737.055
805.761
909.74
508.335
596.398
447.616
309.364
288.461
289.762
602.204
86.3308
712.926
625.863
206.603
555.676
361.614
218.277
114.285
620.494
295.894
500.009
229.732
207.461
366.344
289.085
426.058
378.382
378.588
74.3303
518.337
462.572
621.985
183.698
320.095
310.131
106.55
304.731
457.411
548.198
269.492
439.414
304.647
364.045
528.923
270.326
105.081
613.809
229.491
296.331
365.56
395.622
572.459
441.616
348.91
407.47
543.625
262.682
353.01
312.436
417.253
215.114
370.168
467.027
220.055
377.02
551.92
493.773
464.053
464.45
285.246
791.869
490.315
441.426
599.554
523.455
108.467
727.943
756.672
905.101
804.911
333.864
725.827
907.474
591.014
116.297
448.135
132.774
567.145
705.284
830.557
519.936
562.694
711.357
435.198
773.487
772.472
595.733
301.682
425.18
519.756
656.623
776.621
492.855
380.932
247.316
498.824
513.64
699.554
524.511
287.392
709.214
820.478
894.975
536.412
636.955
502.118
308.869
246.479
226.08
552.004
136.561
755.499
656.327
189.447
402.226
466.393
478.138
445.271
393.859
445.92
496.384
244.969
589.607
573.54
184.201
412.083
582.591
594.623
384.096
534.195
514.076
112.161
106.977
281.603
342.053
299.595
651.007
497.362
571.496
277.2
388.631
318.308
319.044
473.207
387.367
339.718
416.531
483.374
159.512
406.51
403.299
511.001
208.403
367.154
410.721
117.004
294.893
466.401
474.605
359.651
477.297
312.706
839.319
659.055
846.399
782.681
755.59
892.805
289.883
986.332
960.463
580.003
483.266
903.408
732.313
778.332
933.386
908.24
514.278
334.201
302.367
164.615
611.003
1047.52
883.204
425.312
280.713
376.033
610.902
354.244
578.308
202.549
454.676
370.13
550.136
199.123
523.054
129.553
191.024
379.816
377.023
570.622
738.649
723.25
552.479
250.288
73.2462
649.247
691.399
861.455
727.396
375.406
627.697
831.281
546.24
194.371
339.676
122.442
482.827
611.703
753.532
484.004
565.208
727.376
498.462
739.893
671.775
498.378
122.25
364.408
78.492
652.583
216.615
182.784
268.365
715.353
479.51
763.305
170.552
156.416
104.862
333.314
520.294
650.558
777.798
361.222
266.661
232.562
244.033
119.474
624.984
338.864
179.714
210.06
725.232
573.464
811.01
249.69
278.347
128.363
289.443
449.04
557.983
735.696
245.801
388.027
341.142
333.422
689.165
579.687
317.945
315.527
846.641
803.306
983.895
481.499
520.704
325.166
385.778
443.005
471.874
761.121
150.526
624.677
583.063
715.137
255.501
104.293
313.383
789.094
551.696
841.751
248.823
203.806
26.4008
386.529
561.228
676.755
834.885
362.745
293.859
299.933
748.974
802.263
417.253
223.987
618.361
463.01
543.949
703.996
736.003
336.027
267.301
386.846
146.349
540.545
808.171
632.406
330.151
441.128
747.674
357.234
722.532
208.255
62.6099
273.514
482.236
682.642
833.292
889.038
572.63
61.4003
130.188
389.566
888.144
650.077
945.975
353.001
288.901
77.9359
468
626.31
722.806
915.26
389.416
354.979
396.062
540.283
535.076
668.672
255.069
380.686
330.261
81.7435
251.956
392.237
525.694
202.072
501.278
376.315
514.782
249.07
567.48
718.025
813.591
462.705
470.617
608.434
318.904
707.116
799.746
618.632
400.045
324.089
370.621
576.828
518.745
689.406
864.171
762.955
730.557
381.568
254.568
594.503
713.249
868.052
605.776
676.642
832.896
567.972
861.757
761.363
596.091
160.056
275.224
280.617
481.184
640.07
682.087
426.175
269.258
121.248
224.611
425.215
624.82
772.906
841.601
510.154
120.739
119.887
405.288
575.543
685.999
853.863
365.591
308.234
324.304
200.818
362.215
448.576
255.994
543.531
398.418
175.111
318.201
292.74
743.84
597.706
371.941
340.701
893.516
759.664
610.712
948.958
775.426
626.598
542.21
181.497
