40
636.859
751.779
337.535
921.643
159.113
305.766
511.669
219.584
349.886
636.932
120.42
607.892
668.211
497.434
681.488
659.488
226.292
275.96
285.351
202.2
321.338
634.663
314.841
263.41
275.283
227.952
330.651
145.169
320.002
829.227
422.644
424.415
774.644
404.625
698.994
264.547
385.914
55.0091
423.236
746.282
964.77
886.111
489.001
843.133
854.603
595.09
661.98
839.939
526.409
471.529
859.935
554
965.207
40.5216
563.014
591.078
722.768
607.055
699.432
155.859
864.225
899.179
905.494
485.672
602.316
686.435
320.478
662.602
219.429
968.279
844.962
800.806
788.592
742.602
251.446
629.324
653.338
869.212
172.363
650.315
1055.76
410.567
916.911
420.837
246.272
752.211
274.869
237.002
266.648
373.269
786.453
526.061
476.624
528.75
552.254
472.451
598.84
669.012
918.308
846.476
551.755
422.888
646.469
711.984
190.602
723.044
698.504
114.215
471.552
111.803
569.548
668.367
698.863
339.201
1017.54
475.774
387.981
493.584
503.036
463.087
670.075
457.708
824.607
698.011
674.446
642.949
990.396
443.948
454.863
348.633
395.506
404.969
940.149
202.25
140.73
63.0317
499.316
489.624
291.046
654.597
1002.56
756.276
228.653
846.348
402.906
780.801
307.787
713.801
335.678
541.739
822.665
1224.35
536.106
1089.26
583.888
356.523
924.516
423.986
334.48
438.839
448.612
925.338
696.693
645.812
686.739
720.847
631.76
732.986
815.414
1077.06
1000.13
724.095
591.45
811.348
880.074
241.698
884.837
830.09
174.631
614.845
236.916
726.61
832.426
868.192
503.51
441.905
499.616
266.597
302.081
583.977
102.45
469.436
614.056
384.793
659.076
515.197
152.03
209.468
293.073
167.171
301.518
476.288
394.819
420.105
416.857
98.6154
258.768
205.973
188.138
700.928
284.93
505.455
693.035
406.005
617.308
294.496
238.372
140.73
354.249
774.741
249.884
644.389
922.43
350.657
908.736
953.579
803.2
943.765
854.337
531.753
579.142
558.057
503.621
605.476
883.318
508.112
247.37
343.001
528.096
633.07
418.628
533.16
1134.03
626.279
589.166
1072.15
666.363
997.355
525.304
614.033
357.174
722.166
725.762
205.244
180.236
576.014
490.594
205.973
334.248
170.496
892.558
349.721
296.387
226.318
335.336
199.161
753.781
294.16
578.17
488.199
425.466
262.482
368.664
655.966
580.582
722.114
294.002
361.621
108.849
306.08
251.73
660.513
459.004
202.475
547.932
836.675
165.124
724.215
867.563
651.227
893.949
605.007
404.283
461.525
500.522
398.246
529.873
646.548
529.218
383.294
441.584
365.17
515.14
364.111
294.73
960.518
380.916
635.447
957.131
620.634
881.15
483.001
376.628
268.151
611.557
289.057
388.542
372.839
320.128
214.394
357.405
698.516
150.053
93.2631
114.477
150.283
59.2115
576.709
276.306
498.222
431.936
221.219
59.8164
227.706
450.849
539.808
517.911
347.338
427.763
139.603
353.163
155.361
456.616
294.893
81.8352
675.708
406.857
31.305
285.939
140
880.005
434.431
376.431
364.742
439.323
317.805
715.003
468.441
744.64
659.637
492.751
325.214
504.591
705.819
430.986
750.521
474.065
181.893
269.742
135.093
400.031
689.162
581.997
230.471
568.945
706.321
487.083
740.97
546.425
241.481
299.341
356.253
241.748
377.191
540.875
422.121
374.433
395.224
200.552
351.979
236.019
206.155
802.219
308.65
533.604
792.249
475.218
716.311
346.883
279.122
141.524
448.415
418.862
162.505
545.202
511.775
396.234
371.28
483.009
439.582
431.464
326.435
648.111
830.924
784.237
380.927
335.722
548.639
474.023
239.019
464.54
717.722
375.281
491.139
325.596
521.346
416.112
563.848
310.757
306.544
137.884
900.154
464.941
406.989
395.779
470.409
349.085
732.069
496.811
774.517
688.75
522.188
355.37
535.836
733.273
425.329
775.872
498.648
160.639
299.127
125.419
430.8
714.75
613.27
260.094
414.363
594.079
272.2
232.562
327.576
307.363
273.593
432.453
490.689
694.874
638.727
286.603
186.893
412.438
453.045
336.788
479.15
556.051
326.172
328.637
255.501
367.448
420.058
447.224
148.277
1004.77
507.167
450.64
396.309
499.228
364.428
846.676
451.643
739.698
645.824
577.127
407.593
539.04
802.395
562.691
858.125
423.993
283.854
279.229
262.545
422.167
796.161
628.357
324.6
595.887
625.838
756.545
639.038
734.725
193.437
895.349
920.489
930.438
517.41
638.759
715.322
340.412
700.406
237.775
1000.47
885.407
836.949
829.113
775.25
276.827
654.719
691.717
58.0517
162.274
48.8365
155.081
507.694
304.554
435.133
396.213
81.8413
110.86
155.544
311.79
606.97
390.84
405.532
555.09
262.231
479.041
179.613
332.521
175.071
207.28
134.718
76.0592
110
521.591
294.09
463.155
412.976
129.12
54.9181
180.155
360.285
569.348
432.539
385.946
500.265
216.261
424.323
163.515
372.285
222.396
150.376
127.475
56.8595
656.294
165.68
390.41
318.976
243.797
149.215
143.279
469.911
654.058
552.642
251.382
523.353
120.15
451.55
41.2311
494.737
232.94
193.866
136.18
555.712
257.992
391.523
348.695
121.659
129.449
109.238
342.698
643.977
427.679
361.437
572.451
238.952
496.795
137.179
371.264
147.801
221.057
622.859
217.147
446.073
375.826
235.262
104.785
186.987
466.554
597.589
541.983
291.661
470.346
107.355
397.555
98.0867
482.037
266.908
137.058
811.488
896.314
885.268
441.616
519.481
650.696
352.06
507.001
274.235
907.483
701.704
715.8
650.13
683.036
270.224
613.975
551.69
288.461
194.618
378.652
314.841
190.234
582.74
809.495
676.175
111.772
644.102
200.664
578.789
130.729
623.318
280.608
349.677
100.17
469.971
508.737
283.134
580.086
1031.03
682.815
350.954
911.87
475.714
841.314
350.474
648.871
284.002
580.045
446.279
452.134
241
593.466
971.149
695.475
250.785
831.601
389.936
763.322
277.78
654.206
276.219
512.65
170.106
209.093
231.562
607.557
309.015
483.084
595.343
342.615
519.802
258.443
250.99
188.733
262.292
227.754
395.84
522.304
459.654
395.922
445.382
198.708
369.424
186.024
398.121
276.818
96.4624
394.088
749.096
489.933
301.811
654.698
260.655
580.588
119.419
439.877
97.6729
307.95
712.359
102.786
692.988
779.139
573.875
707.249
477.313
81.9085
320.67
479.767
695.935
855.538
298.158
622.656
300.148
695.117
651.353
781.054
460.99
784.992
801.998
648.787
734.011
564.543
61.9839
421.353
533.619
655.623
233.309
598.304
226.046
730.886
392.084
408.589
443.497
76.0592
562.02
744.342
720.059
351.411
378.419
142.941
588.511
352.841
180.499
490.902
675.392
644.492
275.857
508.434
215.149
235.091
378.164
471.641
368.658
