40
280.002
308.099
807.387
709.806
439.602
98.3107
250.38
506.906
564.448
478.553
176.479
921.132
791.313
687.073
690.837
740.259
829.69
274.233
284.016
433.24
784.159
289.43
432.807
191.846
678.358
392.475
614.884
462.952
68.4471
784.37
554.236
120.54
202.062
1011.27
622.961
559.072
567.972
525.255
660.252
550.033
863.649
847.326
719.336
220.095
344.42
264.025
424.242
271.662
211.783
846.691
982.7
833.394
829.456
647.569
744.163
48.0521
66.1211
492.26
712.127
453.706
663.69
90.6091
538.882
659.474
647.352
242.99
301.761
967.341
554.698
277.354
341.81
1177.6
844.846
737.361
683.422
795.932
598.003
635.947
463.108
309.298
330.711
274.235
705.556
651.749
648.605
353.412
879.141
494.825
433.721
445.018
742.717
811.006
560.365
574.474
355.179
757.127
169.956
125.607
476.414
741.535
140.577
504.219
648.028
256.32
493.357
497.194
273.542
235.019
725.003
315.905
286.944
369.049
270.681
644.832
256.02
927.521
745.209
563.876
804.301
574.282
725.069
688.591
404.349
469.337
285.414
261.4
430.695
414.132
904.461
924.379
382.279
373.101
530.554
581.233
852.808
554.91
734.374
217.375
752.272
740.082
432.234
317.8
692.11
605.743
486.773
553.336
402.045
266.987
795.82
371.953
719.084
675.811
506.164
867.356
680.237
788.79
642.62
641.489
225.621
33.541
18.9737
612.64
626.7
879.065
898.043
369.899
576.46
421.77
373.805
810.159
702.539
528.05
314.213
808.038
642.088
190.379
403.218
613.157
526.48
337.843
302.538
181.665
167.093
563.529
526.806
518.055
550.727
935.626
933.921
894.419
576.508
1188.38
664.47
686.132
703.53
1047.52
1118.82
709.441
716.353
662.876
1065.32
471.432
348.368
630.02
1033.29
193.424
812.416
885.287
434.425
679.06
805.532
488.492
497.756
900.571
464.001
538.858
663.001
198.95
950.916
181.497
418.446
466.267
384.232
79.0569
830.803
783.935
656.64
657.076
646.363
737.271
230.341
245.459
364.003
693.237
257.73
447.452
147.635
580.527
440.477
543.004
370.904
85.0059
772.493
473.206
64.5368
149.372
992.639
632.653
542.407
522.602
577.548
569.528
439.609
383.859
377.26
136.459
682.069
640.516
490.405
487.887
513.819
596.729
373.451
392.2
184.024
547.613
122.262
356.118
304.508
483.157
412.617
365.075
380.043
188.215
623.796
305.812
130.553
57.6281
833.479
518.649
394.852
346.598
544.905
424.948
247.427
79.9062
361.686
670.058
1047.39
863.378
852.297
474.318
566.52
304.385
314.86
500.277
550.113
561.345
795.721
344.501
336.341
836.316
594.3
61.0983
501.22
1023.95
490.344
450.018
470.664
1204.79
952.324
808.616
702.084
973.051
462.222
178.373
388.207
431.14
883.987
683.503
667.99
231.625
327.055
472.239
489.229
345.701
304.821
483.793
708.282
470.673
117.239
792.165
378.423
211.993
528.557
855.436
278.627
463.534
436.24
1009.94
829.617
664.831
525.96
919.42
216.317
318.126
608.317
971.796
785.464
773.946
409.591
504.216
317.593
331.91
423.178
483.182
497.133
732.165
338.423
280.303
782.996
514.475
34
462.796
947.646
410.534
405.927
414.162
1125.96
882.852
735.022
624.087
918.375
388.577
753.985
771.015
626.631
624.331
567.966
659.468
237.649
256.125
306.575
616.228
242.002
458.861
168.6
501.878
477.462
480.305
309.128
145.794
756.072
403.775
88.459
130.698
968.862
635.61
525.837
482.445
614.941
492.8
865.197
664.449
640.815
200.09
104.12
894.543
912.717
528.05
137.877
722.32
874.781
878.142
334.773
1008.32
384.606
642.247
866.714
828.686
385.467
802.826
739.035
885.692
910.124
737.836
569.818
1104.67
261.276
209.022
230.176
836.001
852.311
1006.72
1024.14
549.694
801.888
529.918
372.839
929.143
918.108
497.773
533.844
986.554
729.367
37.1618
614.044
719.462
642.403
237.918
201.435
245.668
358.23
475.218
747.296
24.1868
627.003
645.483
863.841
882.602
363.662
594.257
400.706
341.621
793.254
711.25
495.471
325.123
803.523
619.776
175.923
408.925
593.378
507.638
345.938
270.248
149.857
161.385
529.991
538.563
606.083
622.965
860.941
879.88
353.9
572.051
402.852
357.393
791.738
692.882
512.001
305.5
792.783
623.128
196.092
391.945
594.355
507.765
353.771
293.457
165.197
150.864
550.441
518.715
96.6282
695.52
713.488
388.928
78.2943
576.127
762.502
682.44
147.353
879.48
304.385
443.393
690.887
802.16
253.332
625.442
571.431
909.871
836.029
660.492
495.177
990.267
99.7447
792.102
810.098
456.011
55.0727
648.42
819.061
778.062
232.422
944.595
337.966
538.139
777.927
816.927
313.949
713.076
654.248
900.789
874.273
699.089
530.472
1048.77
171.82
19.9249
529.639
759.785
476.8
677.762
84.5044
586.707
662.544
688.972
287.946
306.4
992.782
598.078
292.072
364.314
1206.51
862.103
762.266
716.807
797.527
645.112
549.389
778.24
494.292
692.815
98.1122
603.16
674.248
708.896
301.529
319.462
1010.53
617.927
308.002
381.84
1224.93
877.907
779.965
736.066
808.599
664.027
402.449
194.281
378.054
472.451
409.099
490.667
181.728
440.114
368.592
524.691
142.948
314.358
232.297
707.628
484.103
320.295
203.039
602.876
290.172
595.52
764.055
741.124
225.63
890.192
283.478
516.71
730.729
766.834
259.933
666.408
604.937
858.207
820.03
644.698
476.246
993.807
123.907
235.032
400.041
571.641
310.292
362.684
501.423
221.163
516.467
337.006
193.598
112.486
734.926
397.508
285.895
279.732
435.643
479.588
594.781
784.893
155.271
490.408
736.101
378.107
374.414
509.44
386.595
331.145
606.541
190.371
192.208
321.014
230.054
662.771
587.721
578.176
640.722
314.035
221.923
916.47
556.252
210.877
288.09
1133.43
780.283
685.925
650.942
713.405
621.696
881.93
388.815
314.162
639.301
886.77
304.946
573.656
538.238
1018.86
887.843
716.369
562.723
1004.13
183.831
627.494
780.299
357.74
506.72
630.815
391.751
369.134
735.634
297.674
346.879
470.775
137.615
780.832
539.949
550.295
501.025
103.966
495.617
413.977
633.618
536.639
361.226
193.003
720.156
213.46
451.717
963.303
436.232
397.549
413.011
1145.69
891.475
747.543
642.343
916.559
420.595
721.094
493.949
65.9469
136.33
946.527
566.879
494.098
499.525
494.223
607.055
583.473
707.956
628.761
232.142
215.232
230.586
329.539
493.705
714.44
433.711
360.627
731.317
588.716
414.672
257.777
737.89
153.629
88.3233
928.364
570.032
477.895
462.327
529.367
542.595
845.62
505.12
398.177
374.108
504.216
482.446
439.141
452.429
504.621
708.057
836.543
175.684
343.804
280.071
738.661
168.861
393.971
563.447
545.202
400.106
890.674
