40
525.907
874.874
892.919
605.8
695.095
740.277
230.361
851.284
327.881
1017.6
144.156
411.964
915.784
870.316
604.282
462.196
384.169
591.38
518.792
919.663
718.892
661.671
409.005
817.296
541.587
129.808
620.464
808.204
346.655
785.43
888.588
447.394
447.162
375.089
692.293
145.097
677.148
537.448
749.064
643.619
428.165
189.156
175.514
330.938
409.497
715.322
336.095
492.264
430.308
425.206
457.564
469.847
609.765
479.004
160.524
394.771
362.25
405.475
305.334
349.126
305.531
525.29
259.586
583.342
342.546
343.284
530.487
488.93
432.908
362.399
304.926
437.138
203.983
515.268
510.756
93.7443
277.354
435.029
821.804
593.902
356.546
924.061
150.306
908.012
738.114
884.832
466.138
421.628
298.015
1234.58
429.001
615.442
293.743
997.923
600.614
913.77
294.496
481.176
131.867
902.668
824.285
307.683
896.38
577.887
162.339
413.011
429.944
928.011
506.187
511.613
965.128
198.457
736.495
462.465
537.532
276.568
167.108
828.739
574.04
763.705
303.106
832.141
595.756
31.305
137.233
1018.92
608.171
516.807
412.535
768.44
168.573
583.837
290.41
515.539
312.2
652.901
905.784
334.498
528.315
738.426
297.866
22.0907
518.693
725.634
632.096
224.183
920.371
453.635
493.077
152
262.177
485.671
424.005
901.679
320.755
488.925
478.774
602.85
568.814
613.325
486.371
660.307
316.512
583.541
240.751
454.588
125.447
529.2
485.186
697.976
124.004
692.592
527.797
202.425
692.869
662.725
548.738
546.041
226.645
609.066
332.405
548.767
698.733
100.717
403.838
239.677
584.11
697.298
505.099
324.711
605.389
517.769
307.717
355.028
742.505
557.955
314.428
414.03
492.23
229.976
326.264
320.861
403.864
463.609
376.364
740.727
338.001
303.488
645.031
431.567
286.848
442.217
453.26
541.133
82.2922
690.716
512.399
220.311
144.423
701.501
471.378
650.969
425.85
693.234
428.672
182.332
141.662
940.628
442.715
378.132
250.799
692.116
283.975
564.607
128.503
351.063
225.109
584.11
744.312
169.806
540.27
571.321
195.113
155.926
351.621
635.437
465.027
158.218
781.433
312.218
414.946
107.28
937.367
108.407
886.93
88.1419
506.573
856.258
842.2
389.514
569.225
325.576
630.571
291.94
813.709
521.391
660.567
446.077
837.44
334.432
354.141
629.325
621.691
502.155
801.639
830.102
506.179
228.114
482.545
607.774
126.905
738.832
383.192
676.905
938.666
875.487
885.664
441.929
563.753
439.141
1277.04
389.166
654.352
326.406
1052.6
735.272
1004.39
378.513
493.666
261.926
967.923
780.516
373.948
1000.28
523.436
281.144
552.378
431.282
976.781
476.539
616.224
958.908
208.06
808.965
578.524
794.997
184.383
528.242
792.67
792.618
344.449
592.801
292.971
619.216
191.69
731.777
413.663
628.955
446.198
809.905
226.153
443.549
603.757
515.476
551.746
773.251
767.48
511.38
120.748
511.752
539.727
235.213
733.719
292.5
612.128
919.62
818.753
319.038
440.291
956.381
848.043
639.065
670.773
724.743
142.415
464.901
551.928
713.667
613.686
611.389
1065.35
587.77
366.399
954.461
596.028
325.154
740.057
714.658
847.68
353.023
1001.88
737.328
504.008
335.477
446.978
857.952
831.118
474.437
507.119
316.242
591.707
374.724
834.88
585.601
636.974
403.686
807.939
403.368
266.047
601.489
680.342
425.837
773.249
831.159
458.052
304.547
418.57
617.508
88.3629
693.617
422.565
682.18
609.003
526.015
872.672
64.6607
290.338
204.284
677.956
687.449
726.116
311.642
119.821
426.945
622.852
360.089
265.53
767.534
142.801
400.476
583.507
79.0253
595.063
41.5933
467.377
517.406
267.686
502.398
488.669
124.615
1049.95
618.375
542.086
420.8
799.425
190.192
614.721
300.083
533.187
303.053
684.003
925.387
345.249
557.908
751.804
292.219
27.2029
532.911
756.059
646.224
253.712
946.261
453.882
523.699
180.544
1078.37
525.381
517.706
326.166
828.718
304.647
679.533
216.335
468.966
178.757
718.168
863.586
262.088
638.905
667.308
170.836
115.156
454.987
774.772
565.73
281
919.02
339.229
550.236
210.64
937.206
623.347
953.21
250.711
939.777
493.228
945.331
787.949
1126.47
366.284
733.674
926.963
600.171
888.185
1089.59
1028.13
853.947
307.859
855.423
802.079
464.037
1070.08
529.034
876.495
351.194
199.402
742.032
712.899
782.413
318.311
175.146
406.995
684.882
396.793
273.673
819.056
151.212
384.775
594.03
117.958
659.303
89.0449
501.081
574.625
233.343
559.611
513.887
329.879
401.882
535.763
441.553
337.8
178.844
517.751
334.253
427.242
310.886
496.729
377.465
481.274
515.198
244.902
323.289
293.138
308.462
404.605
446.891
218.073
368.458
726.227
531.024
693.609
122.642
188.215
227.108
642.667
558.659
83.006
705.413
342.584
197.851
397.217
145.014
650.932
245.491
342.463
673.205
118.406
487.483
336.204
695.167
279.475
705.137
577.754
884.731
117.388
635.126
690.948
390.355
724.44
848.024
777.475
644.61
83.9345
669.138
551.487
412.798
844.538
278.684
625.847
468.386
410.946
587.793
474.004
577.918
955.327
448.165
392.451
825.984
454.925
190.465
608.432
669.019
718.543
231.812
920.548
595.008
441.101
199.161
626.999
607.6
785.736
188.621
811.89
631.561
111
818.257
752.086
598.68
666.888
301.272
733.535
406.433
648.21
805.839
224.109
469.879
255.002
181.618
608.245
648.235
46.1411
622.521
454.028
144.755
275.772
238.872
637.653
350.538
241.868
723.132
194.003
442.119
220.839
409.821
512.987
394.975
212.144
647.714
241.68
377.041
506.474
66.888
496.928
137.481
360.647
485.026
292.754
384.506
392.311
784.827
784.985
208.125
765.325
557.561
36.8917
290.629
372.109
818.659
468.538
381.425
892.142
185.003
616.638
330.643
644.156
598.836
294.593
690.279
748.505
662.565
578.538
113.159
620.746
438.728
461.322
760.771
169.402
512.57
603.677
892.863
258.07
756.506
898.381
414.947
558.931
319.002
723.719
274.25
626.386
612.944
771.283
635.083
407.983
172.409
320.545
192.917
620.343
304.401
263.19
686.706
175.847
436.287
253.3
872.663
734.197
545.741
701.319
407.735
780.417
385.504
747.776
810.888
283.097
436.986
534.177
726.293
220.166
640.603
107.564
601.582
477.302
384.104
595.466
628.084
276.991
342.231
781.793
442.001
349.276
857.864
173.254
580.535
301.921
507.08
732.708
620.449
229.456
919.484
434.692
500.848
155.563
563.813
113.406
389.307
536.049
235.697
445.377
409.646
585.568
503.707
353.99
768.867
233.118
578.288
495.073
485.585
307.86
509.433
520.531
705.025
435.106
273.183
74.6324
771.596
500.992
770.222
604.003
412.942
347.731
