40
914.568
189.489
575.792
192.003
487.083
631.922
412.089
807.146
737.787
242.539
767.355
471.833
561.792
104.623
936.579
701.388
677.278
384.246
923.409
575.027
406.725
531.146
285.111
698.705
447.772
213.171
834.082
403.134
225.02
357.593
269.704
122.102
559.089
530.275
786.301
819.538
276.226
240.959
544.938
1000.02
872.214
794.116
766.689
293.682
585.796
256.704
466.96
924.689
489.804
697.553
540.348
965.865
191.063
230.853
361.354
865.936
95.901
588.6
598.021
958.775
871.831
261.008
1030.02
833.882
319.514
894.358
750.267
588.952
674.212
956.64
422.396
868.586
147.054
95.0368
886.583
780.388
390.662
459.827
205.905
407.922
739.122
432.783
848.225
732.83
112.699
755.275
421.701
555.745
270.74
1052.81
807.758
815.405
573.645
991.496
549.984
422.896
387.404
474.318
815.476
277.276
401.92
859.282
277.238
400.17
411.501
326.267
295.244
696.145
414.229
887.153
906.838
464.854
424.779
664.817
402.405
130.05
722.047
363.09
637.501
441.689
352.21
442.037
199.552
333.588
680.221
1001.68
771.596
867.219
898.284
820.685
283.621
352.295
114.215
814.3
805.911
250.082
728.278
608.664
182.631
671.206
428.696
427.07
697.316
771.28
46.0977
819.586
799.641
813.007
717.681
702.14
300.501
536.479
236.846
649.481
555.486
151.03
582.815
280.059
377.318
293.593
850.755
604.432
625.097
501.091
786.924
385.53
228.845
381.797
413.189
615.001
341.481
327.434
666.659
250.511
281
205.937
120.768
305.797
507.469
359.006
682.449
700.96
411.108
323.215
467.472
597.298
233.386
546.374
371.57
295.237
382.424
72.7186
228.079
591.151
885.059
649.696
739.138
782.742
723.719
189.362
222.407
192.338
703.331
681.746
281.514
617.56
529.419
158.079
554.032
299.047
304.03
605.178
641.656
107.042
702.636
688.758
703.631
601.908
573.352
373.419
320
440.778
680.074
477.545
524.71
405.765
675.752
314.302
69.5701
164.985
581.421
332.175
462.278
386.005
783.148
579.925
84.8764
821.94
540.201
388.392
690.248
457
344.308
416.587
665.277
147.122
704.313
155.029
201.884
594.269
486.73
97.3242
415.444
326.333
343.572
357.414
164.757
155
501.339
676.089
432.086
507.38
605.472
564.852
185
12.7279
411.34
543.261
458.26
452.134
463.35
429.849
318.277
382.488
81.8413
145.99
505.846
408.271
338.155
496.137
497.684
548.352
432.042
340.755
211.917
755.844
233.137
483.976
320.258
880.764
431.224
305.221
469.574
870.201
185.914
358.403
425.441
733.873
846.598
356.387
823.496
787.163
73.7564
690.155
697.665
450.87
540.675
878.309
464.152
640.744
283.693
222.11
857.981
739.282
396.141
627.921
38.4708
323.394
178.539
827.539
631.627
456.133
605.499
894.725
397.02
187.601
331.097
546.386
848.308
504.834
652.89
774.826
168.514
527.004
688.122
393.27
471.858
831.409
560.544
452.542
465.249
418.191
856.071
735.846
482.109
648.575
311.642
453.04
342.113
993.975
746.686
775.319
613.066
908.207
442.72
332.415
291.584
517.313
760.595
209.01
436.139
761.412
170.417
410.669
338.892
264.66
363.034
658.138
306.198
821.483
833.641
511.132
445.765
615.769
340.024
205.767
858.662
659.294
490.857
642.023
931.803
415.217
205.879
361.371
549.976
884.191
540.049
662.186
809.921
179.914
539.69
723.691
426.859
503.359
863.211
598.667
456.686
496.4
446.287
891.698
771.674
520.324
163.719
573.526
812.889
576.99
667.767
738.881
657.837
135.831
154.729
263.503
664.748
609.102
339.52
580.031
472.975
207.135
510.137
236.358
256.581
584.812
572.198
179.739
630.496
618.091
666.631
559.129
502.594
654.272
669.338
446.794
563.565
752.054
495.662
56.5155
157.305
419.068
694.955
486.129
503.24
616.655
312.059
370.277
533.7
231.251
300.376
659.755
487.297
328.247
487.915
466.064
700.846
582.897
410.001
968.554
744.025
697.098
320.545
983.588
671.477
497.374
632.9
222.302
734.48
542.22
175.727
913.315
506.262
228.464
438.717
355.711
26.2488
583.248
634.623
830.663
871.215
208.971
221.894
582.959
247.407
283.044
807.2
286.876
722.876
688.815
1076.16
834.621
238.516
1128.17
814.926
500.258
994.201
741.515
656.611
730.871
954.652
386.545
991.032
182.428
213.46
851.048
760.844
392.084
164.985
636.341
281.091
502.809
444.792
838.263
641.078
51.264
883.224
605.162
377.709
750.239
523.463
409.238
484.146
733.055
193.497
756.627
87.0517
144.309
655.93
551.327
162.111
525.29
431.49
619.865
519.249
917.73
552.005
114.856
939.513
536.493
541.424
813.606
468.633
459.635
513.175
681.165
119.403
845.111
220.368
293.757
568.57
482.926
167.296
913.531
789.94
608.482
882.336
99.7246
606.111
822.074
177.011
923.949
750.69
228.965
523.994
482.3
294.462
443.541
856.883
719.013
780.134
111.615
180.887
486.656
538.803
576.351
913.801
909.814
321.795
995.751
864.119
237.933
860.754
777.404
581.288
669.944
976.783
473.63
821.541
211.192
138.452
923.576
811.932
428.21
183.633
375.558
728.093
542.517
470.068
647.508
340.243
341.006
567.459
265.979
324.105
679.003
542.015
282.8
542.075
517.403
732.91
617.029
465.211
399.125
544.585
470.833
439.414
463.893
438.37
305.552
384.225
86.6487
143.126
502.508
419.363
326.676
508.836
510.115
549.287
433.85
352.466
791.952
867.978
141.873
707.086
710.826
131.685
662.035
462.313
437.959
652.905
813.727
93.9149
893.826
881.073
788.249
705.003
750.536
617.79
726.176
86.0349
894.54
660.328
161.276
463.816
410.02
196.492
454.634
771.699
726.846
781.722
17.4642
112.539
482.685
906.113
587.984
428.957
774.804
509.828
427.13
496.203
721.904
163.625
788.782
114.237
183.349
633.265
533.788
153.792
645.131
810.285
135.665
616.365
481.245
431.296
565.011
827.435
216.231
948.146
945.847
719.712
653.444
773.667
830.966
575.407
89.5545
385.561
326.659
153.808
428.805
685.736
692.087
741.312
86.6083
54.231
443.451
680.007
741.491
476.609
564.745
912.781
530.024
616.942
357.259
294.138
905.046
785.118
459.077
531.241
353.975
315.995
525.224
704.489
137
813.617
810.314
656.757
573.69
646.71
302.63
253.618
213.216
355.384
630.715
610.512
656.881
168.015
49.6488
361.354
90.0056
440.402
351.82
398.704
482.628
496.473
469.596
351.98
292.882
359.862
398.045
390.185
561.709
580.719
413.058
302.769
351.467
568.599
651.939
819.912
862.256
182.937
202.237
571.428
745.807
275.523
337.784
470.307
374.626
79.0759
808.614
792.748
770.029
676.61
678.841
74.8131
741.885
638.201
249.163
796.131
688.1
299.207
120.673
496.971
389.803
