80
228.965
376.48
325.467
929.114
771.695
97.2522
1018.89
561.63
188.13
582.983
936.056
846.532
685.719
827.416
445.405
336.81
877.097
1070.31
218.449
1059.11
738.751
291.414
944.762
781.31
641.022
726.275
217.279
706.264
677.8
858.33
988.138
278.891
595.928
816.417
490.743
913.703
366.751
879.969
376.671
647.927
1043.71
797.349
386.567
847.029
587.639
927.095
567.508
793.028
610.594
615.52
869.166
701.736
718.416
999.794
1069.21
236.381
1097.16
885.16
1013.21
235.257
184.024
891.918
233.976
225.204
662.415
1010.54
811.975
134.391
68.593
829.154
438.552
773.274
730.068
721.117
427.309
832.484
262.195
499.917
917.761
175.482
118.474
730.732
631.04
206.41
790.322
336.543
94.3716
356.149
707.648
643.183
502.539
603.327
276.725
246.418
687.841
855.047
108.467
837.884
548.977
295.244
739.016
577.806
486.385
498.567
111.198
480.133
497.393
672.075
780.652
124.535
459.309
631.915
298.412
684.954
137.786
672.991
262.408
419.005
821.894
573.334
277.563
640.497
365.662
724.4
351.628
582.495
470.455
492.016
673.547
531.898
506.333
771.001
850.979
43.9659
877.187
662.012
784.768
377.578
340.476
703.211
15.0333
172.534
482.827
781.601
588.711
98.1835
163.248
600.297
402.24
620.013
514.071
492.164
199.685
650.884
228.79
289.614
701.001
57.0088
558.144
692.446
377.154
664.172
282.179
189.789
230.417
581.065
472.547
327.086
458.53
352.626
179.109
512.922
798.857
276.342
765.677
373.858
289.007
707.729
407.07
318.453
410.001
279.415
344.804
523.918
496.795
744.207
265.166
301.896
641.938
122.931
562.896
121.165
642.312
387.737
318.925
748.193
501.009
403.268
471.717
219.939
699.618
193.08
549.409
545.265
579.25
499.937
569.043
475.383
648.238
787.213
205.973
807.803
588.933
657.408
444.681
424.662
702.911
182.472
340.872
307.688
662.331
441.865
245.247
308.162
482.321
548.523
669.395
472.37
381.849
112.641
663.861
393.6
295.286
541.793
614.056
668.192
321.1
702.926
289.601
142.948
265.228
619.668
527.664
384.079
503.508
319.595
185.973
569.72
813.514
220.538
785.688
430.725
279.079
713.449
462.177
372.207
433.111
223.573
385.315
508.979
553.73
751.884
213.965
351.103
633.515
179.939
599.742
96.6902
647.365
342.301
345
768.641
519.249
357.946
526.104
263.403
703.102
242.095
554.437
515.74
546.381
556.227
551.275
478.774
685.701
804.411
150.083
827.022
608.217
696.581
415.895
390.61
698.314
125.706
285.272
364.541
698.576
487.571
192.26
256.877
517.177
499.004
648.694
479.438
412.869
121.631
654.659
338.923
281.837
592.562
998.908
935.142
401.995
563.17
741.219
431.111
367.766
92.2822
251.177
266.13
785.754
625.815
76.5768
759.222
820.5
682.302
193.662
737.462
777.3
154.729
338.374
485.979
823.661
345.811
807.022
101.045
785.588
790.043
404.26
844.808
438.745
384.366
621.889
739.006
872.15
459.628
665.986
552.309
885.037
104.89
392.719
790.848
387.769
682.528
914.663
963.216
61.6604
857.756
654.976
411.311
725.782
753.578
719.951
582.818
392.747
928.712
929.297
859.656
735.133
881.334
277.051
434.416
259.731
802.036
862.2
388.856
1039.91
955
627.366
419.802
556.357
866.659
926.167
663.678
159.452
680.677
762.717
466.542
724.835
608.961
717.365
913.874
896.877
741.587
355.039
853.005
1005.13
522.92
566.559
572.525
906.353
925.093
372.109
870.388
954.376
514.883
566.485
655.881
193.794
1004.49
409.89
515.912
966.313
195.788
757.439
687.059
574.008
347.61
395.345
545.697
569.014
471.682
385.13
896.005
660.186
342.835
694.315
344.523
162.641
159.762
969.646
142.042
347.196
736.447
548.515
591.754
585.618
494.716
764.712
988.365
942.38
247.164
616.365
546.498
894.232
727.698
743.266
700.471
738.73
634.476
392.588
50.1597
376.942
579.273
589.713
186.317
515.485
402.443
871.249
985.5
513.928
208.751
558.022
903.846
848.558
700.954
806.787
367.706
383.11
889.41
1006.02
151.611
1000.91
750.198
364.005
874.374
783.095
670.854
681.893
149.412
682.136
598.352
872.523
918.552
211.287
633.176
736.87
498.663
879.466
336.155
810.856
288.002
610.708
986.324
744.731
296.446
846.414
571.071
855.037
558.037
727.135
521.096
523.011
877.091
618.431
654.547
964.816
1007.68
195.167
1037.32
830.545
980.541
332.024
281.028
813.396
205.01
137.612
679.574
973.635
792.774
140.943
107.075
794.326
341.33
684.834
669.21
685.42
402.121
751.708
166.973
439.332
907.108
480.208
845.485
437.924
83.2586
373.786
520.586
222.767
697.689
811.298
460.548
378.653
839.011
296
476.807
933.515
443.842
392.353
631.013
316
841.771
319.476
600.004
478.048
435.831
786.898
689.801
573.638
591.419
106.099
652.952
431.15
806.179
374.991
282.45
302.002
813.591
351.741
445.048
466.22
479.296
418.766
740.951
790.256
421.286
639.988
437.029
26.4008
341.585
791.176
328.162
269.364
9.48683
1106.57
1088.78
557.108
786.855
882.921
541.366
39.9625
241.868
885.246
951.645
191.23
950.859
712.927
406.728
300.123
591.754
590.235
907.627
577.087
246.546
413.793
143.544
402.179
472.258
430.686
342.527
232.142
461.286
554.631
524.864
363.676
502.195
443.762
567.001
425.756
419.344
490.417
168.404
366.227
223.707
276.147
550.245
463.026
308.519
508.915
372.048
305.007
374.835
205.08
360.181
333.996
115.248
485.907
236.814
343.735
458.373
194.124
417.465
228.037
267.24
355.816
402.796
523.353
327.3
193.541
457.564
517.61
325.65
542.242
325.652
476.439
700.498
669.828
426.142
328.964
403.476
427.693
463.949
335.386
434.687
498.759
291.062
492.703
431.654
190.589
185.973
170.883
395.005
427.619
105.342
468.509
407.578
762.242
658.402
499.525
646.042
370.951
180.278
690.334
937.41
179.011
915.666
551.589
204.414
826.458
593.19
462.8
568.335
180.768
528.252
591.069
672.09
867.253
213
424.463
724.765
302.662
741.873
208.741
760.227
349.125
483.153
899.145
649.389
363.688
659
406.041
812.971
382.46
668.672
563.746
583.721
681.479
626.139
592.278
827.937
931.292
133.54
955.982
738.562
839.231
288.64
256.035
795.231
108.683
234.047
476.861
840.401
629.88
67.9559
121.062
658.758
474.954
714.318
597.753
553.155
257.597
744.046
291.158
378.737
731.557
354.696
338.941
287.96
249.163
354.752
395.682
415.448
586.322
420.144
544.486
300.416
514.079
517.707
281.585
355.258
190.539
423.17
124.169
416.886
409.464
548.08
377.461
382.158
499.649
195.724
334.521
221.903
456.54
442.945
99.1615
526.522
287.851
455.281
327.825
51.5461
516.048
92.0217
368.665
498.207
544.303
386.535
468.54
306.198
420.476
570.246
363.16
587.429
371.238
431.742
675.056
653.76
544.059
354.452
473.753
286.503
433.472
236.053
448.761
515.123
252.448
609.663
572.512
291.44
152.109
156.525
522.98
510.883
234.968
359.288
323.011
452.294
148.718
624.393
729.809
416.581
391.778
758.208
314.636
413.005
851.893
427.43
330.492
561.755
242.396
761.006
236.535
544.787
431.15
427.968
707.008
618.231
535.178
510.381
30.8707
570.461
402.773
731.779
294.16
298.225
246.789
739.861
300.097
362.215
446.01
397.247
373.729
681.385
731.249
375.832
588.093
379.687
68.7677
358.022
709.222
353.001
237.422
77.1622
1023.85
1005.71
529.317
704.39
803.403
471.48
87.4586
167.523
802.297
868.703
111.162
880.527
668.411
348.827
219.203
508.815
553.795
829.739
501.575
208.387
186.553
197.132
693.653
554.066
98.4886
707.204
730.775
634.454
128.891
669.915
710.634
65.4905
289.111
404.638
733.933
258.312
721.044
109.005
722.787
699.042
354.731
765.705
356.013
333.384
531.272
667.888
779.896
371.131
617.234
478.114
792.764
23.0217
300.533
721.967
296.939
605.562
825.196
873.428
58.1893
772.2
572.805
377.414
676.027
664.569
674.372
517.943
364.299
859.796
856.951
785.306
646.991
791.025
212.615
400.431
186.29
717.513
778.977
321.069
947.629
870.961
546.26
336.823
465.288
788.001
835.135
572.001
131.883
304.113
617.867
374.733
191.755
800.562
601.54
738.66
58.5235
486.806
769.001
135.591
110.603
433.841
604.665
281.114
704.77
172.627
790.962
581.675
172.627
780.75
204.189
451.629
415.249
715.01
685.412
364.445
720.425
527.004
699.909
198.252
236.698
773.582
205.798
636.051
781.01
825.121
189.526
756.469
583.76
517.07
775.016
531.746
781.312
590.926
511.441
677.814
678.16
817.308
509.401
665.298
26.2488
538.436
285.871
563.415
620.327
406.021
853.366
860.34
563.761
368.022
357.851
804.048
715.508
511.735
305.013
574.669
593.742
295.549
513.316
669.003
443.938
267.619
716.048
514.044
188.404
413.185
226.982
672.007
126.254
553.263
305.131
525.656
624.414
469.554
580.246
373.526
148.061
470.894
473.355
674.633
227.669
426.184
286.252
685.161
174.748
240.11
526.209
266.852
417.085
673.085
722.897
254.788
602.462
394.726
215.411
483.741
612.181
485.309
320.861
214.255
893.98
879.755
593.527
602.516
721.224
322.865
235.78
19.105
693.077
758.995
124.193
835.223
695.945
365.805
167.538
404.695
601.766
755.5
447.866
131.034
501.224
768.22
645.975
227.706
650.54
644.286
570.07
508.6
635.825
648.834
382.259
228.569
454.472
232.407
760.342
553.249
169.594
646.721
371.012
441.322
595.276
231.482
446.542
109.895
347.223
637.699
414.812
116
682.003
396.84
488.226
415.077
368.067
197.162
227.035
740.821
259.394
301.264
673.297
651.59
239.169
683.626
491.635
695.152
643.944
601.063
446.723
262.269
232.131
607.843
676.007
567.332
353.085
400.146
514.918
260.572
343.431
322.121
415.249
267.03
387.253
230.79
126.811
700.006
564.32
975.351
350.664
938.806
432.261
122.332
886.797
492.603
310.387
582.818
352.943
495.631
694.678
543.033
923.049
369.671
260.256
817.389
220.273
715.589
282.434
821.416
506.885
490.601
921.035
676.457
522.304
560.262
371.587
878.709
332.962
728.518
698.325
726.23
564.199
737.245
654.404
798.401
962.281
290.271
981.412
763.289
803.667
306.511
303.516
880.248
260.768
410.573
349.125
814.794
575.379
246.077
281.801
640.052
647.621
834.44
651.427
547.154
291.204
838.88
468.027
466.804
651.217
803.947
782.522
730.003
139.216
672.394
809.111
135.591
267.591
500.024
785.678
349.704
811.631
24.6982
821.19
756.719
332.701
861.424
390.749
429.042
588.09
766.03
848.147
459.88
713.018
575.897
861.734
120.839
371.381
820.33
357.962
702.385
910.018
957.395
41.1096
863.146
667.127
466.901
772.166
713.952
769.287
616.397
451.116
863.904
866.942
882.735
693.514
844.957
216.187
490.087
284.738
753.329
811.311
419.549
1016.77
963.235
641.314
431.567
524.985
883.903
892.418
650.416
214.002
856.207
83.7257
774.969
1087.62
153.942
700.646
901.02
395.79
858.021
525.13
443.068
816.199
113.071
795.438
945.78
336.086
781.369
375.453
729.32
203.185
748.637
487.647
96.2081
299.301
748.772
684.237
623.732
182.464
668.746
279.014
581.592
620.278
762.85
454.793
352.051
360.185
38.6005
836.207
68.9638
216.002
386.005
1225.1
1193.15
275.879
845.442
875.491
813.489
339.436
527.911
951.742
1012.59
396.168
841.647
476.127
341.119
446.161
692.633
339.024
876.304
570.411
600.051
849.605
644.86
381.589
727.456
666.082
592.278
532.004
3.16228
543.033
460.001
768.147
771.169
60.959
567.212
598.465
397.936
732.918
201.4
663.121
175.923
464.123
834.914
593.189
189.32
725.916
440.109
709.245
434.388
577.721
403.927
416.803
765.33
485.968
504.288
817.656
857.03
70.4557
886.306
678.935
834.411
421.855
376.591
673.671
96.8969
64.8151
583.257
825.635
656.195
136.444
173.566
647.837
297.294
563.032
518.166
539.083
268.844
614.941
120.341
287.946
776.449
709.355
1054.41
201.921
632.295
842.141
356.09
851.663
469.946
467.133
743.356
172.177
789.638
890.125
378.803
736.587
301.106
706.967
231.002
757.145
448.208
18.3848
266.603
759.006
611.433
577.294
230.931
621.544
285.049
611.216
653.6
689.018
487.263
349.585
278.469
45.6946
823.033
43.382
177.485
303.595
1200.75
1171.59
329.971
829.451
874.783
753.236
257.179
459.674
935.733
998.614
332.688
864.095
523.78
332.006
397.283
664.058
386.214
881.069
561.659
522.855
545.147
754.157
84.8764
161.722
424.199
648.01
268.328
712.904
123.309
773.187
621.151
226.603
779.542
251.543
415.531
452.982
703.31
718.205
364.523
691.333
512.851
732.263
142.201
251.454
760.876
229.316
628.882
798.448
844.085
132.185
764.788
582.18
475.405
747.533
575.858
751.373
570.126
467.492
736.025
735.774
811.001
554.907
707.791
84.7703
497.437
250.577
614.238
672.626
378.803
886.804
867.64
559.883
356.091
391.9
802.667
756.302
532.139
251.766
992.102
610.017
409.24
698.445
383.051
617.207
780.67
650
1029.99
417.203
350.366
909.489
342.603
837.327
373.251
926.121
553.521
606.768
1036.85
790.016
568.032
677.445
492.563
982.11
454.802
833.13
765.355
787.163
675.849
819.466
757.683
920.433
1076.22
337.001
1096.66
877.871
925.916
191.51
199.832
976.068
310.195
431.264
460.692
936.641
697.66
250.96
257.078
760.992
673.233
911.759
757.481
666.096
396.35
930.041
486.576
557.646
771.236
690.036
859.538
337.004
728.984
488.083
293.743
817.094
45.1774
666.528
895.764
182.275
711.734
402.548
622.776
66.2873
606.644
420.117
200.744
242.019
605.437
688.571
562.601
29.2746
607.415
159.013
428.823
466.623
768.6
301.717
235.002
419.977
176.556
715.354
213.677
194.641
448.769
1115.01
1079.47
128.082
728.023
740.501
777.371
404.432
524.389
833.022
890.767
389.853
690.652
324.211
235.372
401.011
596.584
186.454
736.376
449.539
624.158
244.675
369.969
669.242
216.453
676.736
134.332
705.999
635.321
308.099
730.721
291.043
334.942
467.171
642.879
719.312
324.785
614.496
451.668
732.47
67.6831
239.985
698.965
233.054
574.275
774.517
822.01
105
728.357
534.966
391.625
671.763
599.554
673.713
501.294
383.005
798.917
794.687
755.89
581.723
726.694
160.206
413.879
172.838
652.077
713.674
306.007
887.514
829.026
510.13
301.04
401.659
753.463
771.446
516.294
169.452
522.533
595.262
376.545
766.375
243.994
884.375
583.518
66.1891
854.906
208.087
559.914
427.3
802.524
701.387
444.136
823.811
618.859
716.626
303.758
304.685
861.795
264.038
719.118
826.318
867.167
278.512
817.162
660.64
627.095
877.048
521.947
885.122
688.368
621.895
600.204
607.139
897.748
496.004
657.092
90.3549
648.267
394.656
530.066
579.828
509.825
865.43
921.561
643.796
460.331
381.811
878.237
711.129
556.742
413.299
534.575
155.978
326.455
503.168
363.05
476.831
559.823
361.403
385.747
213.038
362.218
281.215
490.295
92.358
338.435
98.3717
497.966
385.188
229.582
340.013
274.804
204.971
450.894
500.992
462.067
375.48
169.027
292.207
380.116
491.634
398.6
180.945
313.129
849.001
822.601
387.093
492.411
571.319
441.005
296.953
228.429
596.487
661.777
135.059
638.263
469.793
141.662
68.9493
312.046
383.928
593.028
261.192
357.459
546.023
460.922
771.298
772.739
62.6259
570.07
599.428
401.045
735.68
204.519
664.713
175.263
466.905
837.004
595.484
188.521
729.068
443.218
710.685
437.54
579.473
403.868
416.371
768.492
486.597
506.142
820.386
858.959
73.4983
888.299
681.144
837.186
421.886
376.427
674.721
99.7647
61.8466
586.366
828.322
659.219
137.233
173.22
650.607
295.178
563.238
520.156
541.867
271.958
615.822
117.593
290.016
779.539
462.8
350.664
509.943
498.162
420.9
514.748
278.614
220.204
345.984
435.437
551.531
114.11
451.563
246.073
562.595
241.423
125.718
493.465
162.856
360.893
569.365
618.256
313.766
514.062
318.555
304.332
502.558
487.177
513.281
311.827
312.623
787.353
769.324
543.038
478.6
594.972
290.878
319.681
115.122
571.909
638.168
146.219
714.37
613.58
294.151
87.8237
280.631
537.611
629.496
328.299
245.687
810.778
338.824
401.07
782.366
138.683
575.022
513.951
412.317
240.402
318.449
351.979
458.215
298.931
315.412
703.563
468.334
269.229
504.073
191.05
146.342
193.018
776.462
51.8845
165.218
573.65
456.991
464.656
492.468
344.006
600.554
872.092
830.838
215.077
484.019
461.25
703.069
568.595
553.665
581.653
631.672
452.712
398.799
155.666
196.105
388.388
415.001
155.081
449.539
228.709
683.908
830.398
743.845
308.804
864.367
374.156
442.254
575.423
772.528
838.075
458.803
726.176
581.784
851.864
132
363.849
827.532
347.697
706.697
906.023
952.956
56.921
862.453
669.041
483.426
785.016
699.167
783.127
625.374
468.585
841.494
845.199
887.746
678.136
831
196.237
506.57
293.125
735.675
792.934
428.431
1006.75
963.309
643.884
434.373
513.3
887.014
879.222
644.184
231.89
710.218
922.87
224.154
743.196
405.216
662.375
108.19
651.718
449.494
174.485
265.59
650.573
700.361
591.328
71.0634
636.418
198.6
472.933
509.927
780.357
345.743
275
413.27
140.431
757.813
177.124
205.061
441.548
1155.89
1120.98
162.997
769.896
785.016
800.562
395.942
537.294
875.229
933.535
401.968
735.313
363.067
272.523
424.185
633.861
226.142
781.346
491.547
629.927
565.029
539.233
381.435
680.944
168.671
602.164
137.873
413.04
775.104
534.813
153.056
692.568
402.616
648.417
402.275
516.853
353.617
371.135
736.892
428.893
443.615
764.956
796.553
80.895
826.057
619.865
782.628
475.195
431.654
614.007
109.659
97
565.354
772.109
612.565
185
230.671
596.125
285.272
509.46
457.93
487.887
233.754
556.141
136.125
228.178
736.346
878.85
209.096
614.509
418.502
836.641
689.569
476.424
871.745
657.578
705.073
368.803
334.093
896.157
290.291
750.411
831.229
869.692
344.616
832.135
688
684.635
923.434
497.805
933.351
731.205
680.814
540.059
549.684
926.005
470.316
631.735
149.335
705.309
450.708
492.391
537.573
559.558
849.745
936.178
673.541
501.079
381.792
902.065
687.331
564.734
477.356
677.012
505.799
537.247
151.822
455.013
416.454
374.339
296.731
450.895
745.827
550.447
153.639
591.159
164.295
252.771
286.714
823.326
127.142
197.408
547.658
358.022
600.843
395.062
304.278
576.356
1008.22
967.8
77.4661
618.971
599.621
783.105
537.276
585.163
718.449
769.647
463.876
517.424
146.031
220.617
430.026
530.024
23.3452
586.101
352.024
705.612
497.277
220.102
649.327
494.291
294.885
718.418
483.473
509.405
357.56
159.477
708.611
116.516
559.33
622.641
661.92
379.459
624.239
491.798
579.092
764.181
327.886
779.808
565.73
583.689
522.212
511.682
728.815
305.221
462.05
185.321
596.029
355.237
363.497
423.533
424.549
659.734
728.007
481.116
339.536
174.471
700
513.386
355.643
438.037
547.417
375.41
703.028
268.896
284.002
216.134
710.904
310.363
345.637
420.174
382.628
343.782
650.54
700.396
388.012
557.374
348.834
86.1626
343.146
685.254
341.07
210.509
101.71
1006.8
987.446
501.677
681.261
777.078
469.574
99.5691
165.846
780.314
846.683
85.1469
850.779
638.205
317.97
194.054
486.921
524.675
802.437
473.128
226.062
556.511
274.221
281.261
690.498
440.832
289.386
525.547
238.768
611.128
234.335
464.01
424.605
458.102
568.31
454.943
387.783
633.404
722.663
141.287
747.24
529.967
647.521
495.782
464.763
602.881
133.929
259.887
400.281
643.852
457.246
234.787
300.674
462.65
439.966
553.13
391.012
354.401
67.4759
558.252
304.631
185.324
575.355
546.934
360.228
224.722
191.23
546.531
646.381
502.715
59.5399
547.165
93.0215
381.698
422.995
726.069
256.564
168.76
405.844
216.91
649.74
252.872
165.424
434.829
1048.8
1013.42
126.732
662.091
677.868
722.117
393.249
481.981
767.261
825.383
350.201
639.201
297.8
170.3
347.667
530.891
163.783
675.71
383.642
590.008
448.951
744.799
524.681
15.6525
770.112
479.53
584.378
490.408
473.001
233.927
241.814
823.712
332.773
409
782.023
756.233
218.689
789.079
600.828
803.421
594.96
547.973
532.353
247.524
151.611
672.182
785.184
665.977
312.349
344.511
621.619
168.68
397.062
430.986
519.512
327.567
468.107
131.137
230.586
796.919
430.46
188.788
458.89
354.993
142.555
419.753
187.299
275.007
455.268
504.148
425.417
403.655
219.317
354.109
472.451
416.944
490.832
273.271
370.297
760.308
735.511
454.235
414.334
509.652
367.838
363.369
221.382
515.861
581.898
183.763
607.791
504.972
200.105
74.9667
225.568
439.724
538.059
220.429
355.135
249.834
746.943
594.215
559.094
229.314
603.305
273.827
603.017
646.094
672.003
480.001
336.482
264.093
60.0167
807.521
61.7414
160.639
289.8
1183.89
1155.01
328.672
813.6
860.898
734.94
243.239
441.808
919.822
982.908
314.428
854.097
519.905
317.972
379.057
647.012
382.786
868.002
546.996
506.574
529.759
457
327.941
248.073
373.162
132.439
438.953
488.27
536.288
341.344
135.03
275.786
286.204
560.986
307.774
89.1964
302.101
934.148
905.196
307.548
565.553
625.05
535.681
272.683
293.232
671.452
735.256
167.2
657.304
423.292
104.809
159.113
397.646
317.405
639.135
308.084
409.207
782.739
492.571
582.681
504.168
474.368
224.662
230.08
836.985
327.397
411.874
789.253
757.154
233.773
790.342
604.643
810.987
606.848
559.483
528.334
262.711
161.385
686.866
792.006
676.794
325.744
356.288
630.013
155.081
388.444
434.633
528.787
342.066
463.35
135.882
239.535
808.149
291.77
700.172
291.529
585.099
809.862
858.364
80.05
754.534
553.751
354.949
653.019
660.529
651.356
495.61
342.257
866.533
862.36
764.385
643.786
785.433
223.886
377.927
164.469
716.955
779.164
298.839
937.363
852.679
526.849
317.855
458.996
768.016
828.517
559.29
112.201
562.25
45.2217
416.434
547.179
592.639
344.746
519.951
356.025
430.043
605.538
378.529
620.556
407.766
438.071
661.642
643.991
593.485
366.067
497.161
234.957
445.189
224.357
453.415
519.143
268.486
647.58
623.978
340
180.094
171.292
573.788
538.043
281.043
336.786
606.704
150.546
401.92
438.912
780.08
274.722
224.555
441.889
205.789
699.466
242.909
210.238
470.805
1101.23
1064.82
99.368
713.057
720.347
781.016
427.13
535.721
817.442
874.223
402.274
664.606
294.978
228.659
405.834
587.784
157.258
714.617
434.815
639.414
460.185
575.265
619.337
335.418
555.325
398.212
465.691
650.256
369.412
664.85
452.754
471.916
628.182
612.968
636.079
353.836
494.144
200.36
481.857
249.65
434.256
498.931
308.328
659.082
659.656
383.256
224.27
168.618
614.472
538.399
305.984
350.571
337.337
383.818
663.531
223.946
76.4003
392.421
283.551
560.736
316.078
154.402
420.482
957.311
922.644
182.148
571.974
596.567
641.363
384.708
422.83
677.658
736.892
299.613
581.103
295.114
78.339
273.761
437.888
185.068
598.82
294.156
541.489
50.1199
877.83
127.201
303.942
714.738
598.429
430.345
634.559
489.624
740.927
825.754
779.91
327.808
455.642
385.507
774.882
710.98
670.8
537.944
576.279
583.222
264.796
164.195
334.253
505.562
449.704
259.002
358.063
270.237
803.971
925.648
166.433
353.244
764.007
638.847
450.321
675.332
537.018
790.34
836.754
789.554
358.745
477.026
390.866
818.214
759.939
720.442
552.731
586.251
633.331
238.891
176.182
383.694
555.36
487.936
289.721
356.899
313.413
853.732
827.8
629.851
427
731.116
697.672
728.395
575.647
411.83
867.073
867.666
843.432
678.428
826.896
215.39
450.166
244.364
742.954
802.524
378.889
992.057
927.186
603.598
393.954
503.779
845.688
872.935
621.109
175
210.602
613.588
472.573
496.924
508.98
378.344
641.037
903.168
860.456
203.868
518.037
480.82
754.577
607.243
603.381
612.265
659.14
499.231
390.923
104.403
241.224
438.567
461.677
136.653
463.22
274.066
732.793
410.8
353.307
485.207
383.885
194.743
437.104
880.918
846.362
238.019
495.949
525.952
586.758
407.241
397.152
601.798
661.508
288.64
529.5
301.219
30.8869
235.983
363.325
220.601
531.541
218.753
524.073
323.761
770.873
312.527
243.43
29
1091.63
1072.88
532.015
767.2
860.722
537.033
23.1948
234.438
866.456
932.819
170.792
925.748
686.68
380.548
279.53
573.079
564.401
884.625
553.399
253.551
833.969
37.1214
199.181
349.116
1217.97
1187.31
302.676
841.908
879.046
788.777
302.643
498.931
948.313
1010.16
369.287
855.666
500.764
339.229
426.392
683.006
363.006
882.362
569.731
566.404
861.4
648.79
786.06
407.483
367.3
673.532
29.5466
135.207
513.179
780.288
598.481
118.224
176.389
600.171
359.205
582.454
495.262
491.343
208.002
619.12
189.636
266.58
715.294
219
336.244
1241.68
1211.99
339.648
868.484
909.82
796.096
290.45
501.328
974.85
1037.3
375.474
890.906
537.886
368.144
440.581
705.42
400.126
914.4
598.532
560.558
272.2
1023.29
994.388
292.099
654.011
708.308
602.224
233.238
332.254
760.066
823.584
196.957
724.106
444.707
170.038
230.532
486.59
321.014
719.434
391.959
429.635
1099.46
1081.94
561.014
781.445
878.786
532.302
46.6154
233.345
879.459
945.865
186.593
949.005
715.003
406.677
295.357
585.977
593.206
903.993
574.001
237.118
51.6236
1080.37
389.817
448.198
651.771
1106.35
876.124
290.904
250.569
926.922
673.09
984.324
886.143
826.002
537.264
1026.6
492.544
666.547
957.357
1040.81
351.81
399.805
652.449
1086.8
862.311
249.359
203.652
906.201
622.29
939.619
852.951
803.212
510.633
985.707
442.815
630.079
949.321
690.626
676.327
821.864
518.808
600.78
791.511
843.976
472.07
592.575
201.301
254.136
455.808
590.339
69.0797
663.464
418.868
713.482
161.524
490.159
777.412
588.215
106.405
169.812
596.418
388.614
605.642
504.346
487.976
197.99
637.777
217.111
278.485
702.182
647.341
867.421
709.214
180.488
198.338
692.407
242.043
548.606
542.926
584.408
326.696
614.239
57.4543
316.967
832.141
558.099
304.311
541.341
597.438
420.63
839.598
858.735
567.842
376.586
345.068
806.439
698.33
504.906
329.612
254.702
877.599
943.891
181.747
926.46
677.764
377.403
289.456
584.577
553.399
889.98
557.738
276.742
677.709
743.492
135.34
827.72
698.19
368.803
165.849
390.678
606.954
744.442
440.655
133.959
66.4078
696.003
422.309
694.441
610.627
588.392
293.493
736.431
235.637
383.693
784.792
762.329
431.459
736.387
671.617
654.618
359.894
786.753
246.1
442.793
849.23
772.506
587.105
258.157
108.908
402.852
484.605
718.585
391.152
242.128
414.802
556.058
675.161
495.698
523.688
187.11
387.382
960.046
330.438
535.202
563.69
137.819
522.258
375.729
825.073
209.747
361.471
243.46
551.153
230.532
494.636
296.056
452.642
612.013
289.277
298.424
552.123
369.855
187.963
507.909
598.97
372.937
726.551
333.264
870.168
573.573
