80
704.271
542.905
685.309
614.271
836.757
850.276
1087.58
580.82
209.476
331.545
805.497
473.846
476.642
209.976
964.084
791.344
516.733
254.692
1065.04
105.929
588.172
569.123
816.031
800.211
339.89
815.138
486.153
933.957
42.9535
88.0057
538.925
793.282
994.085
347.973
981.035
845.378
1079.01
589.479
361.234
766.74
1004.25
772.622
702.411
1171.09
154.003
396.693
911.976
381.147
720.923
645.611
577.529
676.805
926.286
150.625
666.562
121.066
547.033
648.457
535.448
535.649
724.017
110.766
1169.83
709.042
714.53
534.791
640.479
556.651
964.51
502.245
746.86
707.181
308.598
642.041
255.055
338.189
587.929
73.7564
314.162
987.077
544.255
450.122
899.705
1099.45
864.299
541.303
792.738
923.046
199.111
482.785
504.366
858.024
849.148
204.919
874.397
722.798
899.067
738.14
925.897
459.811
172.003
522.75
934.71
184.448
362.262
817.301
701.772
791.577
282.363
316.139
896.153
790.486
898.053
346.273
931.421
705.581
352.2
286.1
825.219
1087.38
445.192
933.362
783.153
307.669
785.054
906.249
969.646
270.204
362.824
892.902
822.553
854.637
243.195
725.172
938.583
752.423
293.138
530.857
84.7703
597.262
937.476
333.736
587.246
1055.89
383.901
857.007
764.111
955.908
62.6817
588.914
650.717
489.361
906.317
455.356
211.896
651.691
396.011
606.513
622.229
483.011
351.272
860.289
521.929
334.093
249.239
977.789
517.981
499.049
369.962
696.971
956.672
129.634
315.927
801.302
436.986
134.134
583.693
1011.14
743.172
248.96
1000.64
629.991
680.625
502.479
540.49
713.158
884.025
702.493
218.296
682.692
924.031
797.077
375.826
676.869
875.557
771.379
252.002
699.998
931.001
393.326
749.275
676.528
167.967
265.819
778.412
666.839
279.551
666.082
517.697
812.136
423.657
71.4493
385.811
703.119
502.309
958.362
554.347
926.019
786.606
600.211
116.09
693.026
183.068
763.755
40.7922
1047.25
591.365
347.8
612.491
355.49
541.91
786.713
605.635
722.709
105.683
358.232
588.355
413.807
108.259
613.169
683.668
439.056
213.565
208.701
700.63
331.436
417.412
476.929
508.46
411.7
636.431
495.227
130.587
482.67
139.058
693.724
467.001
265.347
297.705
652.402
756.233
298.168
309.362
374.909
502.415
371.469
336.725
435.764
233.728
452.551
314.493
340.812
605.476
112.486
497.112
647.578
505.487
267.29
617.92
478.023
274.192
198.04
403.347
297.975
790.959
303.462
612.785
538.425
249.736
289.443
151.605
477.319
594.681
497.291
228.659
45
711.753
160.44
428.882
290.227
592.798
604.735
44.911
412.961
61.5224
732.708
366.087
345.492
687.314
563.619
450.086
658.435
510.064
104.293
570.968
659.513
370.844
145.165
150.814
657.295
436.84
348.933
494.328
468.706
514.218
578.308
526.541
47.5395
410.878
186.231
670.361
397.081
162.874
403.124
585.103
690.831
193.01
262.088
480.554
483.374
477.127
302.2
539.56
274.128
351.962
256.4
441.977
661.17
91.9239
592.271
597.095
401.609
372.426
604.677
536.695
184.716
93.3435
459.639
403.629
731.864
217.407
555.601
559.103
310.111
184.043
121.05
389.667
516.426
593.165
166.09
150.479
718.401
75.1665
456.829
388.274
602.091
511.88
149.03
371.712
44.1814
694.279
281.576
244.724
607.843
463.885
273.912
393.794
370.742
680.201
678.649
793.839
472.208
453.01
756.458
228.079
772.565
388.449
591.38
324.969
751.003
349.886
448.465
838.46
436.382
684.308
822.192
577.99
222.643
795.161
879.973
635.687
656.805
223.143
523.688
202.527
673.47
316.291
256.127
738.043
667.308
311.231
338.652
467.334
455.774
735.356
805.358
232.607
589.869
232.207
630.946
540.897
204.287
206.4
888.83
661.212
728.097
416.395
193.313
625.518
398.369
835.201
782.129
449.929
585.355
318.818
597.947
516.714
325.346
325.297
494.955
961.013
315.184
529.098
410.396
767.383
610.261
694.165
868.499
836.607
654.439
559.623
654.194
596.879
1025.02
626.163
604.273
708.378
493.55
1003.16
333.618
597.356
577.779
748.511
262.8
640.744
1067.16
692.278
597.967
1052.36
746.443
493.561
807.468
867.143
819.513
897.586
476.681
502.479
455.848
921.847
560.004
394.316
866.833
902.339
578.426
106.963
700.752
705.006
715.129
940.283
506.053
509.389
139.27
842.627
738.085
210.231
477.31
855.164
875.743
729.886
314.072
348.6
808.718
569.036
1046.36
830.001
698.003
814.448
557.85
443.411
732.38
299.082
598.206
382.832
1162.11
551.754
576.532
627.179
701.317
725.69
887.642
901.205
945.696
509.592
982.293
1018.54
692.1
625.02
616.915
1067.6
166.09
676.391
747.776
880
82.7345
1025.87
726.555
543.567
736.908
351.967
1026.44
718.812
672.688
179.689
1051.55
1151.62
685.393
552.001
178.059
842.926
198.708
536.153
114.202
529.419
861.957
579.381
89.9611
731.011
452.642
83.7377
1026.95
908.329
187.83
936.611
624.822
619.039
590.356
583.977
194.281
1177.97
634.149
1001.79
789.922
490.212
679.121
554.693
781.924
1003.63
83.4865
538.803
377.228
976.363
531.252
684.514
124.016
864.575
914.429
383.564
793.061
469.754
1090.42
779.333
709.477
1096.37
973.941
505.157
579.27
474.647
118.533
107.648
592.603
405.228
452.766
393.081
400.525
496.835
528.834
422.765
81.4923
513.99
242.217
589.591
500.57
207.781
372.263
546.773
649.81
266.923
364.929
443.839
399.01
436.139
402.631
516.575
170.532
380.076
360.514
430.262
558.037
178.664
593.33
539.341
441.906
345.306
517.19
434.615
284.1
178.718
357.398
368.62
683.292
317.775
505.099
457.28
211.376
256.462
45.2548
486.807
494.07
592.711
270.113
133.735
621.499
179.201
353.299
385.705
503.835
603.801
126.574
304.77
91.2414
625.25
273.766
330.492
586.822
486.952
138.658
847.68
427.282
420.195
87.4643
840.729
829.798
322.876
104.785
946.322
103.812
391.717
523.474
868.812
745.373
149.482
863.603
490.743
814.069
170.602
212.953
564.61
799.203
863.588
158.824
847.835
848.764
954.464
456.098
443.227
779.052
894.211
570.19
662.831
1063.61
61
503.35
797.258
171.991
532.017
660.824
566.692
499.148
803.732
209.246
689.119
94.8103
343.827
506.288
557.571
464.224
790.674
243.214
1061
704.137
631.143
329.31
619.2
372.263
864.268
293.615
845.175
622.592
200.811
585.721
124.326
349.543
629.775
275.754
446.992
964.498
522.463
511.009
129.553
865.813
945.609
292.139
204.005
972.663
232.467
347.356
613.16
988.795
821.173
11.7047
982.277
603.461
842.835
298.304
306.276
681.77
903.288
881.833
181.662
864.07
950.832
975.723
491.024
577.013
886.124
928.765
500.74
749.603
1096.61
179.234
639.569
830.765
90.4268
493.19
771.69
670.357
480.276
830.569
273.148
801.963
229.889
285.554
529.009
673.787
543.59
915.645
380.716
1093
805.879
693.698
207.328
716.369
353.692
907.058
214.308
977.164
684.74
293.859
666.685
106.513
471.883
750.281
403.011
585.508
460.825
478.968
924.199
702.282
21.9317
853.994
760.669
736.718
815.245
893.085
399.786
46.1736
374.301
976.115
28.6356
361.437
672.935
793.166
893.15
283.27
144.641
749.499
807.352
754.841
157.258
771.038
644.944
445.852
127.059
665.099
1031.92
327.245
755.149
852.186
431.028
641.325
929.422
906.909
199.462
311.014
830.046
680.95
950.71
166.111
797.813
919.494
678.824
290.842
481.209
118.444
694.741
760.042
210.753
475.421
1063.45
295.677
822.903
604.048
952.659
232.848
479.755
673.345
398.152
969.491
498.504
220.057
766.087
525.574
21.9545
513.069
523.717
440.051
397.237
326.475
614.964
433.457
444.207
97.8621
493.222
328.014
533.634
483.011
121.495
490.789
442.77
547.943
200.863
381.98
561.948
352.427
553.763
428.6
635.059
234.957
266.908
367.271
547.548
605.766
236.89
708.668
452.01
333.15
463.778
475.189
491.679
261.452
151.822
416.39
487.016
587.335
294.763
410.615
462.551
291.88
190.224
77.3692
443.776
381.163
708.401
283.924
247.8
602.957
194.003
374.767
501.009
491.935
545.06
241.68
230.263
168.36
551.134
155.416
273.724
473.762
370.734
506.662
511.181
458.01
377.26
317.956
604.219
431.561
423.19
103.407
512.15
329.31
522.047
501.599
143.391
478.539
444.19
548.636
222.252
395.976
548.472
338.421
539.69
441.565
623.386
213.506
285.212
382.573
537.908
583.915
242.638
700.643
447.599
352.626
452.239
460.978
469.725
279.508
168.618
394.463
474.178
585.918
313.121
408.354
442.67
271.035
211.568
63.5295
464.449
387.129
700.127
297.579
240.085
585.793
205.973
353.599
492.946
473.753
566.692
233.42
221.045
168.621
543.468
167.547
294.864
479.887
387.198
923.965
906.943
385.177
192.234
1029.98
125.096
449.604
609.765
943.282
832.628
135.591
938.946
571.032
897.932
183.153
176.74
642.185
881.477
945.476
232.948
929.245
931.559
1037.15
539.838
505.964
860.335
979.161
617.496
749.208
1148.53
75.0267
560.065
881.89
202.23
593.933
741
649.869
568.592
887.223
147.872
768.287
133.54
394.336
587.879
635.708
551.545
861.587
279.358
1145.76
787.391
718.482
336.858
703.876
440.239
950.289
331.843
907.926
709.911
288.113
672.795
49.2443
425.988
704.904
283.425
493.579
683.369
588.014
741.351
106.85
893.546
562.921
458.795
748.452
329.419
873.105
730.657
595.91
33.7343
925.726
1021.66
627.498
557.66
47.2969
694.637
55.2178
557.31
114.978
384.667
780.533
578.218
84.9294
566.199
407.177
234.201
889.178
836.264
65.0692
781.425
458.733
584.535
527.532
419.153
37.8021
1042.34
607.231
869.566
627.201
337.606
619.32
447.699
772.511
889.216
229.539
515.505
287.446
813.039
479.417
524.223
119.004
703.05
905.425
290.58
660.498
392.842
943.229
678.565
667.192
981.005
889.964
832.645
741.912
719.568
799.016
871.436
378.082
66.1891
354.813
957.209
49.6488
342.243
653.759
778.165
878.823
265.189
126.301
730.623
787.413
735.666
144.184
753.672
623.041
432.834
106.513
647.569
1010
305.738
740.649
835.268
421.165
622.049
909.62
884.977
178.6
289.836
808.115
661.551
935.774
145.602
781.282
898.137
656.903
272.415
459.57
121.433
680.584
745.386
188.987
454.024
1042.85
273.766
801.265
586.417
931.754
243.403
458.279
653.948
376.247
951.955
481.017
204.245
753.329
515.571
265.03
694.173
415.018
72.0069
457.108
888.703
613.849
296.998
877.563
513.474
568.599
473.973
535.44
596.021
756.387
598.896
168.861
580.112
795.578
693.617
247.245
582.581
748.931
658.027
260.849
570.77
821.855
383.419
656.544
561.307
202.252
209.468
655.134
543.136
188.138
554.923
528.512
689.123
396.268
65.5134
262.992
585.676
375.341
840.576
502.299
817.455
659.468
471.377
238.134
566.083
64.0078
645.446
119.821
935.62
462.482
261.354
483.33
387.34
442.377
669.545
569.172
642.882
846.242
160.103
337.013
421.361
784.792
641.181
215.669
778.297
399.996
713.863
211.747
288.647
477.799
703.41
766.035
100.225
750.976
752.024
855.674
357.095
383.45
684.901
792.442
524.695
560.361
961.784
147.828
451.031
696.011
187.768
466.444
568.965
470.208
422.797
704.058
301.39
598.746
138.004
303.488
410.488
469.882
359.961
712.436
240.684
959.38
607.003
526.419
347.57
519.866
302.02
761.107
276.091
778.442
517.889
97.0824
481.96
225.834
268.924
546.345
304.164
411.808
997.03
667.168
542.033
782.377
377.383
979.953
764.291
676.5
132.382
1027.37
1124.62
698.997
593.507
102.489
801.18
123.491
583.888
36.2353
490.267
864.251
618.276
74.4312
658.278
469.691
130.817
994.011
915.813
153.222
888.213
557.176
643.394
600.7
522.41
142.801
1146.79
662.15
972.995
732.038
444.325
691.725
540.811
818.792
986.957
125.16
567.466
370.448
917.257
546.394
630.286
135.015
808.468
952.112
375.225
763.708
471.445
1049.74
770.38
730.875
1079.24
975.213
485.824
531.266
831.467
760.78
241.859
828.278
471.839
864.857
67.0671
129.275
536.784
784.083
920.437
246.337
906.118
835.311
1008.38
511.799
386.12
760.585
939.996
668.516
669.443
1108.66
53.9073
436.955
845.123
275.772
621.634
639.625
557.14
581.698
855.937
154.548
664.664
24.0832
442.452
567.659
531.361
484.827
746.153
154.402
1106.77
693.485
660.681
431.56
615.8
458.416
904.615
396.34
786.481
652.694
233.362
600.167
174.264
322.368
595.189
172.525
368.555
493.426
929.759
627.934
350.601
917.704
563.664
546.957
545.484
604.646
644.92
787.605
568.462
240.202
548.73
823.802
663.099
261.521
645.898
782.907
637.869
189.391
596.263
796.9
452.572
720.101
543.634
257.109
145.89
696.035
584.2
145.798
532.29
594.92
730.228
467.488
66.8506
259.85
634.341
411.876
887.507
574.095
791.899
692.63
483.224
250.138
600.421
70.214
631.881
146.014
987.754
474.684
330.08
510.064
447.519
504.486
717.931
641.132
710.484
437.444
231.193
624.08
424.802
137.768
425.132
539.216
644.748
187.257
301.081
500.688
438.098
495.429
343.839
565.428
249.387
322.448
291.913
471.394
636.473
139.463
626.569
549.627
377.786
395.637
559.909
514.347
205.105
97.3499
437.127
423.962
685.02
239.153
508.464
522.349
292.775
177.054
81.8841
406.079
472.969
626.997
203.081
172.07
677.2
109.444
423.293
420.372
561.976
522.311
168.291
324.423
75.0733
646.854
239.719
249.147
564.904
433.18
420.43
1000.46
18.1108
388.346
719.106
806.001
903.976
307.405
190.801
795.666
835.649
801.012
201.062
816.794
684.512
454.863
172.662
710.935
1071.92
371.372
799.001
870.357
432.561
687.49
957.061
947.54
233.823
345.858
870.513
727.102
963.088
199.692
814.936
954.21
720.107
315.919
518.207
101.966
705.556
804.022
254.018
519.793
1094.25
335.876
859.545
649.931
984.961
196.474
523.917
699.838
439.978
989.376
519.317
239.075
773.109
526.802
831.386
402.856
337.654
299.174
770.377
875.814
336.757
230.313
376.715
640.356
381.041
238.657
409
367.967
524.432
249.04
303.134
722.839
106.019
429.233
776.209
563.368
267.329
756.711
595.265
267.526
247.493
524.223
306.741
915
284.851
737.641
674.2
373.611
331.472
281.221
444.173
702.602
431.654
190.095
144.921
849.806
183.848
563.447
242.464
730.721
577.447
153.31
544.562
160.73
866.608
467.428
357.514
793.847
636.227
993.924
615.045
850.389
307.327
312.218
693.415
914.594
888.651
191.442
870.766
962.065
982.67
499.49
588.545
897.522
936.619
500.849
760.333
1104.26
188.367
650.945
838.633
94.7523
496.271
783.204
681.707
485.077
838.01
277.007
813.517
239.942
287.924
536.639
685.42
554.171
927.349
390.978
1100.58
817.133
703.355
201.683
727.501
359.089
915.437
215.139
988.79
694.385
305.251
677.224
108.665
483.588
761.962
411.734
596.45
380.422
701.394
804.18
902.996
300.51
173
777.859
827.372
783.296
183.025
798.724
671.018
454.335
155.653
692.885
1058.25
355.383
781.006
866.379
434.936
669.813
949.097
933.535
222.434
334.44
856.587
709.468
961.5
188.534
811.372
943.076
705.744
308.65
505.911
109.622
704.503
786.01
238.481
503.672
1084.91
321.958
847.496
631.894
974.936
212.25
507.926
692.301
425.282
984.718
514.076
234.062
773.596
529.4
562.2
463.7
569.21
83.2166
312.26
638.226
447.341
633.165
363.501
701.083
353.239
189.307
289.56
604.635
727.248
232.142
754.597
502.086
240.354
532.29
568.748
612.785
170.106
93.8136
537.122
561.416
618.709
198.842
451.739
578.221
407
73.4302
182.003
328.39
380.158
755.649
223.289
308.551
707.573
159.455
494.753
551.142
601.233
424.279
305.369
311.965
205.056
614.264
150.137
156.723
467.377
301.405
895.927
992.627
593.906
528.433
79.1012
669.846
81.9085
529.834
145.609
358.113
746.969
548.206
91.2414
561.057
374.482
254.031
861.629
802.554
32.249
759.495
449.322
551.928
493.907
405.005
16.2788
1014.43
575.035
840.836
610.234
313.847
585.694
415.023
741.213
857.858
250.204
483.848
253.718
796.691
446.189
505.157
106.452
685.007
873.945
256.891
631.589
359.117
918.277
645.799
634.064
949.823
856.515
106.104
521.184
773.711
955.013
305.287
941.667
825.591
1040.7
549.181
353.193
748.231
967.497
730.331
674.436
1134.92
119.08
395.818
874.486
342.584
677.974
626.841
553.376
633.986
887.947
157.623
649.384
79.1581
505.009
607.622
516.962
501.79
716.543
105.081
1133.49
686.988
680.26
498.592
615.077
513.697
928.884
461.741
747.011
672.72
267.978
611.119
230.794
314.027
574.01
105.475
319.47
624.76
878.309
1049.14
368.828
1035
930.297
1136.57
640.795
449.218
852.317
1066.5
782.106
780.391
1234.71
152.086
483.911
972.303
373.034
744.114
731.01
659.303
707.743
983.986
66.6408
752.714
152.801
556.004
696.914
620.928
605.083
812.01
198.494
1233.01
792.476
782.869
513.595
721.156
582.633
1029.62
500.96
833.338
775.145
361.168
716.19
211.376
419.834
675.161
146.7
399.506
255.384
672.054
529.31
669.383
307.584
726.445
425.198
201.4
227.882
625.291
805.062
232.863
764.769
571.126
228.002
562.626
650.13
688.106
107.336
100.18
611.658
595.276
678.333
128.269
518.163
660.927
475.083
10.8167
250.599
245.204
429.401
766.74
181.64
343.146
790.471
154.146
575.601
568.183
684.446
344.859
342.001
392.577
237.008
686.895
216.231
73.6003
510.662
308.302
604.869
734.207
610.328
52.2015
627.488
530.649
452.24
33.6006
521.331
912.8
197.434
618.45
813.747
461.203
496.903
856.878
785.932
148.061
233.214
710.201
536.636
929.891
133.147
763.975
821.191
556.849
258.043
381.813
231.97
684.341
622.852
98.4886
341.248
978.228
191.76
718.226
460.153
862.988
363.006
346.624
609.59
278.887
923.395
461.979
224.401
766.008
551.374
714.318
21.0238
604.067
94.8103
409.06
821.416
625.509
113.719
555.865
453.584
232.957
913.714
878.463
111.288
795.815
455.237
631.028
571.948
423.027
76.9415
1067.42
654.041
896.576
633.984
357.599
663.702
485.239
819.7
922.321
226.921
562.574
330.442
818.198
525.077
534.888
160.078
711.242
952.568
333.014
688.269
436.426
962.673
716.017
713.018
1013.57
930.099
697.653
779.965
806.819
313.56
464.613
719.595
753.59
426.042
572.014
922.43
217.706
535.477
655.717
122.784
375.682
610.044
503.612
340.344
658.43
367.898
642.012
227.407
203.376
357.23
520.24
365.088
771.473
340.908
919.231
635.912
512.041
265.801
544.265
213.928
728.989
179.569
848.566
503.086
139.786
487.641
248.6
336.4
601.225
402.15
504.774
611.249
114.39
394.381
814.946
630.08
131.126
534.842
454.137
253.86
898.517
873.109
113.759
777.691
434.512
631.577
569.204
403.16
75.5381
1052.35
655.405
882.316
614.415
341.568
660.819
476.732
822.514
910.794
247.76
564.921
326.671
798.304
524.137
516.113
173.254
691.876
955.071
328.694
674.463
432.946
945.809
707.139
712.18
1001.73
922.967
618.813
564.448
504.026
82.3772
513.721
942.2
228.178
598.03
864.348
511.376
499.155
902.413
814.731
200.262
282.113
739.982
539.371
981.611
184.448
815.032
859.908
586.331
310.221
423.093
261.543
736.506
603.001
145.055
364.018
1020.47
235.765
755.028
453.29
904.289
387.525
370.304
657.514
313.747
973.041
513.439
274.855
818.198
602.224
498.691
887.876
651.77
106.381
644.15
498.868
145.086
1003.49
941.002
171.283
890.081
547.671
673.784
627.511
517.549
152.751
1156.83
693.349
984.411
728.717
449.624
718.908
559.859
851.651
1003.47
138
599.03
393.376
912.693
574.739
629.611
167.672
806.04
985.017
397.574
775.405
496.271
1055.36
790.333
760.345
1095.41
998.303
491.757
528.818
440.239
387.536
336.309
609.338
504.876
562.31
342.527
412.994
265.045
454.104
346.1
187.878
347.635
658.426
487.955
488.043
306.323
62.9682
414.403
174.794
655.19
527.941
606.341
438.488
224.397
485.009
349.285
195.563
416.059
366.012
768.261
215.574
281.233
251.766
561.129
358.013
493.688
616.024
585.031
422.204
792.992
827.636
418.417
943.904
431.032
74.2496
717.865
570.979
728.036
306.139
277.002
658.071
745.094
509.221
319.789
372.979
641.234
552.523
202.299
343.456
363.446
251
944.949
383.021
494.507
728.308
341.879
583.961
740.169
641.03
402.405
490.523
329.073
393.361
554.423
142.077
233.086
320.515
112.161
545.422
913.633
202.072
647.359
791.644
429.075
516.366
842.378
787.464
121.396
216.19
711.129
555.688
904.921
102.416
740.908
814.079
558.507
231.389
373.591
202.714
657.28
651.558
90.4268
349.401
967.343
182.913
713.119
484.134
853.234
335.073
354.069
592.271
278.146
903
438.217
192.481
737.738
519.85
649.838
395.426
169.402
939.729
843.337
98.0051
846.675
539.949
568.964
527.379
496.23
106.677
1091.38
587.818
915.915
700.814
400.281
618.152
474.878
745.3
923.025
166.964
493.228
300.912
887.407
472.366
594.869
61.2944
775.093
878.661
306.297
706.803
399.7
1001.36
702.781
656.507
1015.6
904.33
715.659
787.94
631.091
901.843
568.655
415.928
127.769
841.476
732.43
202.608
544.861
765.23
875.399
651.56
226.385
356.069
794.271
558.896
1041.14
763.1
781.417
823.791
581.4
337.843
736.31
244.035
661.711
286.833
1149.92
574.178
518.556
635.492
606.526
685.572
876.142
828.174
897.223
531.93
688.898
458.118
342.329
692.35
588.62
177.477
141.481
513.118
378.621
822.638
202
646.889
634.364
359.607
226.932
207.039
373.162
602.138
533.877
118.119
148.519
800.156
78.7909
527.937
336.917
682.464
503.755
152.552
463.314
87.5557
786.034
366.395
261.503
692.501
530.212
1108.99
989.022
266.811
1013.52
687.978
694.64
670.955
652.577
267.082
1260.41
707.978
1084.58
861.365
567.62
758.821
638.429
849.994
1087.37
8.60233
612.892
460.896
1047.04
610.709
758.169
207.711
937.235
981.432
467.274
875.644
552.472
1170.44
862.853
785.955
1180.1
1055.98
485.143
843.543
228.543
592.301
671.543
583.672
557.754
851.874
154.029
698.026
58.6003
404.754
557.571
565.008
496.654
787.61
207.292
1106.69
720.969
668.672
380.802
639.766
431.617
907.331
353.091
832.914
660.367
235.983
615.592
123.976
355.006
632.484
224.083
419.935
772.604
638.789
801.639
322.444
318.071
731.17
801.699
547.179
328.591
426.551
714.822
622.297
232.246
408.099
334.607
290.823
990.584
404.949
548.892
797.648
379.579
658.201
788.462
712.958
351.194
545.711
401.602
444.731
609.119
216.271
236.812
345.006
94.5569
748.818
453.248
519.755
462.731
404.293
40.3113
995.721
542.794
821.061
605.615
302.424
554.513
388.726
709.02
833.845
263.883
451.616
223.761
792.382
414.349
498.478
93.0591
679.007
841.724
227.37
611.765
328.544
903.638
619.07
602.14
926.078
827.832
402.99
732.548
626.39
390.326
746.776
350.087
764.345
265.65
196.331
446.4
641.282
485.334
890.718
407.59
1009.65
758.538
623.899
162.29
666.66
264.547
827.645
129.634
963.114
614.859
257.899
607.001
192.005
450.894
721.401
447.599
596.675
718.691
611.145
77.2334
433.462
737.944
752.389
601.801
209.344
229.107
677.289
439.01
920.235
694.692
682.106
697.923
453.631
375.89
611.667
164.615
545.771
287.172
1032.31
446.413
439.164
509.495
593.219
586.68
757.819
768.647
806.439
112.058
641.464
556.076
783.534
34.2053
620.184
720.647
494.05
110.164
284.888
205.154
536.418
697.534
84.7231
317.043
864.308
114.237
625.825
509.039
753.204
330.553
318.763
478.525
220.925
784.367
317.328
92.5743
617.994
409.02
533.967
495.141
706.691
146.168
536.046
608.649
390.082
91.7878
174
309.091
472.827
672.519
137.525
243.033
754.359
65.8559
514.004
471.275
642.223
425.229
242.052
376.538
137.058
690.991
239.55
153.444
560.803
388.734
389.882
707.984
675.173
560.471
212.132
153.652
600.843
362.112
843.054
641.264
647.383
621.4
381.03
395.171
534.664
128.456
494.85
290.691
955.58
373.484
382.991
433.022
574.125
517.707
681.03
719.556
740.368
1004.93
579.871
831.947
595.839
301.803
586.873
410.747
747.211
851.523
262.962
489.532
253.503
782.166
449.01
491.35
122.25
670.928
879.673
256.129
622.834
359.494
906.971
641.649
637.038
943.274
854.132
806.588
178.194
541.366
711.562
673.885
639.356
872.624
258.436
1258.31
841.72
814.863
477.821
766.893
580.527
1057.38
479.71
897.485
806.812
384.969
754.475
169.579
468.585
731.632
213.242
464.459
645.745
754.635
527.243
133.304
319.081
173.994
556.635
711.231
95.352
345.419
897.348
145.121
660.019
527.3
786.667
302.2
347.638
509.384
252.163
812.247
343.093
92.0217
635.976
418.259
426.005
544.155
512.472
461.187
730.942
151.327
1082.68
672.715
636.805
424.094
594.12
438.092
880.553
382.89
774.584
628.797
209.308
576.975
182.571
302.875
577.832
182.387
361.963
314.46
650.627
440.528
905.664
544.033
856.512
724.487
530.637
186.783
631.191
112.04
692.503
79.2023
999.604
521.852
315.357
547.083
388.232
502.403
734.489
604.461
696.498
464.389
225.442
697.837
589.662
563.988
469.2
229.157
499.497
384.506
202.988
383.343
382.562
814.985
221.253
339.86
280.829
605.816
420.233
541.107
677.041
647.223
239.827
255.28
426.305
760.692
181.135
334.383
780.966
148.142
564.982
561.36
674.585
355.647
333.074
383.919
228.14
680.147
210.002
83.8689
508.552
310.556
482.25
448.938
637.754
284.311
178.966
597.399
190.79
341.696
430.85
481.358
593.539
171.828
263.433
123.179
585.444
230.903
318.962
541.679
448.074
614.264
854.239
257.841
518.833
1034.46
318.901
817.702
684.056
929.504
133.375
521.308
632.906
425.883
908.735
443.762
171.68
677.921
428.165
1086.66
601.925
627.2
569.087
536.949
531.06
879.773
513.892
642.01
620.434
258.6
547.321
328.39
235.748
477.253
92.7631
215.557
616.066
460.601
1042.03
612.628
753.712
207.408
932.562
985.857
466.859
873.65
553.083
1167.37
862.792
788.675
1179.37
1056.99
266.552
879.978
93.6376
622.907
432.51
765.044
390.15
270.304
512.472
188.43
828.45
373.209
177.178
686.945
489.168
708.553
204.025
419.386
253.213
589.411
647.324
9.05539
432.807
106.301
748.356
402.449
390.09
719.962
605.013
786.472
296.575
879.189
119.151
1114.25
699.601
405.475
712.71
308.318
602.2
863.293
604.067
758.41
530.506
414.585
671.414
444.64
205.232
424.118
107.042
743.426
302.319
188.043
625.617
453.207
583.592
180.693
919.01
410.669
278.21
441.322
445.88
441.977
648.448
604.07
653.723
764.258
817.411
259.563
672.45
347.121
974.918
655.405
597.301
972.522
851.945
1015.6
580.456
312.187
594.933
319.733
507.734
757.842
564.845
684.342
649.243
708.8
550.619
956.578
512.55
274.578
690.883
434.495
424.457
105.005
739.639
396.627
390.333
713.196
600.734
385.032
322.902
196.939
463.539
340.589
381.708
707.723
314.727
286.723
639.457
504.933
470.992
750.665
328.799
542.794
280.252
326.441
227.02
552.635
327.434
256.425
