80
717.508
754.593
1127.13
101.607
407.384
814.001
505.223
596.149
605.02
624.32
629.331
759.624
704.77
413.019
398.018
642.655
345.203
647.121
957.387
616.533
192.107
569.865
195.243
477.658
680.425
446.054
765.288
754.39
108.674
572.839
434.732
228.055
198.759
561.69
659.001
660.579
736.465
78.3901
248.847
14.8661
981.035
697.553
327.771
795.503
286.566
177.429
628.606
129.097
776.001
207.077
124.615
140.528
914.869
246.895
870.6
567.458
444.668
760.874
796.98
174.29
696.626
602.927
455.202
859.936
272.222
722.82
519.362
193.941
592.376
149.091
423.566
26.9258
751.083
933.957
167.943
720.136
737.738
754.003
783.624
485.831
773.254
745.891
912.846
100.424
432.005
298.027
447.219
917.724
495.94
835.13
767.584
305.007
325.994
75.0267
869.851
228.738
723.719
668.492
534.735
400.5
607.001
688.242
187.926
288.434
48.3735
978.404
769.192
156.17
301.015
749.456
782.451
731.416
646.876
1024.32
634.597
749.352
526.047
706.969
544.673
1095.43
441.022
212.398
523.719
582.798
563.141
588.87
1106.62
656.814
778.067
781.554
741.701
632.829
696.561
378.112
301.735
205.292
767.941
885.188
172.586
548.811
558.81
601.684
768.12
434.839
981.888
548.942
129.634
744.893
540.557
741.135
420.077
708.476
662.291
13.3417
811.697
311.841
128.016
379.012
835.8
701.456
546.06
250.32
231.145
149.576
568.769
134.833
396.427
342.65
489.249
464.31
467.124
689.812
266.055
253.032
285.771
659.713
192.042
770.331
404.511
650.258
566.359
507.705
575.578
736.288
522.001
422.168
635.022
916.081
388.96
234.094
685.657
173.6
735.103
714.706
752.891
240.66
760.354
672.574
317.025
468.028
577.419
178.011
665.697
731.856
827.109
867.685
727.963
257.449
533.54
211.009
202.921
400.764
688.559
302.002
919.603
642.316
189.929
326.308
128.655
623.712
53.0377
717.045
691.845
438.33
683.323
345.824
781.179
69.6348
233.619
607.951
499.137
378.423
185.551
611.729
1211.89
1005.09
795.161
627.511
594.355
525.978
796.786
497.805
555.503
547.548
858.653
837.445
782.704
1009.48
600.521
200.412
565.725
1038.71
571.043
1149.23
718.073
958.554
927.077
775.702
739.31
1098.18
857.324
793.647
983.582
1294.07
667.308
507.711
902.244
415.809
1100.64
1092.24
1126.5
231.035
969.21
1045.59
562.286
841.724
951.28
506.614
1043.63
902.404
1206.07
1243.24
1085.8
271.827
894.866
292.617
581.065
772.788
974.727
442.634
1287.04
945.145
529.899
680.027
267.66
963.876
421.774
987.711
1070.76
771.565
1042
707.053
1153.32
406.533
220.109
972.895
785.88
554.648
476.161
881.205
499.73
838.108
585.486
661.497
686.683
724.997
714.894
860.163
804.329
448.933
442.143
672.489
438.362
704.489
1047.42
713.827
212.511
647.044
157.696
577.786
683.059
461.736
792.294
855.563
199.424
594.021
483.508
328.258
97.1648
662.205
754.301
757.721
829.053
172.491
233.566
94.5569
1055.76
791.581
321.972
847.059
370.799
262.002
719.368
175.026
873.245
140.801
33.541
231.482
1007.68
345.232
962.443
642.125
496.888
761.901
894.654
151.648
701.259
693.185
548.019
945.927
372.066
800.683
612.109
197.345
626.955
248
514.762
86.1452
826.63
1024.03
267.845
746.753
838.027
818.746
797.141
1012.31
521.279
667.991
581.014
274.055
570.561
494.37
470.664
643.187
608.664
843.664
62.3939
744.831
807.27
440.778
531.369
584.5
589.055
297.511
953.111
720.118
959.385
405.623
300.746
810.339
618.768
198.436
591.582
337.831
499.8
266.475
591.997
329.528
615.208
420.268
939.63
292.181
666.312
894.358
395.133
382.781
525.601
466.622
380.38
612.36
509.259
268.496
742.859
290.043
713.432
597.599
613.583
1030.38
581.055
450.059
962.689
511.528
393.732
755.238
160.59
697.723
112.379
553.676
786.395
262.088
393.754
414.744
735.378
785.968
300.947
920.818
481.967
797.762
1017.19
523.6
382.734
528.186
1009.24
574.502
913.48
847.606
402.974
425.541
174.264
969.868
307.148
769.91
752.495
628.613
485.968
694.873
781.968
215.678
376.968
52.9245
1064.2
868.323
244.107
401.404
849.876
869.608
821.112
726.353
1117.61
705.15
847.978
613.501
803.075
564.128
1189.46
526.305
240.15
624.052
682.598
643.199
685.026
1196.89
742.419
869.77
881.2
796.006
733.16
753.463
464.284
402.096
192.769
838.906
979.839
194.61
631.197
652.886
652.442
868.37
498.086
1079.71
640.765
229.957
844.886
636.431
837.134
477.378
756.905
762.508
94.8947
890.834
362.693
92.8493
149.345
101.533
485.907
138.159
428.973
358.498
286.505
252.008
377.895
493.26
228.615
475.846
250.186
414.904
68.9638
526.279
259.494
539.303
377.934
472.584
550.631
494.631
388.645
220.912
409.352
666.562
299.843
248.298
594.193
282.703
490.433
477.624
503.072
477.649
666.521
449.515
373.664
219.021
327.812
174
416.12
674.624
582.238
617.373
490.08
450.994
296.946
401.927
77
200.898
600.907
395.218
672.575
539.646
149.335
132.774
364.445
408.271
218.011
569.541
448.055
326.602
445.486
127.664
531.945
248.365
453.107
365.383
442.974
403.792
280.786
554.487
150.083
628.924
200.36
537.954
469.861
264.358
245.284
257.303
636.642
79.6053
484.088
370.741
464.061
103.247
569.935
407.413
435.247
336.122
333.862
681.723
607.134
296.319
200.524
541.133
730.277
439.42
349.588
739.774
347.023
597.358
505.115
590.851
403.104
812.912
452.071
226.736
326.218
423.959
265.85
486.477
815.081
627.223
694.819
608.173
482.017
423.293
433.166
81.6884
180.422
485.412
477.658
769.601
430.853
250.801
282.087
359.739
546.074
179.513
718.844
493
217.083
564.831
274.798
622.971
187.949
464.269
480.526
310.203
514.222
157.889
425.018
496.952
51.6624
388.032
320.412
367.151
336.733
406.964
561.434
221.07
377.923
225.22
515.265
58.0086
626.499
293.82
582.516
453.357
481.05
537.477
588.81
438.543
299.174
493.407
768.095
306.341
199.692
611.498
203.666
586.619
575.253
603.332
382.816
686.004
541.27
339.063
318.454
427.85
115.935
517.653
677.844
682.755
718.42
581.85
359.089
387.288
309.48
78.9177
277.735
635.059
330.261
770.506
579.231
103.276
190.074
263.623
486.294
123.491
613.231
548.109
364.005
537.13
202.704
631.615
158.398
355.614
459.967
459.61
364.485
222.428
574.669
463.778
246.617
251.454
712.523
673.684
860.761
315.869
707.817
596.782
283.805
688.559
527.259
774.437
233.42
1008.55
803.704
958.454
134.104
531.498
856.58
664.831
396.788
821.711
190.767
335.36
116.914
415.014
554.351
775.653
634.064
784.223
191.76
800.681
836.015
480.675
528.796
398.56
638.374
190.79
811.473
742.122
502.096
525.13
415.766
508.127
547.526
651.406
1077.03
354.346
707.351
1012.42
398.529
361.365
579.042
353.362
585.338
206.206
718.585
806.809
477.514
386.161
639.447
622.695
578.705
472.344
928.493
243.002
715.52
1038.63
339.45
273.117
415.477
383.818
457.625
556.389
268.211
338.179
184.459
552.059
108.904
663.471
276.016
633.934
503.025
528.401
495.227
604.758
490.205
347.761
500.529
799.2
275.118
151.855
579.759
152.555
605.083
615.783
628.733
375.378
654.634
585.969
375.81
344.224
453.657
69.4262
549.389
640.216
719.05
745.915
595.189
313.465
401.329
264.169
130.419
326.497
685.747
278.649
790.775
630.436
65.4599
191.596
231.041
488.881
128.098
593.647
585.458
415.39
550.681
212.758
655.552
166.244
315.294
477.411
508.498
316.443
251.859
623.705
70.5195
708.249
670.858
793.698
519.119
607.655
357.806
180.447
764.438
438.244
867.523
282.689
964.814
801.823
867.812
191.05
688.368
816.074
646.421
551.461
956.22
197.96
188.367
346.954
222.991
703.674
845.684
765.606
574.739
413.937
844.792
703.87
532.845
618.502
272.121
732.728
355.675
914.884
884.028
664.632
284.285
516.679
275.879
461.069
627.664
1021.32
116.349
879.473
963.305
288.591
353.815
365.242
515.749
430.499
449.027
798.076
747.789
629.012
390.512
780.554
462.473
342.053
592.332
847.585
25.4951
572.934
962.689
638.003
600.727
724.754
487.672
540.992
347.14
110.218
699.939
369.238
804.578
227.653
894.911
731.509
801.202
233.026
639.278
745.874
575.97
504.533
899.565
147.299
121.264
363.012
173.297
652.566
780.013
709.931
538.906
434.839
776.701
642.772
467.898
557.372
204.619
670.982
392.173
853.141
829.385
617.344
277.411
459.304
256.971
392.046
557.169
952.095
110.454
832.139
893.64
219.531
286.007
330.752
471.807
372.013
441.022
733.79
678.236
579.615
323.006
726.687
405.879
328.221
536.859
779.916
45.31
513.079
894.861
38.9487
230
592.709
277.2
738.66
527.822
236.546
309.898
326.382
481.633
310.04
93.9202
353.091
804.135
465.988
170.88
68.0661
462.05
498.648
549.615
533.731
803.523
566.427
445.082
252.071
402.892
662.87
867.742
188.672
404.401
249.57
283.521
460.314
285.035
902.14
381.914
482.012
480.313
725.822
353.418
676.173
292.226
89.627
387.324
681.692
582.683
319.595
435.837
364
617.019
487.83
440.284
728.036
256.889
179.611
446.163
331.869
437.12
452.135
717.432
366.947
308.365
682.772
404.25
384.298
251.311
559.379
268.822
711.326
490.511
232.131
280.371
330.312
442.688
345.769
132.401
374.363
765.252
443.306
202.181
45.2769
430.847
498.555
510.821
497.948
765.165
533.578
424.096
261.038
388.913
647.522
829.743
208.432
405.306
213.902
257.148
426.005
272.617
863.392
387.057
475.568
455.66
695.822
319.651
646.211
264.093
64.8999
421.911
646.651
570.204
354.325
401.08
325.338
591.06
454.859
416.832
691.712
256.564
197.254
419.698
293.002
423.066
431.325
689.732
338.463
330.651
645.368
392.496
413.401
799.252
201.246
713.959
621.849
460.819
355.524
536.008
629.071
183.208
218.909
123.26
928.145
694.338
92.1954
228.064
676.912
711.512
677.449
605.598
964.806
603.009
674.372
455.544
632.204
559.371
1034.81
372.34
237.403
452.134
508.335
522.12
514.125
1050.77
587.008
704.866
706.966
724.553
561.145
677.532
332.71
230.463
228.123
734.632
810.79
175.616
505.246
499.796
589.57
696.748
414.451
915.803
475.954
57.2713
670.642
478.829
666.389
406.037
696.943
588.43
79.4292
769.556
308.769
178.227
711.64
814.328
443.896
471.01
559.014
526.833
292.551
901.874
666.694
916.989
449.672
239.075
761.541
572.459
138.773
530.993
346.781
501.79
323.039
593.902
267.526
554.173
357.997
929.923
353.221
607.237
863.354
347.679
325.466
517.7
405.494
438.041
549.976
448.794
206.903
753.019
239.767
720.324
570.225
568.793
979.953
596.932
395.545
912.211
500.977
371.559
753.396
105.119
681.453
174.184
492.585
742.043
199.722
366.012
353.058
718.422
792.334
241.979
877.276
504.227
773.016
970.662
515.001
445.48
499.001
180.801
599.12
487.017
384.251
330.553
260.225
757.457
667.776
260.231
224.243
611.001
766.322
517.889
419.849
819.103
406.212
655.587
528.186
640.464
390.717
892.357
464.449
154.208
390.16
480.708
336.4
530.427
893.232
655.776
738.024
671.34
523.401
492.065
476.288
160.312
208.396
425.643
539.34
821.399
376.745
324.052
361.386
390.063
618.639
213.265
797.799
524.976
174.734
628.981
352.768
673.589
207.118
497.257
543.921
241.588
584.607
129.004
356.753
370.904
890.236
431.723
1001.65
525.33
896.877
818.397
738.54
545.092
918.554
773.704
670.878
797.682
1134.41
469.58
314.682
703.525
225.499
923.794
952.912
958.301
264.836
771.659
918.092
530.164
677.425
785.439
328.799
885.768
709.514
1057.15
1077.43
903.64
74.0608
717.363
94.0213
447.234
649.308
928.863
243.249
1110.39
887.347
354.519
503.009
125.144
774.826
305.477
787.433
923.629
689.163
860.793
533.821
982.812
308.104
23.4307
796.987
737.027
355.394
411.99
845.107
596.317
268.002
702.986
155.081
788.706
621.377
704.424
312.258
561.424
638.652
466.083
432.936
807.308
106.794
59.203
400.682
151.222
571.113
674.525
620.298
510.474
475.564
668.091
560.257
364.589
459.848
116.297
571.728
455.952
753.218
740.651
542.886
312.93
369.676
277.074
290.489
447.487
848
180.942
755.209
788.242
122.025
179.12
315.793
406.51
301.851
438.215
630.394
573.502
502.121
216.335
639.902
339.001
348.662
449.384
680.459
154.987
435.36
794.703
467.672
111.414
490.261
488.321
255.501
581.643
806.068
274.913
385.219
275.262
332.938
267.402
574.001
624.382
752.066
685.077
246.941
87.2812
179.254
865.509
802.798
141.481
637.315
232.08
160.056
572.148
69.8928
863.51
167.523
245.491
299.348
860.731
272.943
812.709
458.373
290.663
568.769
773.523
351.32
504.608
545.223
417.739
778.887
372.907
618.763
635.932
34.2053
414.509
280.872
380.716
212.132
640.281
867.314
231.525
536.146
739.949
618.501
593.418
578.323
310.517
528.155
395.457
437.049
578.524
562.8
382.462
241.847
478.127
725.257
337.12
250.44
639.278
261.398
557.883
523.883
567.032
411.316
712.933
486.378
315.279
285.044
392.577
167.547
475.209
712.447
635.072
679.398
558.758
415.933
365.876
366.285
22.8254
220.336
583.082
386.374
738.824
525.709
149.723
191.366
313.955
476.186
153.639
626.834
499.833
310.105
514.208
193.127
596.705
181.397
409.832
433.586
412.458
414.039
214.002
526.805
589.163
529.114
318.729
651.713
897.057
301.015
451.846
375.159
395.248
175.514
674.009
733.23
827.735
795.719
270.224
81.3941
180.424
972.663
872.47
169.853
730.756
338.585
251.072
682.848
137.091
941.576
57.3149
183.992
331.307
971.791
361.554
923.886
568.413
392.563
607.01
881.533
309.343
548
655.925
525.446
890.116
438.658
728.616
698.688
78.492
495.945
327.42
488.729
202.566
749.144
978.72
303.488
606.409
843.437
721.918
647.514
775.155
574.001
730.384
325.51
412.554
623.161
431.867
280.179
673.632
85.3288
210.839
336.095
302.275
425.065
574.611
483.256
642.123
407.491
586.059
625.653
264.214
338.423
228.09
452.951
424.21
634.568
602.231
391.874
467.975
234.047
431.745
328.271
418.097
843.736
326.218
606.012
779.015
214.756
129.468
460.896
251.794
404.079
319.428
523.047
574.465
352.881
152.751
499.235
442.163
502.837
309.968
698.588
260.256
515.864
807.233
239.771
201.693
1087.49
754.615
152.201
345.141
769.016
697.327
833.077
778.165
1105.8
782.269
729.562
449.752
667.498
731.331
1172.39
361.087
399.941
559.416
584.956
695.692
554.13
1199.32
568.845
712.015
773.823
907.65
663.163
860.466
505.475
357.29
80.6536
912.384
832.325
21.9545
676.737
649.003
772.655
796.807
597.516
1037.47
490.919
218.552
744.555
622.403
699.941
589.126
880.033
670.422
176.46
940.115
489.147
134.462
333.002
897.367
515.49
133.195
157.035
531.745
494.086
643.145
625.947
892.2
655.049
491.073
237.64
433.891
721.266
954.924
153.447
433.761
332.704
346.071
551.008
317.796
992.651
368.49
493.077
534.176
809.905
430.61
760.327
376.198
177.477
320.145
772.946
606.001
253.622
527.091
457.739
694.966
561.634
515.454
809.862
264.547
186.207
504.841
425.229
467.27
522.759
797.847
431.765
287.68
776.357
459.462
337.926
1015.57
817.54
199.882
349.15
797.339
826.978
770.923
680.074
1066.23
662.599
797.632
570.53
754.637
545.257
1137.84
484.52
214.058
571.344
631.165
596.594
636.531
1146.59
700.66
824.297
829.927
760.876
680.445
717.07
415.072
349.445
199.572
796.332
932.438
182.915
583.651
601.153
618.686
815.584
458.246
1027.02
595.124
177.902
793.233
584.173
788.777
440.083
724.454
710.558
45.5412
844.824
327.605
106.921
664.008
935.539
750.221
528.016
952.551
255.265
347.52
181.695
405.617
686.062
892.388
763.574
765.201
235.907
910.043
870.224
587.639
647.958
425.904
760.138
164.879
936.654
873.701
635.059
471.052
535.728
466.374
600.594
734.429
1151.28
307.026
841.366
1089.09
434.245
441.263
555.649
485.223
603.176
325
837.356
877.212
609.016
472.271
770.484
637.913
530.739
598.041
990.073
201.817
742.483
1103.42
634.054
473.001
138.192
293.437
492.66
609.793
558.735
693.753
30.8058
345.463
122.674
971.198
592.272
416.159
820.686
281.443
189.381
592.284
205.154
674.247
315.748
212.002
32.28
869.657
203.6
828.242
564.77
478.418
835.223
738.318
193.807
769.079
568.37
418.169
830.845
179.078
711.096
413.073
286.016
640.513
59.6825
392.237
114.004
742.841
895.237
129.248
773.466
668.147
762.428
847.766
195.021
632.463
627.096
680.968
630.737
954.699
641.03
611.734
370.648
561.393
638.84
1021.95
284.951
325.73
415.217
454.119
549.299
443.762
1047.37
500.937
625.664
649.755
777.082
521.789
728.649
360.161
205.798
222.576
768.677
736.532
156.272
529.145
496.806
648.562
657.037
469.01
890.818
396.676
85.9069
616.556
470.422
595.243
466.804
755.215
537.82
154.69
791.162
381.18
213.928
448.849
542.322
494.975
469.035
760.692
499.1
455.633
306.315
426.386
602.366
827.326
251.956
363.617
224.802
284.297
394.069
311.811
855.402
432.02
517.015
483.061
657.761
333.51
608.113
224.199
21.587
417.594
615.929
608.086
351.01
370.061
308.974
549.605
469.256
373.852
696.443
300.741
171.479
445.048
279.571
460.336
387.253
649.569
361.681
307.148
621.007
347.277
398.48
424.924
357.33
484.641
434.994
572.198
158.152
417.116
238.537
874.539
477.264
468.479
765.032
226.921
187.579
477.62
268.784
549.984
423.962
345.685
113.177
744.705
119.34
705.555
484.869
447.97
847.968
606.236
328.101
780.301
455.846
309.028
718.427
44.4072
616.847
304.569
355.688
620.202
81.0494
290.739
242.668
651.429
774.623
103.247
755.924
531.779
688.523
844.171
758.312
846.138
852.115
918.57
268.007
256.457
191.133
1129.75
883.763
343.42
902.557
457.083
350.648
807.718
250.45
967.608
128.561
82.3772
324.963
1097.08
440.266
1051.09
718.433
558.044
773.233
988.248
189.552
717.036
781.232
638.55
1029.75
468.517
878.419
703.808
242.244
670.917
344.327
604.299
182.275
902.339
1111.09
364.005
781.735
933.872
885.6
819.552
165.56
305.315
256.377
506.807
657.596
567.649
616.994
380.005
665.368
645.369
345.485
423.506
212.984
538.028
375.794
719.776
686.135
470.255
406.51
319.226
375.666
357.8
479.185
898.201
252.438
685.143
835.225
209.659
186.067
422.064
324.612
399.731
331.453
607.053
625.096
433.059
218.009
582.767
437.659
448.165
394.382
742.571
176.233
526.077
854.327
452.094
92.3093
617.713
699.157
661.819
453.04
526.621
685.545
523.352
395.335
496.166
83.7616
605.389
499.309
785.217
782.231
592.798
260.231
413.31
221.461
273.249
449.181
833.413
150.748
803.177
776.073
101.592
208.722
256.64
460.401
256.353
496.638
658.587
560.461
551.008
244.79
683.164
292.098
292.072
493.507
659.292
164.839
394.975
774.362
530.292
585.293
839.172
672.095
899.414
74.9466
873.875
950.353
561.912
592.717
515.14
695.388
115.525
858.829
770.316
527.163
630.601
481.741
617.43
658.898
748.901
1176.63
460.298
716.526
1110.96
514.377
465.56
692.988
390.702
702.054
163.175
779.617
909.775
511.528
486.412
671.658
739.484
686.578
524.976
1034.68
348.191
831.233
1143.02
699.824
754.774
738.21
369.221
603.733
731.82
485.671
462.533
568.007
112.947
673.071
565.438
849.566
858.152
678.346
178.631
493.737
134.618
282.567
478.026
830.434
133.776
886.183
777.607
139.864
281.325
166.46
549.867
211.021
585.918
719.111
564.004
635.699
314.396
761.4
240.753
202.428
573.733
647.578
205.828
353.782
762.512
315.636
92.1303
967.956
620.423
387.769
807.62
273.856
174.957
596.125
177.564
700.812
285.328
187.771
62.1691
876.797
206.48
834.441
558.622
462.196
810.211
749.529
186.682
744.423
571.594
421.495
833.022
200.998
707.949
441.699
256.675
621.291
77.1038
393.62
86.3713
738.769
900.414
127.781
753.236
682.859
753.745
825.075
234.303
908.079
889.331
89.0225
655.103
313.026
247.33
642.041
148.691
950.758
131.947
262.275
372.839
927.832
360.161
879.096
511.789
325.209
528.371
849.35
384.068
468.24
615.241
495.407
837.712
458.068
670.482
721.138
61.6117
416.864
359.79
458.193
262.56
688.42
930.364
317.128
525.278
820.927
653.368
566.559
977.909
709.908
313.83
788.052
285.07
175.505
629.648
118.106
787.443
193.215
120.441
154.289
916.747
251.098
872.112
564.044
436.867
747.884
800.981
181.731
683.86
603.781
456.887
859.577
282.857
720.278
532.077
179.939
582.417
160.639
424.609
34.2345
748.024
934.878
173.297
709.406
743.487
748.74
771.653
972.587
851.529
332.662
696.202
803.853
414.035
881.946
928.683
1029.98
1088.53
964.66
325.332
770.104
308.224
414.005
582.952
744.586
461.064
1150.01
717.112
429.057
566.48
209.554
864.186
260.112
948.3
895.288
554.155
919.94
584.23
1007.9
229.961
265
842.108
557.068
563.724
261.859
650.407
928.923
1024.71
622.887
645.118
590.086
743.194
109
900.069
801.439
560.121
698.222
536.624
687.236
732.301
816.315
1244.28
528.909
737
1178.18
589.234
536.717
765.435
433.872
776.995
180.114
828.848
979.357
549.742
555.989
706.219
814.411
755.402
572.658
1105.6
417.27
906.027
1213.02
581.764
322.407
285.175
620.854
211.367
982.286
216.206
351.142
440.829
899.38
392.501
849.965
471.34
272.837
440.083
836.228
471.641
379.381
594.681
490.98
798.862
506.167
625.262
767.584
133.899
337.717
421.391
454.35
344.379
639.203
896.198
365.427
439.557
819.527
592.372
477.678
544.21
632.674
444.681
675.101
1015.7
785.994
880.548
824.968
559.054
646.198
518.353
298.905
351.404
412.485
617.65
969.645
384.984
439.393
505.019
414.542
771.887
274.653
941.76
660.354
249.046
782.849
500.712
821.639
247.407
517.707
697.718
224.591
683.237
132.008
320.564
109.604
350.91
210.718
666.013
389.909
401.693
282.028
640.664
109.11
594.243
284.881
221.995
635.809
542.996
453.816
568.225
324.304
186.968
575.258
244.616
436.982
478.553
266.024
395.061
239.04
150.546
313.179
466.4
654.086
154.353
530.649
508.207
480.988
623.026
457.63
114.529
703.659
296.435
292.438
198.91
746.577
113.031
700.898
390.717
289.111
664.677
640.45
347.333
597.298
431.335
288.028
684.65
222.194
545.404
482.448
189.842
453.471
162.742
253.663
204.201
573.894
762.053
85.7555
587.729
594.832
581.166
667.8
561.063
572.19
736.837
749.043
579.25
289.883
389.693
243.378
190.276
373.551
750.054
222.173
782.806
693.203
26.9258
174.657
240.832
460.353
187.086
539.093
606.172
477.62
535.584
205.061
654.013
224.831
305.369
468.838
575.543
248.556
319.075
690.603
808.31
182.2
208.396
229.473
850.943
224.502
804.137
469.094
323.858
634.748
751.679
297.935
569.717
534.319
396.672
779.605
310.369
628.622
573.188
87.0919
464.634
212.174
360.846
152.266
653.435
862.532
170.66
591.305
708.929
643.737
654.905
973.555
885.772
642.648
635.453
591.628
631.235
733.411
842.136
1267.77
471.83
830.171
1203.21
576.321
551.899
719.245
505.626
755.382
272.947
891.762
997.142
626.927
576.945
787.179
791.4
695.457
638.331
1117.59
365
891.252
1228.42
158.777
347.495
1026.22
403.448
978.562
625.404
449.619
645.038
932.636
287.587
588.501
709.932
576.828
946.37
468.158
785.674
723.609
135.418
548.811
350.704
540.438
206.94
806.38
1034.16
339.158
655.613
891.119
778.974
691.127
243.206
1036.75
371.214
991.848
674.759
530.427
790.435
921.26
128.81
730.499
723.001
576.888
976.951
388.765
833.029
621.46
229.172
659.748
264.705
544.155
104.048
859.257
1054.02
292.551
778.759
862.244
852.133
827.544
853.001
194.589
812.518
562.022
487.124
854.3
718.084
214.953
787.718
556.008
406.287
819.005
151.476
704.833
380.837
312.604
652.326
44.7214
382.46
146.25
737.48
880.409
127.675
786.308
644.939
761.94
863.677
671.241
49.6488
434.029
636.23
945.391
170.836
1062.75
899.761
316.665
459.871
144.941
719.37
310.137
718.43
894.591
694.511
811.055
493.009
939.679
321.629
62.6259
751.383
755.038
282.821
433.609
866.259
628.339
370.648
331.103
740.737
550.091
393.151
673.012
365.33
215.128
627.399
135.772
510.374
380.741
302.84
504.115
149.883
188.672
270.292
543.347
693.975
80.2122
639.735
493.961
573.071
731.191
384.398
586.581
899.565
159.531
1020.78
852.951
269.941
415.406
109.622
681.859
263.188
695.484
846.495
646.481
770.055
447.715
895.665
277.027
72.6154
708.308
709.882
270.017
390.774
821.886
202.615
560.257
408.534
737.816
502.94
172.54
206.155
327.617
484.91
160.431
642.893
490
287.346
517.677
204.414
594.362
184.505
425.682
435.828
390.006
436.858
204.083
504.231
427.968
595.558
618.567
362.064
349.779
293.518
528.11
466.503
352.643
688.66
317.233
173.254
448.074
265.409
470.601
366.531
627.989
363.886
308.691
602.289
329.358
404.109
962.482
911.669
67.7422
732.739
716.092
806.422
874.987
636.75
1112.85
570.827
274.591
824.736
691.237
780.217
624.059
913.401
749.993
192.044
997.03
517.102
99.925
931.991
908.474
245.898
356.09
252.367
575.842
343.456
549.694
807.708
693.839
678.708
392.908
820.06
370.98
226.497
629.471
780.872
112.147
485.644
895.914
850.062
758.241
608.171
1019.38
364.651
890.578
558.358
342.473
762.273
253.308
579.994
148.007
920.205
1087.02
314.213
887.009
859.88
927.333
943.358
674.867
652.035
763.525
807.245
589.787
1045.54
508.174
215.613
757.694
626.335
716.526
580.118
870.873
682.525
160.562
938.758
478.051
112.508
150.233
263.068
440.091
191.771
530.157
579.25
459.289
512.118
179.402
628.449
229.965
331.097
444.099
561.004
264.32
316.992
675.749
412.835
297.889
311.67
437.049
451.885
445.497
362.2
37.2156
480.277
347.911
479.588
294.187
569.127
328.55
404.042
677.9
700.803
180.602
752.312
811.712
564.072
775.016
439.411
886.028
183.535
107.378
705.261
615.02
354.249
291.096
724.71
609.058
263.093
396.89
639.658
124.197
284.565
286.252
644.686
752.001
141.45
775.194
496.928
688.979
866.919
721.583
650.257
385.292
660.113
326.112
749.605
38.2099
286.393
581.997
448.108
410.742
142.843
561.378
659.894
858.878
372.93
446.077
527.077
759.785
767.712
404.408
990.818
441.865
835.063
1092.24
432.023
298.397
414.88
210.642
671.078
900.747
256.285
549.586
773.644
646.203
601.053
615.377
423.449
616.651
381.694
671
532.663
135.724
723.304
295.489
234.019
337.929
162.077
692.789
837.52
85.2115
750.067
608.659
718.048
830.36
449.049
360.917
510.392
265.851
550.364
365.308
407.079
657.031
777.946
959.382
190.589
743.527
758.963
780.835
805.137
290.911
613.609
433.416
443.487
115.966
544.901
773.582
721.803
338.423
397.201
830.784
667.839
570.19
634.656
751.043
824.093
325.129
115.248
552.75
939.127
433.655
