80
1134.04
644.92
767.157
586.941
125.539
1000.31
443.717
699.709
1011.34
1009.56
192.938
778.874
1107.68
1023.77
1032.6
372.263
375.757
26.2488
503.227
606.155
238.835
1269.04
971.006
771.207
467.347
948.991
824.476
25.7099
1191.04
486.927
818.912
420.406
387.964
733.788
494.281
605.258
319.595
1133.41
652.623
888.906
550.614
868.872
917.907
815.383
339.094
795.97
814.84
510.538
675.759
683.36
849.452
742.865
742.362
915.122
414.581
1077.29
773.487
616.283
496.343
506.527
404.98
878.259
934.309
941.225
754.804
746.663
936.028
75.7694
600.281
775.258
816.208
667.935
680.36
320.145
1039.02
353.362
710.522
755.32
700.904
603.327
404.851
565.553
1010.43
241.423
742.405
716.609
413.93
349.017
967.848
618.04
268.213
463.212
152.473
812.385
987.563
1109.82
685.779
657.621
908.595
191.065
284.044
736.571
762.539
309.467
310.628
1118.99
93.2631
647.117
663.962
714.53
774.835
901.002
734.392
723.1
818.541
28.3196
916.498
495.556
820.694
933.955
805.432
846.18
895.273
480.351
363.6
761.473
697.521
493.766
312.464
452.147
509.495
463.069
765.593
224.379
591.936
540.826
729.609
633.596
899.854
684.073
525.837
331.34
802.275
481.087
280.316
1062.08
715.003
592.558
517.38
774.171
543.106
866.019
95.462
825.208
481.938
845.341
474.713
203.735
158.398
524.223
596.102
464.234
685.633
719.774
676.628
547.004
668.692
713.859
761.155
462.709
488.895
698.616
618.68
145.496
541.673
490.408
783.001
360.285
757.222
523.436
333.829
367.012
622.74
686.68
279.177
226.612
293.232
440.938
855.051
155.795
611.563
349.143
615.209
814.325
669.283
218.197
963.105
390.041
868.788
329.134
563.522
459.244
164.879
131.59
129.387
449.464
152.109
105.646
270.379
230.931
663.121
143.611
375.645
152.532
330.648
309.026
290.723
730.236
319.766
795.586
504.017
338.64
569.653
598.77
145.784
171.493
709.88
60.7289
515.454
514.864
486.963
451.774
828.182
144.014
180.294
641.643
399.716
461.213
598.031
540.897
490.719
627.714
551.004
515.164
586.629
274.489
512.642
720.034
741.488
285.217
471.154
566.682
580.408
206.516
657.615
507.442
187.984
176.528
748.591
485.051
301.317
343.949
354.752
465.586
785.313
330.048
547.804
448.189
414.596
763.121
515.341
421.561
873.109
515.566
776.054
495.202
421.541
291.034
356.877
318.057
90.1388
266.507
54.0093
132.91
235.765
370.174
463.027
247.718
295.102
325.346
320.156
495.234
392.841
574.227
186.188
708.19
371.426
169.047
692.033
535.549
249.393
198.6
636.84
143.178
555.933
313.6
518.483
327.671
746.593
70.9366
461.411
498.17
317.813
527.311
594.485
559.915
450.911
514.02
617.508
631.152
449.037
354.739
566.397
561.324
129.541
383.317
390.244
725.865
385.649
599.404
373.846
365.168
276.007
568.585
636.242
136.33
381.43
177.564
306.124
697.485
190.646
453.763
267.905
570.407
659.064
527.524
322.744
804.707
548.031
710.444
332.2
418.57
335.149
234.002
285.507
102.259
340.076
162.975
196.003
367.92
200.552
572.014
289.872
219.128
185.559
177.612
350.116
444.038
588.439
359.961
637.191
357.022
349.315
511.927
440.959
292.104
287.68
551.754
140.236
391.02
470.558
356.877
303.595
669.863
117.175
883.659
343.286
620.562
905.733
899.525
120.503
688.591
993.487
921.81
907.322
278.173
347.541
100.125
380.764
511.265
138.6
1148.85
845.698
696.38
378.022
823.85
701.655
108.577
1069.16
363.629
708.018
296.022
282.793
683.904
377.235
522.495
194.147
1010.42
606.865
788.316
451.07
819.777
818.546
755.573
237.691
690.334
698.087
399.02
565.008
558.137
730.337
617.836
619.578
793.666
293.293
960.927
656.526
500.357
378.803
387.487
312.795
769.188
837.198
816.353
689.342
637.734
810.544
51.6624
515.621
658.381
695.715
597.121
557.195
234.173
915.24
258.768
598.239
696.331
575.578
572.042
487.155
183.404
117.796
817.905
382.991
119.436
235.053
299.715
646.063
794.049
978.461
627.694
453.313
763.398
282.115
403.391
499.289
577.07
417.642
229.428
989.502
234.753
530.42
732.025
600.461
617.483
665.456
687.89
509.009
704.866
219.429
687.642
254.545
806.975
692.87
896.507
606.192
822.218
255.515
185.602
727.474
717.29
467.472
159.891
453.595
531.498
564.895
689.638
77.3886
641.112
384.034
682.792
496.541
847.949
770.655
285.272
437.508
565.553
274.758
372.865
934.4
502.914
642.497
578.433
546.454
538.046
701.862
204.685
662.003
295.393
608.398
452.09
294.985
567.723
568.468
252.492
347.669
672.09
580.484
675.127
74.3303
259.85
425.424
349.285
169.012
206.865
850.527
658.219
374.585
62.2415
644.653
438.321
438.135
783.248
185.173
690.707
189.636
63.0317
416.173
399.591
196.698
231.041
735.558
360.649
446.077
542.123
542.075
848.432
459.179
407.325
352.602
391.203
448.876
572.986
411.458
434.949
466.978
513.321
680.578
324.099
647.114
604.438
201.777
396.703
143.028
475.708
754.955
493.968
646.038
385.697
306.105
615.133
388.577
186.703
606.671
605.251
289.696
457.687
130.177
652.484
91.6079
276.682
406.079
420.534
390.191
423.608
510.31
111.508
544.541
378.114
710.651
345.023
372.486
686.844
606.531
146.728
482.548
758.631
748.195
79.8123
245.247
745.201
483.24
700.607
721.904
430.977
904.374
466.401
356.809
192.603
666.067
99.2472
525.422
699.412
200.569
255.947
813.071
278.455
1074.11
183.175
700.424
236.305
369.962
717.045
811.372
589.897
423.586
628.029
697.637
833.639
604.549
543.766
808.458
313.359
662.233
369.623
765.33
964.428
273.562
755.042
111.041
249.07
703.946
659.121
108.342
810.621
785.064
60.1664
657.542
386.588
648.309
364
276.501
148.607
590.021
66.0379
820.015
278.792
170.106
51.7397
482.827
640.378
744.731
992.512
719.07
413.628
773.301
389.487
580.831
375.49
552.758
592.547
364.725
1004.95
381.408
585.616
883.734
651.273
624.311
540.693
783.001
445.018
748.255
388.577
580.576
135.418
916.38
541.407
1053.22
464.769
891.866
215.557
261.222
828.319
848.322
591.362
274.489
592.305
673.253
732.995
764.317
193.546
788.509
420.862
778
536.777
931.528
928.294
128.456
611.202
440.519
269.757
546.85
953.56
443.361
790.145
733.095
449.525
666.791
694.83
387.919
658.775
316.028
480.763
579.429
820.549
312.899
121.149
117.414
417.494
642.403
763.551
989.571
687.177
425.104
770.73
339.094
518.189
419.44
560.673
530.906
314.326
1001.55
321.311
565.234
831.163
633.108
621.631
586.409
750.169
466.393
733.501
324.137
619.839
169.921
879.057
597.164
999.05
516.4
868.577
219.244
225.078
793.686
803.09
547.366
227.264
543.294
623.61
674.129
738.574
132.458
737.277
404.26
745.107
521.061
903.448
873.616
182.275
550.048
485.619
262.937
485.477
948.618
463.001
738.827
679.121
483.735
621.615
697.821
322.025
660.076
301.902
527.189
534.177
586.353
921.927
831.371
879.255
179.825
229.943
177.341
402.124
413.232
61.0983
1091.81
834.221
583.988
274.521
815.066
657.341
190.877
1018.32
329.48
752.088
273.485
200.562
564.05
417.609
414.239
198.162
964.627
486.526
696.348
520.105
699.989
879.86
637.734
317.065
605.072
633.574
450.983
612.474
552.748
672.013
613.622
631.007
807.917
325.859
894.186
687.655
435.764
417.738
334.253
396.89
815.751
741.385
810.704
573.043
557.756
795.419
150.013
408.678
689.697
715.176
482.597
568.177
127.224
874.208
161.245
524.569
578.166
568.082
434.006
268.835
626.512
410.669
474.51
763.594
611.871
178.81
550.244
649.604
678.565
120.033
312.083
679.012
413.266
776.989
617.023
442.72
876.955
491.581
410.474
283.044
674.867
178.37
567.389
599.164
307.561
144.475
821.156
332.08
1049.42
236.865
735.527
145.499
290.245
725.43
798.815
559.271
341.217
588.328
663.81
782.8
626.024
435.597
779.116
295.296
670.529
381.792
793.095
933.737
165.849
691.269
184.532
180.649
635.492
731.247
180.677
781.181
746.119
171.283
632.096
459.373
556.081
430.081
224.163
227.636
555.835
210.867
373.666
746.418
878.825
1086.57
747.011
538.182
869.41
219.791
493.024
539.894
670.087
511.077
348.08
1098.02
217.568
645.385
840.755
715.095
721.523
706.587
807.318
584.059
818.648
240.416
740.978
290.947
925.86
711.512
1001.6
633.942
940.33
332.2
297.861
846.856
833.217
585.731
278.352
569.172
645.57
663.865
807.976
55.0273
752.363
493.235
802.219
608.173
967.139
875.864
297.619
532.203
605.875
366.995
468.633
1043.69
579.956
753.635
686.804
604.692
655.221
802.237
273.271
763.301
397.485
647.105
569.956
534.555
651.596
741.96
1005.88
753.558
420.015
787.208
427
632.071
353.327
560.161
643.448
411.238
1018.62
426.414
613.241
930.188
676.996
639.175
514.939
817.883
442.764
771.12
437.389
560.823
135.326
953.797
505.004
1100.42
433.416
920.126
234.047
301.957
864.227
890.677
633.593
320.258
637.29
718.401
782.698
794.638
240.684
834.341
447.518
812.936
561.616
962.916
975.832
105.119
661.916
416.293
293.125
597.677
968.542
442.597
836.022
780.439
435.8
709.474
704.954
439.438
670.416
342.895
454.772
622.403
739.379
931.296
1007.44
559.697
623.29
818.511
343.421
132.185
746.282
706.219
157.08
241.002
1015.44
245.051
550.527
511.489
613.209
696.995
902.24
602.545
696.018
713.224
173.142
903.872
528.734
677.532
956.393
654.755
862.9
769.608
481.191
340.689
624.872
549.043
364.523
287.211
315.412
364.111
311.642
644.221
320.403
440.586
476.82
597.998
549.694
766.463
532.455
572.42
179.025
808.721
462.166
129.402
958.501
686.007
441.131
365.571
763.417
403.886
789.687
100.404
749.539
446.004
851.39
345.358
211.747
355.051
360.118
234.649
139.635
923.965
714.365
422.74
100.245
699.065
505.668
368.099
855.46
218.435
712.714
197.73
48.6621
438.321
401.52
246.018
202.2
806.387
372.522
516.653
536.407
570.272
863.135
494.662
377.345
425.762
464.462
447.756
586.53
453.865
507.106
512.165
550.085
722.399
316.741
721.299
631.926
271.825
399.46
193.499
451.545
777.51
562.52
698.756
423.883
380.296
672.26
320.744
238.355
634.133
640.956
328.525
491.082
55.8659
721.361
19.4165
350.796
438.001
465.182
372.263
564.746
341.422
249.73
1076.16
918.069
429.418
225.858
904.383
691.764
385.964
1018.76
430.066
920.31
405.547
260.409
361.5
598.82
299.813
380.434
977.855
279.088
610.237
722.505
495.016
1065.39
449.814
534.939
546.635
626.171
641.049
789.808
664.897
675.397
722.53
761.832
933.809
508.781
864.017
842.065
454.533
597.506
400.011
614.557
985.152
640.314
905.433
397.899
519.348
874.946
364.387
301.496
844.258
852.658
325.149
702.701
185.408
901.271
211.74
507.075
390.274
675.637
476.993
589.536
219.237
1246.12
945.14
759.434
451.602
923.05
800.55
14
1167.51
462.741
793.349
395.747
368.409
727.397
468.159
591.381
294.269
1109.44
646.908
871.271
526.1
862.905
893.678
807
314
777.006
792.9
484.797
650.164
657.465
826.807
716.895
716.128
888.876
388.332
1055.54
747.42
594.471
470.197
483.741
381.035
852.892
917.559
915.201
745.074
726.819
910.307
49.6588
585.969
749.197
789.978
656.849
654.144
304.243
1014.72
335.932
689.772
747.006
675.059
459.831
346.481
851.712
477.313
683.323
411.196
453.194
404.728
481.898
760.277
175.889
356.32
162.929
314.358
759.052
64.6297
521.009
204.01
692.651
709.03
643.354
209.287
877.021
503.036
786.713
210.109
532.984
462.1
113.886
226.418
195.208
469.345
248.942
239.136
413.04
89.4427
701.522
285.701
320.478
59.8415
236.916
220.731
421.062
703.628
442.995
712.159
470.51
447.361
427.57
508.6
287.767
316.141
620.442
177.395
379.592
591.872
355.224
417.096
740.068
214.348
373.484
735.285
640.054
224.056
140.161
633.22
384.187
602.665
681.234
284.412
762.979
322.87
231.698
317.309
519.64
76.844
390.852
645.229
292.515
284.693
666.723
421.628
931.224
328.442
562.275
206.303
294.206
570.636
665.944
452.359
346.733
495.299
560.526
706.196
460.44
522.613
668.319
177.124
515.756
222.948
623.892
824.132
328.154
640.312
254.466
179.513
595.333
555.162
65
670.511
650.012
169.402
516.784
286.128
577.263
253.931
178.241
286.575
454.473
1035.32
773.179
559.004
239.426
754.11
597.978
231.657
960.463
268.477
699.566
212.709
149.218
556.411
366.786
384.173
144.156
905.849
482.83
652.932
478.299
691.485
832.389
622.746
285.217
557.779
578.364
403.441
561.726
492.22
615.287
553.08
572.102
749.003
274.607
840.077
632.142
379.907
366.478
275.224
364.907
763.688
700.489
749.887
554.704
507.851
734.328
181.838
377.127
634.218
657.275
461.182
509.419
97.7394
814.669
120.221
472.017
564.238
507.385
475.105
758.502
858.45
500.484
453.224
1256.42
98.732
787.326
854.836
857.084
892.574
925.504
904.881
789.058
962.499
171.686
957.165
508.639
1001.19
930.627
995.929
853.732
1058.06
534.589
459.527
936.092
883.698
666.118
420.043
630.892
693.911
654.007
925.923
215.407
781.216
656.068
899.938
762.518
1070.24
875.014
517.375
522.383
824.711
556.864
470.112
1200.27
783.534
781.919
707.248
818.717
722.298
979.49
268.822
939.153
575.022
866.25
647.619
795.192
699.058
27.7308
265.927
951.724
377.005
507.028
380.789
561.229
668.321
940.538
510.495
716.225
653.177
305.321
930.634
602.818
566.633
1010.43
522.694
914.327
682.825
534.958
389.179
525.161
429.787
287.712
341.849
229.172
255.691
179.471
565.816
438.321
315.298
474.015
506.412
520.873
669.216
400.281
653.507
48.0521
853.366
501.749
44.7214
895.538
704.904
315.598
239.385
795.331
306.413
759.754
224.722
721.446
472.403
894.687
270.12
323.586
794.484
529.31
773.299
731.804
508.304
972.988
545.575
436.152
167.194
743.592
178.213
605.179
717.045
207.87
250.082
890.706
216.317
1143.92
119.419
780.236
265.092
408.571
794.592
884.514
656.494
460.331
691.082
763.364
891.964
683.615
547.179
876.188
382.215
739.668
446.696
844.976
1031.93
249.275
805.879
66.4831
293.861
751.661
733.541
187.883
878.319
848.896
105.005
726.276
462.212
675.996
441.5
330.643
109.115
655.229
687.186
466.164
464.952
796.747
244.387
750.047
251.873
115.521
354.731
461.832
146.055
287.642
753.539
298.412
424.835
604.206
482.121
909.189
401.464
464.625
341.576
403.12
511.097
634.215
464.004
450.978
517.488
568.014
732.014
385.8
649.844
662.372
229.513
458.939
196.512
534.868
814.05
467.6
690.047
328.938
303.832
655.221
419.44
138.13
664.608
660.04
232.848
514.079
147.363
675.569
119.507
284.543
346.944
471.734
265.767
929.413
402.124
489.295
354.634
541.709
652.518
937.111
484.952
709.736
631.982
330.006
924.801
608.62
539.17
1010.28
499.249
913.824
657.66
536.631
391.245
498.691
402.057
265.754
346.006
206.235
228.878
156.016
542.019
456.162
287.767
464.389
480.937
505.785
642.848
375.971
660.716
22.0907
851.543
500.637
45.9674
873.412
698.196
288.092
211.896
790.972
280.817
743.414
246.132
705.559
468.788
892.453
248.697
810.06
368.391
338.044
519.077
406.69
466.12
675.814
462.534
458.416
511.708
308.934
669.965
350.956
577.782
744.775
689.233
648.514
606.901
271.28
127.142
500.025
490.324
238.103
91.3017
228.983
309.343
381.42
474.178
299.286
423.851
237.548
457.458
323.113
625.39
564.909
407.172
278.568
587.552
235.85
222.38
753.311
447.876
425.47
369.437
532.136
309.713
558.123
216.982
517.433
209.614
629.035
223.056
1177.34
472.086
794.548
404.599
380.706
741.351
471.259
605.026
302.248
1118.88
660.825
884.096
525.381
876.843
892.518
821
314.312
789.411
803.912
486.498
651.455
664.012
837.356
723.194
720.98
893.071
392.92
1066.64
750.187
605.601
473.431
494.276
379.526
853.647
930.618
921.284
759.055
738.892
917.262
57.0088
599.55
751.939
793.849
670.768
659.218
317.616
1023.81
348.933
701.445
761.006
681.746
705.897
756.281
774.935
821.202
898.619
811.844
740.946
880.062
72.9932
922.369
483.374
904.765
918.008
898.685
835.049
968.141
489.311
393.686
841.609
785.581
572.011
348.368
534.663
596.152
556.202
836.768
188.86
682.514
584.429
806.952
685.707
977.418
777.186
503.513
424.075
798.254
501.774
371.383
1120.77
734.156
683.211
608.516
781.195
626.062
910.343
171.817
869.649
512.299
840.836
553.283
505.752
70.1783
169.853
584.85
235.296
345.307
175.422
646.797
538.335
492.016
382.426
701.296
665.402
610.826
306.889
382.294
347.679
286.295
391.796
236.019
372.594
295.244
332.032
504.013
185.194
607.653
419.395
165.774
231.366
61.7414
354.272
569.888
550.205
486.837
536.27
320.825
467.107
415.289
332.844
421.627
423.341
444.784
274.175
256.439
552.113
221.081
270.407
564.416
248.29
515.35
665.331
1078.61
334.94
834.79
555.446
683.749
1040.08
856.981
282.455
1182.76
173.104
1087.29
480.885
758.327
634.353
309.131
143.224
317.695
609.932
295.703
215.523
207.562
426.244
786.298
98.2293
591.278
334.522
556.741
427.142
64.846
916.624
332.952
1015.13
703.204
386.005
747.072
821.984
96.2601
153.951
932.129
246.862
735.556
594.215
709.504
654.059
1049.3
321.809
151.45
604.65
210.012
374
105.423
714.964
550.245
552.598
353.023
727.621
665.83
640.953
246.033
444.173
417.27
259.268
389.221
279.664
442.77
340.485
364.022
540.181
138.224
677.726
436.808
230.417
207.212
115.624
301.761
580.184
609.434
537.22
566.484
383.878
523.154
347.635
362.271
438.99
452.28
471.985
302.372
222.396
619.279
194.201
335.269
590.737
294.681
468.031
358.422
257.955
172.154
769.948
406.867
505.523
496.439
597.068
817.27
516.978
349.155
408.755
433.586
405.844
540.668
405.494
473.527
464.027
501.423
673.858
276.588
693.663
583.769
236.916
356.09
148.223
420.12
730.081
554.802
651.77
444.303
358.71
626.595
329.48
248.477
585.98
592.304
348.174
442.459
92.6984
682.719
53.1507
324.077
462.33
417.03
813.433
243.824
638.952
882.205
82.8734
417.259
957.673
135.96
1245.09
101.02
815.324
423.707
561.712
863.487
975.414
769.661
615.029
811.953
877.826
1021.03
740.27
714.365
984.838
493.917
810.218
526.932
887.974
1140.4
412.994
946.512
100.807
441.475
896.208
711.64
256.628
987.041
967.248
148.607
833.233
460.463
836.932
453.863
468.351
60.1664
771.679
578.288
222.991
742.855
760.235
707.98
147.139
933.94
467.234
844.905
173.623
597.599
525.168
51
195.028
240.626
530.519
287.446
260.156
424.539
92.1792
760.848
279.485
384.662
5.09902
296.971
165.605
398.246
768.238
472.426
770.281
535.12
484.484
419.935
566.072
281.306
324.089
677.425
204.137
413.769
641.758
394.154
481.718
796.882
259.7
427.656
709.186
215.671
310.427
724.556
356.013
1001.59
267.052
603.47
254.484
361.809
629.031
733.297
526.855
415.337
571.106
634.946
782.631
512.104
574.224
741.097
253.251
574.718
285.603
670.009
896.601
342.698
717.011
192.51
242.012
671.507
562.091
12.8062
743.303
725
99.4887
589.499
289.067
645.85
265.092
250.018
219.112
529.646
819.54
574.679
642.966
342.358
768.99
689.609
689.029
177.003
537.122
520.834
261.706
417.743
366.391
547.771
426.755
436.213
612.727
130.92
782.205
489.495
329.257
222.524
212.445
249.419
619.536
697.573
625.432
616.106
478.874
617.22
245.284
417.404
491.538
518.321
519.977
373.247
198.842
723.162
189.283
432.921
634.476
383.298
899.687
473.973
833.119
912.277
827.716
825.408
901.453
463.518
352.178
771.456
712.816
502.479
302.576
463.389
523.646
484.753
770.873
197.677
609.533
534.562
738.011
630.627
908.454
705.596
502.415
352.023
783
467.402
298.511
1062.08
701.439
610.234
535.601
757.486
554.698
860.51
101.119
819.698
471.128
826.005
483.589
450.161
901.967
216.28
1203.2
178.709
749.449
436.225
564.429
809.376
930.087
738.448
618.428
784.903
846.065
997.462
682.703
742.97
948.699
468.139
757.351
483.708
824.064
1103.06
456.246
932.419
150.073
442.366
885.953
632.724
227.706
950.925
937.009
142.352
797.642
388.816
846.085
386.559
460.353
124.258
742.405
848.817
438.406
1029.72
352.142
797.905
110.549
225.515
756.257
800.72
546.671
263.351
561.321
641.646
732.375
676.214
297.311
759.118
327.22
703.188
437.031
845.4
908.055
61.0328
624.22
316.47
173.046
563.011
834.521
309.362
760.989
713.797
315.748
622.861
569.78
446.198
535.557
226.274
358.504
538.457
1079.77
368.014
991.416
213.722
738.976
655.781
96.1509
150.659
341.141
654.37
370.304
313.651
438.248
219.911
876.532
272.591
529.091
151.169
444.11
147.665
335.049
909.497
522.188
916.793
676.755
550.622
483.141
712.436
273.49
340.899
823.459
278.916
540.8
732.954
526.715
623.161
942.733
358.109
1352.18
97.0979
945.884
477.084
622.309
984.553
1087.44
868.219
672.876
905.201
975.82
1107.89
864.896
729.429
1086.91
591.808
930.446
641.264
1016.98
1242.88
415.019
1021.94
167.657
509.868
967.145
847.569
368.452
1089.08
1062.67
256.603
935.959
595.01
880.946
586.502
546.765
137.058
868.014
1257.24
581.667
931.425
806.482
429.131
276.622
490.23
780.417
468.415
388.568
343.338
558.789
946.717
271.33
761.759
468.241
719.714
513.062
125.873
1089.19
477.177
1184.54
876.24
536.836
851.134
988.796
269.364
320.141
1099.78
417.885
880.026
744.93
857.807
826.893
1217.8
494.813
865.936
382.321
526.92
895.739
994.193
772.063
578.081
808.424
879.489
1010.8
778.946
647.563
991.117
496.049
841.253
550.091
934.831
1147.05
336.442
925.286
74.6257
413.237
870.89
787.287
279.029
993.27
965.995
169.579
840.428
525.122
789.765
512.001
449.68
60.075
771.567
688.745
646.283
175.864
338.179
405.098
662.336
456.87
433.779
595.731
132.914
898.023
443.036
472.652
177.282
361.089
80
539.412
855.211
645.626
792.851
627.594
655.172
269.818
592.895
444.617
494.725
696.748
377.048
365.218
800.966
362.891
577.26
811.479
424.279
145.794
646.054
695.112
443.921
195.819
464.004
542.905
647.687
566.032
319.789
660.119
217.002
592.825
328.568
735.153
811.804
170.658
549.837
327.991
62.514
492.443
738.024
249.243
662.071
619.701
293.973
519.555
480.677
413.241
443.928
115.918
370.885
437.252
569.106
588.769
331.726
54.0093
338.993
420.002
507.711
515.147
262.84
537.104
198.6
520.112
311.193
678.812
683.816
283.471
404.965
469.402
122.066
346.808
748.802
353.001
538.897
488.984
423.212
407.751
519.963
284.042
479.642
119.101
511.754
320.975
166.003
270.007
571.707
310.074
270.118
422.715
132.401
799.218
267.255
434.336
55.0364
347.967
144.278
370.228
816.707
484.381
821.114
583.652
502.739
438.098
616.847
268.812
321.622
728.095
221.226
456.885
670.416
439.438
530.137
847.496
288.481
257.093
575.925
264.047
190.78
289.228
287.167
781.001
123.045
504.525
195.249
448.486
288.272
204.48
861.643
383.356
920.405
635.542
419.834
603.848
720.584
123.746
195.064
832.424
181.604
604.405
615.25
581.382
583.178
951.545
269.072
320.145
60.8769
108.167
269.295
281.044
535.717
220.048
276.81
235.85
268.561
406.123
375.49
607.297
259.131
700.928
386.908
254.374
607.85
514.156
222.144
198.567
621.587
76.3217
492.146
401.36
457.089
336.81
736.61
19.2094
317.844
398.764
470.541
529.797
236.212
514.208
236.62
525.422
343.083
689.046
656.191
317.838
361.087
521.943
176.071
300.741
781.54
406.341
515.869
460.717
477.143
394.393
562.072
230.671
521.422
169.641
564.472
306.936
81.1542
214.704
336.886
517.015
198.134
318.198
282.986
324.002
451.054
347.8
620.922
198.698
738.876
410.911
198.494
667.248
558.571
199.945
157.953
663.385
91.4166
551.661
362.861
516.035
364.166
776.026
47
176.918
328.125
592.615
117.478
384.817
256.564
371.571
414.386
269.987
701.463
214.264
808.678
488.363
237.036
666.695
622.235
119.365
92.0272
729.747
62.9682
583.976
425.171
551.335
440.069
844.603
108.208
500.682
608.839
166.184
529.43
421.717
537.573
563.603
221.009
788.235
133.989
943.587
602.218
195.494
839.73
770.26
165.517
101.119
872.519
239.76
758.593
402.057
724.797
561.36
982.231
260.317
765.28
365.548
349.036
91.9837
244.559
169.239
489.911
734.882
532.17
704.535
504.004
534.838
339.081
500.434
367.491
402.424
609.777
266.738
324.484
670.814
307.675
452.249
728.19
299.908
698.44
461.069
755.757
573.894
922.109
821.005
314.701
477.246
613.636
346.204
413.624
1011.62
569.004
699.683
632.361
603.769
604.015
777.149
220.057
737.515
370.527
655.796
519.509
495.117
277.752
467.059
403.06
155.974
818.9
267.675
919.372
605
311.636
699.372
728.306
2.23607
75.9605
837.683
151.605
659.064
515.633
630.356
555.989
954.151
223.652
380.064
116.812
518.189
651.08
386.246
469.524
424.325
155.158
429.616
550.783
240.84
497.277
473.469
345.453
344.42
326.166
450.717
285.394
104.924
459.802
277.908
293.002
170.473
398.018
763.469
468.534
766.632
530.352
480.189
421.849
562.478
279.594
321.409
673.903
200.125
412.351
636.918
392.307
476.934
793.391
254.939
412.816
620.148
494.122
505.951
475.619
268.509
478.787
438.553
273.007
469.294
463.597
385.052
317.805
240.709
540.042
201.308
220.88
504.6
277.51
481.918
904.121
628.65
861.109
673.036
645.949
340.074
658.948
404.361
462.914
765.278
364.139
442.764
807.352
438.043
621.029
881.582
425.146
967.066
353.884
1075.35
758.127
412.244
807.201
883.801
153.808
195.474
993.457
307.35
800.376
620.794
774.344
710.056
1110.09
377.915
677.056
313.321
233.118
614.869
882.326
343.642
820.752
772.42
330.829
683.533
614.252
485.143
581.698
286.575
352.931
598.843
862.133
512.079
64.6607
865.543
705.312
267.927
191.719
799.786
268.6
742.044
268.091
704.671
478.55
902.732
242.87
351.741
809.455
723.017
204.431
921.538
896.027
96.1353
768.344
456.968
740.369
441.654
384.158
43.1045
701.046
458.004
686.361
234.047
607.001
568.04
301.304
461.863
435.966
405.112
397.658
53.6004
393.395
381.43
860.802
660.183
312.247
237.169
750.813
281.81
718.366
208.777
679.744
427.968
850.656
236.028
555.887
701.172
741.038
632.535
604.64
273.075
966.88
301.37
647.785
727.585
625.473
730.512
712.338
112.045
576.709
282.821
636.969
257.562
240.052
231.625
517.015
76.2168
839.877
153.808
661.238
516.475
632.552
558.026
956.332
225.675
818.89
150.207
673.532
443.221
641.683
521.967
932.696
195.576
686.123
363.607
704.003
346.554
323.062
119.633
623.315
523.336
454.252
491.554
411.033
802.796
87.4757
774.412
40.8167
406.636
466.77
504.723
733.648
399.506
783.421
382.472
367.005
454.968
469.038
424.317
332.385
737.361
