80
332.737
550.447
629.623
287.251
400.031
529.366
617.363
414.077
625.425
398.408
952.664
263.759
881.908
174.184
481.062
825.681
662.861
540.068
790.32
491.435
508.183
395.406
820.125
122.385
371.248
602.158
200.823
505.8
591.665
235.669
777.805
793.817
535.238
258.103
848.489
384.173
730.121
251.645
387.418
678.6
448.219
362.012
835.135
873.936
432.023
638.584
994.308
827.539
473.431
466.393
337.153
838.098
424.081
222.104
683.468
263.274
792.487
607.85
438.347
448.475
812.751
725.397
354.408
889.378
482.594
821.653
234.968
687.905
912.14
162.641
326.719
417.77
97.6934
820.611
499.706
142.239
824.879
480.026
352.785
671.775
550.306
454.714
664.883
398.038
611.864
225.056
656.745
467.047
715.691
468.181
903.869
158.902
148.529
817.773
643.087
717.178
593.02
779.827
300.307
601.415
895.116
416.173
554.553
276.586
170.176
177.2
708.431
261.737
823.036
830.858
651.805
464.087
782.704
696.836
699.212
275.683
688.149
782
755.038
667.54
906.739
588.657
696.455
326.087
721.84
870.523
744.342
206.475
630.341
692.908
123.665
520.623
483.335
164.222
833.912
671.261
702.318
706.479
729.573
485.334
320.62
849.322
724.304
891.272
442.005
769.899
706.31
181.025
606.024
176.98
429.532
820.556
270.296
474.723
623.193
188.322
20.1246
363.474
263.501
314.097
432.634
237.118
871.571
176.465
205.876
817.352
290.353
366.489
587.064
773.939
353.21
274.418
116.932
633.003
407.416
541.777
198.116
273.739
448.386
189.781
800.626
673.429
816.726
41.2311
416.293
255.039
276.407
20.3961
295.853
450.348
468.364
323.303
399.426
421.1
128.413
463.728
433.78
289.5
868.892
315.297
781.31
927.72
300.193
342.825
607.495
390.005
570.671
794.967
415.8
582.526
733.878
271.065
116.765
314.865
299.897
453.534
675.237
362.399
443.813
261.964
277.462
317.014
146.741
727.263
627.825
353.566
840.773
534.034
339.485
571.022
544.154
661.829
859.051
685.035
420.019
614.752
157.813
137.033
775.328
211.747
279.428
454.104
468.113
381.923
558.162
585.508
282.096
129.869
476.64
269.652
733.24
284.93
484.22
429.409
588.174
438.554
548.286
643.376
628.154
370.779
398.95
336.574
333.494
348.931
470.568
233.893
748.536
160.524
380.789
708.662
388.635
768.016
709.529
434.673
519.711
629.648
502.961
565.942
372.522
670.022
386.928
658.426
228.989
652.014
622.049
234.132
682.18
340.812
268.531
631.751
621.631
186.815
330.457
278.657
299.541
598.379
419.755
474.444
348.749
367.185
611.347
617.301
723.666
669.875
290.126
323.285
701.875
298.429
705.762
553.413
237.924
386.079
363.067
629.925
353.221
142.773
831.982
48.1041
602.516
339.954
582.124
557.503
411.147
270.647
648.672
364.726
439.264
147.122
533.194
193.961
100.688
649.049
420.862
621.052
304.731
196.003
495.308
512.767
248.002
50.6952
606.012
339.697
478.004
186.869
306.897
391.435
373.375
300.892
548.34
817.628
264.849
652.989
910.842
544.541
313.64
461.382
250.05
648.077
576.876
202.527
560.972
484.357
510.483
326.198
269.631
268.479
582.989
634.263
221.057
631.751
275.496
535.076
60.6712
401.31
764.901
374.092
210.723
608.32
282.002
549.739
453.512
301.935
682.926
641.501
471.553
613.704
519.425
805.062
477.85
345.114
1052.52
204.924
676.089
524.695
803.017
666.989
564.881
225.428
866.279
127.094
676.628
131.229
562.885
278.16
177.341
882.184
587.235
838.981
343.472
422.309
565.39
587.716
313.6
207.562
754.571
155.029
623.853
417.469
107.229
418.871
154.742
123.321
579.142
1052.55
32.3883
889.671
1140.3
607.03
79.511
697.665
91.4166
841.667
781.108
183.48
787.372
652.854
581.344
425.672
38.6394
49.2443
747.703
866.017
458.312
756.22
93.6056
570.489
226.153
453.054
976.947
541.791
76.5506
796.992
332.67
653.542
691.434
317.8
899.389
844.002
683.551
259.763
622.235
327.182
272.369
447.219
431.376
535.434
427.682
427.791
438.416
273.695
530.356
268.337
739.643
130.146
492.441
565.407
515.777
439.606
399.242
507.293
470.568
453.228
294.184
477.528
478.352
413.903
431.978
385.612
725.634
316.602
279.895
692.561
495.445
758.018
686.921
573.022
445.067
635.346
362.691
526.617
518.436
681.208
229.438
636.129
313.409
495.404
573.998
174.897
539.189
484.314
369.391
638.855
632.653
331.549
253.797
182.387
456.169
621.383
557.549
427.563
464.389
388.932
480.833
596.605
568.711
587.609
445.154
167.839
625.732
303.238
548.249
399.516
833.931
74.7329
223.987
584.209
408.705
292.043
583.977
673.666
213.101
48.1664
353.565
403.21
629.582
388.738
388.799
305.644
551.094
351.727
658.709
673.321
717.382
238.296
408.369
219.18
222.612
225.657
412.485
243.614
664.199
115.109
388.672
620.613
251.645
674.143
626.139
313.409
656.611
529.299
621.514
700.928
262.909
564.981
480.755
576.567
333.781
724.988
562.001
370.259
721.687
227.379
132.85
530.42
518.125
228.6
466.412
300.413
272.406
488.262
297.893
423.005
212.763
491.383
634.814
535.905
788.812
637.963
212.191
425.254
662.925
429.84
783.807
619.022
875.013
672.367
898.653
630.252
1125.86
290.062
253
1041.7
866.686
900.369
798.564
904.411
517.117
769.708
1109.46
529.862
729.976
396.043
217.83
236.241
910.358
455.588
1041.51
1050.54
852.35
625.211
1007.43
797.304
923.775
473.178
801.422
988.758
862.021
776.078
1121.82
740.13
837.449
467.03
878.873
1089.77
881.762
415.146
749.947
909.732
146.578
634.598
692.301
152.319
1053.03
884.44
843.697
851.597
953.705
677.49
537.264
1074.38
879
1106.55
600.908
981.206
904.887
263.591
735.65
64
504.892
1043.97
483.365
543.106
826.102
140.218
222.785
227.343
655.824
395.051
258.971
612.542
729.472
204.365
100.125
293.027
476.539
580.517
453.813
350.488
242.918
546.562
321.498
723.764
702.352
773.301
170.082
434.005
166.508
176.389
169.198
399.531
277.065
627.934
147.597
414.421
582.454
176.912
631.373
591.027
252.765
731.339
483.926
689.873
774.535
214.96
515.675
540.934
543.283
398.323
773.685
543.207
444.865
754.74
178.191
62.3699
484.314
470.619
277.087
540.948
337.753
283.637
436.24
237.118
413.853
139.014
560.96
661.253
503.719
833.355
634.555
196.698
489.165
654.966
502.336
834.298
665.613
707.425
190.394
485.412
395.324
568.595
427.675
271.533
274.142
521.36
469.392
357.056
220.411
441.244
327.116
168.505
603.119
484.393
611.19
241.473
218.048
385.292
399.302
185.626
193.396
465.053
470.593
338.999
199.62
432.474
316.526
494.604
431.49
454.714
716.673
364.737
591.143
797.277
435.198
409.646
409.078
380.217
508.319
589.836
345.162
443.696
541.045
399.11
217.8
367.92
360.922
440.386
526.165
158.146
495.707
349.185
439.966
200.9
310.345
633.6
441.073
339.229
638.283
414.03
422.238
381.115
439.223
554.693
653.694
479.794
878.009
719.281
815.169
646.692
619.141
558.158
930.679
186.938
1175.92
445.566
925.635
824.879
957.625
875.491
516.656
873.291
671.739
822.344
726.777
731.314
717.908
803.03
878.801
480.608
1171.63
540.786
716.029
1136.98
827.363
1201.02
1132.73
823.969
209.881
1071.27
441.475
141.421
747.46
1114.63
512.665
1081.67
278.097
752.088
1020.93
274.401
879.83
728.113
716.713
1074.11
1065.81
430.314
232.207
626.69
560.558
1047.22
812.01
874.781
782.064
105.304
862.951
1041.61
834.856
1023.08
636.84
460.336
1063.93
155.801
774.2
705.374
640.02
341.088
601.706
599.363
456.859
278.539
695.346
329.71
478.361
139.646
563.37
158.319
107.629
677.284
416.386
639.072
331.254
217.911
531.3
549.665
276.942
5.65685
652.077
294.496
523.345
212.551
264.015
418.699
331.622
256.035
578.883
858.819
234.293
685.42
954.62
579.946
283.302
493.32
205.828
696.174
588.129
154.78
606.132
481.331
546.762
363.891
239.635
241.174
630.151
677.481
261.457
675.666
256.125
566.198
30.0167
432.948
812.089
369.385
167.887
613.372
245.155
590.851
490.315
260.762
729.708
652.247
486.016
870.275
960.325
105.721
263.805
455.132
576.254
752.469
665.111
564.588
145.427
796.274
550.906
930.204
960.052
1003.72
333.074
692.169
111.45
90.802
372.787
645.006
238.883
831.118
222.056
672.509
783.207
260.783
818.82
798.031
134.715
854.04
672.376
883.315
856.624
71.0634
690.887
763.835
755.811
442.309
1016.1
778.586
593.024
1010.91
95.4254
276.384
670.792
654.232
291.11
684.676
590.597
166.012
609.269
131.746
662.181
223.036
614.103
919.592
719.953
1080.79
884.173
92.9731
703.147
900.41
589.031
1074.05
910.818
307.423
796.955
623.472
610.532
667.884
633.265
372.035
480.169
836.558
262.011
439.915
429.104
89.8109
334.081
626.846
178.751
776.835
788.683
568.468
336.186
790.145
542.322
686.927
198.204
536.993
708.256
602.501
514.841
849.942
715.825
556.92
469.256
842.129
826.351
603.269
309.377
480.82
740.509
260.094
368.09
557.348
146.823
789.734
612.459
563.028
569.289
744.852
583.518
285.771
845.048
593.152
835.108
312.144
705.471
787.871
53.3667
460.245
273.247
270.651
795.961
354.866
315.905
701.131
320.975
179.011
865.685
696.593
833.389
558.201
921.18
303.449
729.025
972.249
562.968
679.166
148.327
306.185
43.8292
807.406
386.157
891.938
896.278
753.571
598.119
806.758
843.11
744.013
396.045
832.544
873.41
900.069
812.859
982.22
488.754
833.967
215.244
627.033
936.573
882.479
198.799
774.019
681.956
107.787
666.298
457.526
277.651
900.887
754.626
839.639
842.487
748.438
430.109
411.692
881.796
856.403
966.57
577.506
854.551
658.408
325.83
747.759
189
578.018
871.608
265.437
623.154
583.212
131.848
128.413
175.237
458.541
471.383
757.565
566.912
545.297
213.359
750.552
522
829.212
886.183
908.721
328.641
621.412
131.529
110.887
353.696
603.871
143.388
820.529
121.828
601.706
773.68
278.002
816.765
785.016
209.172
748.878
668.366
780.433
754.915
130.924
693.68
667.8
739.227
341.142
926.44
746.419
487.647
933.64
121.659
243.526
667.764
652.421
188.939
578.999
512.55
95.1893
611.859
199.459
618.156
230.825
514.421
847.902
700.858
994.041
838.466
19.4165
605.212
859.317
485.174
982.712
823.383
391.346
382.008
673.021
403.838
434.729
299.55
598.619
398.898
671.923
712.338
740.041
270.187
449.806
207.171
205.572
265
460.626
195.479
710.881
67.6018
430.202
666.915
269.631
719.476
672.983
305
644.629
573.778
630.079
679.956
245.326
608.266
500.645
623.645
298.198
753.26
610.158
362.088
758.831
212.257
162.484
574.687
561.944
182.937
458.279
338.195
226.55
530.434
290
471.004
225.858
461.85
674.961
583.097
819.625
685.283
177.496
441.444
710.676
406.116
810.606
649.126
745.242
299.541
628.978
146.578
337.5
424.972
172.186
876.781
691.075
874.691
130.388
455.496
346.237
369.242
128.316
284.113
564.358
379.189
439.065
441.78
331.023
195.092
363.688
348.749
353.747
972.721
218.002
865.023
1037.69
384.948
236.516
682.798
312.162
687.309
840.652
366.547
688.723
754.899
361.902
232.175
216.058
199.251
569.865
779.192
430.042
551.751
154.557
345.306
308.449
233.452
842.278
644.178
282.195
877.036
503.314
443.117
654.64
503.751
774.918
905.403
732.593
989.273
298.002
738.93
664.831
783.848
689.094
457.092
736.033
591.991
640.038
558.144
569.696
559.33
618.098
696.427
347.197
987.811
375.617
545.425
952.194
651.283
1015.6
948.801
666.082
278.086
884.654
387.487
298.104
592.811
927.811
387.16
897.602
152.118
654.714
841.25
111.005
753.16
568.863
536.046
887.433
878.998
287.701
140.121
450.557
432.714
860.289
652.872
693.776
607.837
121.84
718.741
857.254
736.962
853.942
487.066
323.303
893.009
34.9285
690.046
586.742
803.678
250.38
625.924
375.161
300.887
1005.65
687.699
955.704
428.924
545.19
645.031
668.195
411.655
331.851
856.986
137
728.075
541.558
108.632
491.717
82.365
137.481
641.749
1179.47
104.69
1015.13
1266.03
681.674
64.846
823.03
154.467
957.773
892.592
269.818
912.735
752.407
660.521
523.651
101.863
111.83
855.629
992.434
585.355
850.032
145.784
635.595
348.52
532.565
1098.03
644.112
173.807
902.002
409.414
742.441
818.18
382.649
1021.98
954.216
798.997
566.989
694.122
525.212
512.762
270.118
438.041
345.114
567.008
291.015
607.224
608.395
522.044
477.448
503.362
768.615
445.148
284.192
741.804
616.951
809.846
731.391
702.14
382.655
702.078
240.102
490.723
648.514
750.131
105.603
682.702
393.178
381.241
602.462
187
456.698
614.252
491.601
706.412
703.022
445.449
217.35
218.323
578.623
699.769
686.61
466.648
588.942
416.473
421.855
646.038
459.306
583.124
574.31
38.4187
625.717
330.341
429.005
296.946
465.249
278.69
54.231
791.581
556.004
768.128
233.773
343.036
453.141
474.368
193.003
144.848
626.039
277.462
494.96
333.216
232.433
317.616
285.829
240.635
481.419
935.579
145.911
790.924
1017.66
498.086
189.381
601.016
193.933
710.623
723.089
223.652
664.055
620.977
469.163
301.921
148.519
140.584
617.308
746.121
351.353
631.962
133.135
470.737
169.387
343.926
847.883
509.009
156.003
751.618
356.867
533.085
585.921
358.812
771.596
787.589
618.45
721.649
463.303
964.206
925.605
1016.08
233.857
658.73
95.2575
107.005
286.435
568.797
356.463
716.526
289.358
639.85
668.367
147.679
697.026
686.195
16.2788
937.13
554.593
926.729
957.051
83.8153
567.022
783.539
648.204
547.522
1013.93
687.416
659.729
982.003
96.7729
225.089
552.175
534.899
396.55
755.35
574.528
299.201
487.173
14.2127
589.173
132.612
721.419
881.969
615.665
1070.77
807.674
194.095
730.264
817.67
683.242
1075.33
905.001
261.673
667.847
312.64
593.33
489.124
234.201
688.451
706.307
435.24
152.948
791.253
280.765
666.112
242.44
275.53
576.587
340.508
252.858
737.184
905.069
310.306
693.026
1015.7
737.397
352.813
507.425
221.002
809.425
521.993
106.471
683.483
377.625
703.768
519.892
316.623
326.35
762.803
739.706
333.39
822.35
360.257
724.517
134.134
591.237
904.709
269.002
206.167
527.077
88.0568
743.236
525.681
113.745
818.775
581.984
436.079
738.654
519.216
718.853
229.506
294.151
440.155
460.109
179.402
113.278
592.881
313.088
461.738
283.143
271.013
316.628
329.492
274.696
479.15
882.026
196.237
737.092
965.486
487.263
241.603
547.537
224.849
666.479
677.082
227.695
612.016
583.342
456.005
279.458
199.482
193.093
579.974
693.077
297.254
605.069
187.275
467.234
137.131
335.839
799.641
472.268
184.201
708.983
345.585
511.25
531.753
354.397
722.115
741.761
571.08
444.815
160.312
829.165
460.463
876.761
877.226
780.417
674.638
748.615
942.306
708.461
464.738
925.845
884.231
994.546
909.147
972.109
344.524
911.4
75.1864
483.501
917.175
960.44
194.041
866.1
596.138
254.663
765.655
371.286
423.236
883.386
759.771
916.608
916.893
687.355
319.169
447.076
829.559
923.546
956.601
657.136
857.989
542.913
457.351
835.491
332.629
696.231
838.172
234.776
741.837
476.602
262.002
258.157
322.056
713.584
268.496
866.564
878.479
655.172
411.156
876.325
584.785
775.294
287.988
586.069
795.922
648.298
561.513
939.106
756.897
619.621
496.263
888.3
916.106
663.992
360.855
533.339
817.92
230.489
418.12
625.029
65.7343
879.501
701.815
625.871
633.852
829.61
641.165
374.237
932.894
661.937
924.332
386.626
794.22
853.985
47.0106
518.036
216.947
296.22
885.402
415.562
338.044
768.287
281.853
187.224
850.455
425.095
935.718
939.992
796.373
635.324
848.036
874.026
786.992
435.776
865.129
916.91
932.16
844.695
1026.05
504.834
870.201
233.137
643.796
980.291
918.491
241.23
807.1
719.209
101.356
697.802
493.794
285.428
944.632
798.343
875.951
879.291
789.314
460.792
454.683
923.725
894.47
1010.4
614.205
898.268
688.763
346.771
782.001
173.442
603.339
914.807
306.888
648.014
615.783
102.591
157.433
454.814
222.02
244.248
58.4123
336.774
435.133
498.443
312.194
437.595
450.694
87.4643
489.612
465
249.772
883.435
341.678
807.062
936.701
265.089
365.121
636.969
422.928
568.37
831.306
454.104
596.108
773.667
238.008
107.713
340.635
324.78
443.776
690.241
395.774
421.466
283.24
238.195
358.098
110.549
729.485
668.138
387.738
878.59
574.474
313.64
597.61
583.825
667.572
895.154
721.266
598.084
610.02
396.913
214.898
625.09
488.484
514.942
19.7231
467.847
533.578
536.731
453.278
671.9
671.67
452.124
473.355
781.54
647.611
501.092
282.294
407.907
602.608
385.156
315.94
453.931
323.279
611.006
434.173
457.515
458.94
584.689
505.969
120.503
674.307
470.537
656.967
196.698
528.334
679.897
227.438
375.682
425.065
296.493
619.556
292.742
337.218
592.946
449.908
277.541
23.4094
261.559
536.395
270.148
720.4
194.139
578.662
672.583
154.638
709.603
687.007
98.4124
841.904
562.502
836.803
862.566
49.93
582.646
699.904
644.485
454.737
939.31
667.839
565.279
920.091
16.0312
169.956
561.111
544.772
305.159
660.681
504.254
225.089
500.759
84.0238
554.337
112.872
628.411
824.597
608.521
999.742
776.109
112.45
644.078
791.091
588.444
999.409
831.647
282.179
554.693
251.794
742.69
185.003
590.493
694.933
178.037
732.451
709.085
106.794
833.173
585.188
835.543
850.43
40.3113
605.706
702.824
666.217
440.52
946.034
687.786
559.228
931.126
10.8167
186.625
583.857
567.585
289.721
654.07
513.408
203.217
523.79
94.1488
572.176
135.794
614.414
837.022
629.973
1007.75
794.116
91.5478
645.629
809.882
577.001
1005.56
838.98
282.363
445.337
466.833
316.766
379.891
420.044
143.534
465.124
431.459
301.944
851.477
316.891
761.444
911.974
308.058
346.85
587.219
386.419
559.422
774.935
406.736
565.545
715.291
277.51
112.579
316.866
302.552
445.84
657.779
342.013
442.676
267.06
289.36
302.87
156.732
714.031
609.738
349
821.143
521.513
340.802
551.073
533.014
647.352
838.976
664.976
655.759
294.279
527.213
209.976
264.56
424.213
332.405
255.973
584.295
858.251
237.228
683.339
954.679
585.089
286.196
491.232
206.041
698.434
583.815
151.832
606.647
476.151
551.838
368.816
242.638
244.518
633.43
677.422
260.967
679.851
260.277
571.584
24.5967
438.292
813.423
364.161
168.6
608.612
239.927
595.457
488.984
255.979
730.837
647.878
482
903.285
131.217
606.111
858.438
402.618
908.366
865.833
352.558
624.585
760.989
691.725
618.728
274.308
792.187
608.649
817.108
205.022
880.429
805.604
385.798
916.02
262.589
333.624
761.355
747.543
62.1772
469.084
506.711
85.7263
712.059
342.66
665.508
353.836
375.357
843.081
776.862
954.323
877.055
162.459
541.325
904.027
355.609
931.469
784.903
772.12
489.655
48.1664
573.502
66.9403
39.1152
732.746
1150.78
162.607
961.108
1248.93
762.006
164.596
770.73
90.4268
977.369
801.798
177.158
900.482
647.364
736.359
578.07
165.738
183.415
892.718
971.574
554.487
908.666
233.324
724.489
302.3
608.082
1102.83
544.332
131.37
801.626
293.109
807.468
777.023
259.509
1021.88
860.708
716.695
495.435
727.386
293.777
777.913
734.629
291.247
648.25
630.933
661.309
669.664
221
663.23
546.008
685.893
268.365
806.113
676.081
375.662
820.148
194.064
206.903
631.463
617.975
131.712
469.777
401.171
159.703
583.824
277.651
538.046
246.045
439.769
738.857
645.666
874.886
752.846
129.711
483.426
778.029
395.034
861.768
704.143
467.241
515.644
536.079
453.766
652.939
666.168
446.7
474.529
773.807
628.154
495.736
282.668
407.344
586.491
399.322
319.32
442.459
342.266
591.531
415.145
451.948
452.642
566.198
497.363
103.005
654.853
462.283
637.967
193.424
509.716
667.027
247.121
373.872
441.408
308.521
599.834
288.425
348.174
580.293
464.004
290.823
525.381
68.884
29.1548
684.588
1122.8
114.756
941.182
1217.74
714.001
121.606
749.737
59.9416
937.107
797.085
169.071
867.421
650.028
688.53
531.674
118.14
135.857
849.213
941.014
525.464
862.328
186.011
676.322
275.697
560.175
1065.91
543.721
96.2601
801.901
302.233
760.424
752.205
274.184
985.991
857.453
707.743
558.507
541.872
163.817
908.249
413.03
856.23
949.362
190.163
430.155
695.14
502.333
560.986
903.819
539.796
621.631
854.904
169.641
126.063
411.147
394.325
423.08
717.602
464.217
373.181
348.662
153.287
445.426
48.7955
729.505
750.985
468.915
954.573
661.853
260.5
650.052
670.703
675.746
966.975
793.817
87.6641
713.057
1190.36
148.432
1010.07
1283.91
748.572
130.465
818.605
128.825
995.591
862.499
234.61
932.719
711.475
725.358
577.666
149.05
164.906
902.346
1007.61
593
907.424
210.117
706.018
344.224
596.732
1128.09
606.973
163.808
864.838
358.804
802.567
820.679
326.172
1049.14
922.233
774.729
702.454
1113.29
136.488
926.431
1210.63
729.395
148.923
735.558
51.3128
938.392
774.851
146.986
861.795
625.065
703.003
542.086
140.631
158.231
854.571
933.391
516.568
872.473
208.543
693.745
264.781
575.105
1063.74
519.782
92.2822
777.808
275.073
772.26
740.441
245.88
982.847
834.671
687.263
939.479
570.777
933.641
957.04
78.2943
583.003
792.591
664.483
546.202
1025.13
703.483
663.666
995.173
97.2522
237.857
568.34
551.05
394.64
759.003
586.26
292.335
503.254
15.6525
604.549
147.299
720.118
895.644
631.931
1082.63
823.321
190.158
738.531
833.538
683.773
1086.29
916.4
1076.12
273.514
139.032
868.005
1123.05
408.011
1064.12
423.481
596.525
985.02
287.503
749.7
842.314
786.301
1080
1074.91
565.685
193.706
597.369
709.764
1065.84
925.74
848.538
868.232
285.246
756.812
1026.7
676.427
956.804
764.155
379.411
1000.84
270.185
606.267
574.27
917.624
1161.57
602.561
49.0408
725.784
114.63
855.15
813.039
214.238
808.191
685.236
578.342
429.467
6.32456
21.9545
756.701
888.408
483.96
759.011
72.0902
562.854
256.628
449.694
993.783
574.178
106.888
829.308
363.191
654.249
717.865
346.716
917.414
876.028
715.042
411.947
875.007
966.53
192.107
881.241
530.338
323.011
786.217
308.603
481.705
842.335
730.505
922.521
921.36
629.865
248.073
440.454
774.355
923.926
918.314
667.863
826.755
469.158
503.254
848.378
403.194
729.548
790.598
210.687
774.995
405.209
335.538
309.535
881.554
1206.91
532.752
1160.36
414.316
734.817
1089.12
353.633
884.319
860.389
833.665
1164.95
1158.2
566.083
277.705
695.14
700.018
1144.14
944.542
947.503
905.684
245.294
885.395
1121.53
815.098
1073.06
772.117
494.802
1116.1
274.871
745.296
708.316
620.31
743.119
687.968
469.439
986.005
714.782
596.39
969.33
36.7696
219.713
600.853
584.173
317.479
690.763
552.533
215.411
538.814
69.6348
603.332
154.548
643.257
874.277
652.764
1047.37
824.934
112.009
685.8
839.288
609.266
1045.65
878.791
774.732
143.265
893.824
860.281
252.668
853.342
729.452
598.248
458.926
44.0114
48.8365
790.829
934.631
532.184
785.84
82
576.222
305.367
469.936
1035.52
618.971
146.758
875.059
399.846
678.755
766.33
379.49
960.251
923.027
763.036
689.807
494.899
276.538
597.059
278.455
369.049
708.001
572.245
730.733
729.855
550.993
280.829
253.442
683.067
733.706
776.959
475.866
671.545
499.842
353.545
656.528
355.879
551.763
674.24
68.9638
596.518
416.89
323.402
199.582
887.331
740.735
115.352
811.022
597.967
660.512
495.841
120.216
136.125
804.801
883.301
466.974
825.621
184.253
655.131
216.227
533.428
1012.44
490
41.1461
748.067
258.054
726.935
692.666
236.237
931.621
801.706
649.822
770.746
849.403
226.226
844.873
450.849
460.679
856.918
845.944
152.237
288.212
484.134
288.363
819.445
534.485
701.145
513.881
173.922
793.459
846.196
850.767
887.904
358.755
426.386
922.499
153.31
812.778
690.103
628.173
550.102
186.869
949.603
791.154
819.022
824.073
824.428
531.492
440.581
951.357
843.995
1009.58
561.093
890.324
759.266
261.704
719.106
83.0241
521.591
930.491
345.492
565.106
681.476
64.7611
110.073
746.995
482.648
683.697
505.814
220.513
232.723
784.771
811.498
395.202
826.01
273.066
692.243
148.647
562.492
959.859
375.108
107.355
633.285
149.218
736.614
607.727
138.773
875.948
688.393
540.379
642.623
567.575
498.964
811.498
804.607
323.633
96.3328
352.346
470.022
790.729
649.233
601.612
582.718
230.671
607.978
771.493
631.583
750.417
500.357
213.122
790.623
143.785
589.001
477.745
932.612
757.407
691.492
699.546
866.885
649.113
421.284
976.056
727.648
980.222
451.669
851.382
868.305
112.272
583.337
157.28
356.523
933.819
429.913
396.743
784.18
229.613
176.148
184.743
576.923
560.552
300.222
662.599
515.784
213.715
516.392
84.1724
569.64
128.658
624.721
837.768
624.552
1010.73
791.477
102.303
651.345
806.685
586.789
1009.39
842.262
429.439
415.047
337.8
594.445
350.755
330.654
378.482
222.83
385.798
99.925
622.673
658.8
457.341
846.353
607.791
232
525.224
624.54
562.616
853.277
681.725
17.72
757.581
892.045
488.374
758.663
68.0074
560.558
262.225
448.264
996.227
580.407
113.159
835.464
369.437
653.521
722.42
352.8
920.116
882.046
720.878
744.731
886.17
485.412
743.68
50.3289
543.368
265.089
431.904
986.879
588.09
125.718
842.151
381.914
638.003
719.881
366.652
911.463
887.381
724.846
407.237
464.812
147.258
712.417
383.294
641.137
374.681
325.83
798.076
764.016
899.485
847.085
206.526
483.108
876.316
298.329
874.277
730.935
417.483
554.495
875.134
744.688
669.902
678.97
228.3
630.889
844.759
614.479
800.053
592.491
228.729
842.262
157.436
561.193
476
559.379
484.487
570.827
252.462
449.751
571.319
337.913
429.337
496.4
406.341
512.536
234.719
443.677
485.479
503.16
330.992
704.248
285
692.269
325.867
455.317
897.29
786.512
1023.18
909.63
113.225
616.915
933.253
440.283
1004.31
852.817
496.004
282.936
388.005
965.203
615.556
168.505
866.386
421.849
596.846
719.028
409.718
892.033
907.939
742.097
591.622
133.776
708.402
880.975
622.101
1067.21
810.869
180.236
722.97
821.616
670.953
1070.71
900.888
458.062
811.819
339.638
180.967
584.823
221.995
610.318
476.508
241.267
728.371
625.003
460.132
683.354
750.243
498.271
944.38
677.897
213.806
623.244
689.743
631.457
952.677
780.712
838.22
971.774
842.171
975.512
532.28
439.028
1014.33
87.3212
789.446
698.668
473.448
258.194
259.946
846.519
402.823
303.427
751.729
317.479
200.172
730.499
256.353
688.89
657.088
241.456
891.201
781.025
625.212
512.691
997.121
424.577
553.61
764.04
83.6002
170.742
831.241
578.849
45.607
888.813
576.92
449.628
612.5
851.231
501.575
987.385
826.615
622.391
354.318
391.874
265.339
927.921
619.533
494.802
714.927
616.346
174.04
