15
31.7805
62.6498
90.802
114.769
133.462
147.054
153.834
153.942
147.363
133.959
115.434
91.6079
63.561
32.7567
32.2025
63.0317
90.9175
114.481
133.735
146.769
153.688
153.681
146.578
133.81
115.039
91.0055
63
32.249
62.9365
90.4489
114.63
133.454
146.986
153.639
153.219
146.82
133.959
115
91.0055
32.1403
62.3939
90.4434
114.237
133.795
146.823
153.114
153.375
147
133.959
115.039
31.6228
62.2656
89.9389
114.621
133.417
146.113
153
153.375
146.82
133.81
31.8904
62.2013
90.8735
114.543
133
146.113
153.114
153.219
146.578
31.7805
63.3482
91
114.543
133.417
146.823
153.639
153.681
33
63.3482
90.8735
114.621
133.795
146.986
153.688
31.7805
62.2013
89.9389
114.237
133.454
146.769
31.8904
62.2656
90.4434
114.63
133.735
31.6228
62.3939
90.4489
114.481
32.1403
62.9365
90.9175
32.249
63.0317
32.2025
