15
7.28011
14.3178
21.4009
26.2488
30.8869
34.4819
36.1248
36.2215
34.7851
31.3847
26.9072
22.2036
15.2315
8.24621
7.2111
14.8661
20.5913
26.2488
31.1448
34.2345
35.7351
35.8469
33.9706
30.8058
27.313
21.3776
15
8.06226
14.5602
21.095
27.1662
31.6228
34.4819
36.1248
35.805
34.0147
31.7805
27
21.3776
7
14.1421
21.1896
26.9258
31.1448
34.4093
35.8469
35.6931
35
31.7805
27.313
7.28011
14.7648
21.2603
26.4008
30.8707
33.7343
35
35.6931
34.0147
30.8058
7.81025
15
21.0238
26.6833
31
33.7343
35.8469
35.805
33.9706
7.61577
14.3178
21
26.6833
30.8707
34.4093
36.1248
35.8469
7
14.3178
21.0238
26.4008
31.1448
34.4819
35.7351
7.61577
15
21.2603
26.9258
31.6228
34.2345
7.81025
14.7648
21.1896
27.1662
31.1448
7.28011
14.1421
21.095
26.2488
7
14.5602
20.5913
8.06226
14.8661
7.2111
