15
1
1.41421
2.23607
3.16228
3.16228
4.12311
4
4.12311
4.47214
3.60555
3.60555
2.82843
2.23607
1.41421
1
1.41421
2.23607
2.23607
3.16228
3
3.16228
3.60555
2.82843
2.82843
2.23607
2
1
1
2
2
3
3.16228
3.60555
4.24264
3.60555
3.60555
3.16228
3
2
1
1
2
2.23607
2.82843
3.60555
3.16228
3.16228
3
3.16228
2.23607
0
1
1.41421
2.23607
3.16228
3
3
3.16228
3.60555
2.82843
1
1.41421
2.23607
3.16228
3
3
3.16228
3.60555
2.82843
1
2
3
3.16228
3.16228
3.60555
4.24264
3.60555
1
2
2.23607
2.23607
2.82843
3.60555
3.16228
1
1.41421
1.41421
2.23607
3.16228
3
1
1
2
3
3.16228
0
1
2
2.23607
1
2
2.23607
1
1.41421
1
