15
26.6833
51.8941
75
94.921
110.639
121.758
127.664
127.769
122.066
111.14
95.5877
75.8024
52.8015
27.6586
26.4008
51.7397
74.793
94.5569
110.549
121.696
127.44
127.264
121.754
111.018
95.3415
75.71
53
26.4197
51.5461
74.4312
94.5304
110.368
121.433
126.732
126.827
121.334
110.422
95
75.71
26.1725
51.2445
74.6324
94.5145
110.454
121.017
126.716
126.696
121
110.422
95.3415
26.2488
51.9711
75.0733
95.2103
110.571
121.598
127
126.696
121.334
111.018
26.9072
52.2015
75.6439
95.1262
111
121.598
126.716
126.827
121.754
26.4008
52.1728
75
95.1262
110.571
121.017
126.732
127.264
27
52.1728
75.6439
95.2103
110.454
121.433
127.44
26.4008
52.2015
75.0733
94.5145
110.368
121.696
26.9072
51.9711
74.6324
94.5304
110.549
26.2488
51.2445
74.4312
94.5569
26.1725
51.5461
74.793
26.4197
51.7397
26.4008
