15
173.98
341.563
493.844
623.847
726.23
797.87
834.547
834.652
797.87
726.23
623.847
493.844
341.563
174.957
174.837
341.99
493.293
622.666
725.989
797.332
833.914
833.271
796.588
725.877
623.119
492.674
341
175.137
341.541
492.647
623.503
726.709
798.424
834.125
834.101
798.164
727.066
624
493.653
173.934
339.912
492.375
622.788
726.423
796.9
833.599
834.137
798
727.066
624.032
173.612
340.978
492.804
623.683
725.668
797.261
834
834.137
798.164
726.686
174.897
341.434
493.763
622.721
726
797.261
833.599
834.101
797.258
174.132
341.463
492
622.721
725.668
796.9
834.125
833.77
175
340.485
492.85
622.874
725.753
797.924
833.914
173.22
340.626
492.135
622.288
726.4
797.332
174.897
340.978
492.375
623.503
725.885
173.612
339.912
492.647
622.357
173.934
341.541
492.793
175.137
341.321
174.026
