30
64.3817
128.86
191.635
252.923
310.961
365.034
416.32
462.404
503.477
538.934
569
591.687
609.173
619.316
622
619.42
609.173
591.687
569
538.934
503.477
462.404
416.32
365.034
310.961
252.923
191.635
128.86
65.3758
65.146
129.356
192.627
253.428
310.846
366.072
416.646
462.776
503.612
539.498
568.384
592.254
609
618.321
622.513
618.887
607.99
591.772
567.881
538.221
502.691
461.642
414.904
364.815
310.227
251.645
191.05
129
65
129.619
192.588
252.794
311.437
366.03
416.8
462.654
504.058
538.917
569
592.254
608.195
619.195
622.306
618.191
608.685
591.291
567.805
538.251
502.722
461.069
415.531
365
309.763
252
192.044
65.192
129.557
191.818
253.16
311.103
365.887
416.195
462.602
503
538.917
568.384
590.735
608.395
618.191
620.89
618.198
607.495
590.452
567.219
537.626
501.552
461.104
415.232
364
309.763
252.622
65.215
128.996
192.51
253.308
311.642
365.978
417
462.602
504.058
539.498
568.086
592.271
608.685
618.198
622.361
618.463
608.03
591.338
567.958
537.792
502.801
462
415.232
365
311.178
64.4748
129.341
192.208
253.338
311
365.978
416.195
462.654
503.612
538.068
568.468
591.291
607.495
618.463
621.422
617.738
607.806
590.942
567.078
538
502.801
461.104
415.531
365.728
65.5134
129.757
193
253.338
311.642
365.887
416.8
462.776
502.667
538.889
567.805
590.452
608.03
617.738
620.765
617.622
607.381
590
567.078
537.792
501.552
461.069
415.769
65
129.757
192.208
253.308
311.103
366.03
416.646
461.66
503.433
538.251
567.219
591.338
607.806
617.622
621.409
618
607.381
590.942
567.958
537.626
502.722
462.45
65.5134
129.341
192.51
253.16
311.437
366.072
415.65
462.45
502.722
537.626
567.958
590.942
607.381
618
621.409
617.622
607.806
591.338
567.219
538.251
503.433
64.4748
128.996
191.818
252.794
310.846
364.446
415.769
461.069
501.552
537.792
567.078
590
607.381
617.622
620.765
617.738
608.03
590.452
567.805
538.889
65.215
129.557
192.588
253.428
310.461
365.728
415.531
461.104
502.801
538
567.078
590.942
607.806
617.738
621.422
618.463
607.495
591.291
568.468
65.192
129.619
192.627
252.517
311.178
365
415.232
462
502.801
537.792
567.958
591.338
608.03
618.463
622.361
618.198
608.685
592.271
65
129.356
191.324
252.622
309.763
364
415.232
461.104
501.552
537.626
567.219
590.452
607.495
618.198
620.89
618.191
608.395
65.146
128.655
192.044
252
309.763
365
415.531
461.069
502.722
538.251
567.805
591.291
608.685
618.191
622.306
619.195
64.2806
129
191.05
251.645
310.227
364.815
414.904
461.642
502.691
538.221
567.881
591.772
607.99
618.887
622.513
65.2763
128.655
191.324
252.517
310.461
364.446
415.65
461.66
502.667
538.068
568.086
590.735
608.195
618.425
64.195
128.445
191.76
252.62
310.103
365.404
416.059
462.278
503.206
539.189
568.177
592.15
609
65
129.619
192.588
252.794
311.437
366.03
416.8
462.654
504.058
538.917
569
592.15
65.192
129.557
191.818
253.16
311.103
365.887
416.195
462.602
503
538.917
568.177
65.215
128.996
192.51
253.308
311.642
365.978
417
462.602
504.058
539.189
64.4748
129.341
192.208
253.338
311
365.978
416.195
462.654
503.206
65.5134
129.757
193
253.338
311.642
365.887
416.8
462.278
65
129.757
192.208
253.308
311.103
366.03
416.059
65.5134
129.341
192.51
253.16
311.437
365.404
64.4748
128.996
191.818
252.794
310.103
65.215
129.557
192.588
252.62
65.192
129.619
191.76
65
128.445
64.195
