30
79.511
157.496
234.644
310.19
380.423
448.04
509.753
565.796
615.669
659.001
695.208
724.189
745.089
757.133
762
757.238
745.296
724.189
695.208
659.001
615.669
565.796
509.753
448.04
380.423
310.19
234.644
158.474
80.5047
78.7464
157.582
235.669
309.231
380.938
447.538
509.063
564.987
615.097
658.401
695.08
723.896
744
757.133
760.8
757.071
744.046
723.132
694.484
658.485
615.299
565.454
509.417
446.753
380.747
308.707
235.228
159
79.7559
159.615
235.773
310.846
381.65
448.018
509.401
565.746
615.666
659.619
696
723.896
745.089
757.071
761.51
756.614
743.89
723.003
694.609
658.459
615.228
565.347
508.186
446.996
379.116
309
235.228
80.7217
158.619
236.224
310.461
380.958
447.153
509.156
565.194
616
659.619
695.08
724.189
744.452
757.113
760.508
756.227
743.443
723.084
694.482
658.454
615.391
564.471
508.873
446
380.111
309.685
78.8162
158.146
235.053
308.968
379.318
446.377
508
565.194
615.666
658.401
695.208
723.633
744.478
756.227
760.539
756.095
744.087
723.434
695.087
659.389
615.337
566
508.873
447.973
381.698
80.1124
158.751
235.162
308.769
380
446.377
509.156
565.746
615.097
659.001
695.072
723.671
743.443
756.095
759.845
756.128
743.471
722.945
694.845
658
615.337
564.471
509.137
447.666
79.6241
157.813
234
308.769
379.318
447.153
509.401
564.987
615.669
659.155
695.352
723.084
744.087
756.128
760.876
756.471
744.099
724
694.845
659.389
615.391
566.26
510.283
79
156.818
234.184
308.016
380.045
447.152
508.254
565.052
615.374
658.679
693.981
723.028
743.162
756.265
760.116
756
744.099
722.945
695.087
658.454
616.093
566.262
78.6448
157.801
234.139
309.595
380.841
446.794
509.083
565.675
615.592
658.046
694.778
722.737
743.995
756
760.116
756.471
743.471
723.434
694.482
659.267
616.042
80.1124
158.146
236.224
310.846
380.938
448.04
510.283
566.26
615.391
659.389
694.845
724
743.995
756.265
760.876
756.128
744.087
723.084
695.352
659.155
78.8162
158.619
235.773
309.231
380.423
447.666
509.137
564.471
615.337
658
694.845
722.737
743.162
756.128
759.845
756.095
743.443
723.671
695.072
80.7217
159.615
235.669
310.19
381.698
447.973
508.873
566
615.337
659.389
694.778
723.028
744.087
756.095
760.539
756.227
744.478
723.633
79.7559
157.582
234.644
309.685
380.111
446
508.873
564.471
615.391
658.046
693.981
723.084
743.443
756.227
760.508
757.113
744.452
78.7464
157.496
235.228
309
379.116
446.996
508.186
565.347
614.726
657.87
694.609
723.003
743.89
756.614
761.51
757.071
79.511
159
235.228
308.707
380.747
446.753
509.417
564.865
614.63
658.485
694.484
723.132
744.046
757.071
760.8
80.5047
158.474
234.644
310.19
380.423
448.04
509.083
565.052
615.669
659.001
695.208
724.189
745.296
757.238
78.7464
156.668
234.804
308.423
380.196
446.126
507.666
564.486
614.691
658.092
694.873
723.896
744
78.8923
158.808
235.032
310.177
380.254
446.652
508.993
565.438
615.458
659.515
696
723.896
80.7217
158.619
236.224
309.595
380.045
447.153
509.156
565.194
616
659.515
694.873
78.8162
158.146
234.139
308.016
379.318
446.377
508
565.194
615.458
658.092
80.1124
157.801
234.184
308.769
380
446.377
509.156
565.438
614.691
78.6448
156.818
234
308.769
379.318
447.153
508.993
564.486
79
157.813
235.162
308.968
380.958
447.519
508.476
79.6241
158.751
235.053
310.461
381.064
446.87
80.1124
158.146
236.224
310.177
380.196
78.8162
158.619
235.032
308.423
80.7217
158.808
234.804
78.8923
156.668
78.7464
