30
27.1662
55.3173
82.2192
107.838
133.094
156.013
178.393
197.568
215.641
230.705
242.668
253.308
260.655
265.377
266
265.481
260.864
253.618
243.074
231.206
216.227
198.237
179.134
156.822
133.959
108.747
83.1685
56.2939
28.1603
28.4605
55.9464
82.4924
108.812
133.124
157.207
178.216
198.457
215.761
230.222
243.403
253.442
261
264.382
266.732
265.006
260.538
252.66
243.43
230.868
215.258
198.215
177.868
156.668
132.816
108.467
82.4924
55
27.7849
55
82.134
107.629
133.222
155.913
178.194
197.649
214.56
230.254
243
253.442
259.677
265.006
266.327
264.821
259.825
253.464
243.578
230.638
215.947
197.891
178.676
156.518
133.735
109
82.4924
27.5862
55.2268
81.6088
108.407
132.503
156.541
177.89
197.018
215
230.254
243.403
252.357
260.538
264.821
266.222
264.093
260.599
253.428
243.232
230.991
215.362
198.285
178.017
157
133.735
108.467
27.8029
54.7083
82.3468
107.517
132.981
155.929
177
197.018
214.56
230.222
241.754
252.66
259.825
264.093
264.836
264.237
259.856
252.517
242.87
229.856
215.128
197
178.017
156.518
132.816
27.313
55.6597
81.7863
108.559
133
155.929
177.89
197.649
215.761
229.839
243.43
253.464
260.599
264.237
266.552
265.006
260.584
253.6
243.288
231
215.128
198.285
178.676
156.668
28.6356
55.3263
83
108.559
132.981
156.541
178.194
198.457
214.83
230.868
243.578
253.428
259.856
265.006
266.267
264.775
260.509
253
243.288
229.856
215.362
197.891
177.868
27
55.3263
81.7863
107.517
132.503
155.913
178.216
196.825
215.258
230.638
243.232
252.517
260.584
264.775
266.372
265
260.509
253.6
242.87
230.991
215.947
198.215
28.6356
55.6597
82.3468
108.407
133.222
157.207
177.722
198.215
215.947
230.991
242.87
253.6
260.509
265
266.372
264.775
260.584
252.517
243.232
230.638
215.258
27.313
54.7083
81.6088
107.629
133.124
155.425
177.868
197.891
215.362
229.856
243.288
253
260.509
264.775
266.267
265.006
259.856
253.428
243.578
230.868
27.8029
55.2268
82.134
108.812
132.593
156.668
178.676
198.285
215.128
231
243.288
253.6
260.584
265.006
266.552
264.237
260.599
253.464
243.43
27.5862
55
82.4924
107.424
132.816
156.518
178.017
197
215.128
229.856
242.87
252.517
259.856
264.237
264.836
264.093
259.825
252.66
27.7849
55.9464
81.9085
108.467
133.735
157
178.017
198.285
215.362
230.991
243.232
253.428
260.599
264.093
266.222
264.821
260.538
28.4605
55.109
82.4924
109
133.735
156.518
178.676
197.891
215.947
230.638
243.578
253.464
259.825
264.821
266.327
265.006
27.074
55
82.4924
108.467
132.816
156.668
177.868
198.215
215.258
230.868
243.43
252.66
260.538
265.006
266.732
28.0713
56.0892
82.8613
108.337
133.462
156.237
178.466
197.497
215.418
230.341
242.161
252.668
259.887
264.486
28.4605
55.9464
82.4924
108.812
133.124
157.207
178.216
198.457
215.761
230.222
243.403
253.442
261
27.7849
55
82.134
107.629
133.222
155.913
178.194
197.649
214.56
230.254
243
253.442
27.5862
55.2268
81.6088
108.407
132.503
156.541
177.89
197.018
215
230.254
243.403
27.8029
54.7083
82.3468
107.517
132.981
155.929
177
197.018
214.56
230.222
27.313
55.6597
81.7863
108.559
133
155.929
177.89
197.649
215.761
28.6356
55.3263
83
108.559
132.981
156.541
178.194
198.457
27
55.3263
81.7863
107.517
132.503
155.913
178.216
28.6356
55.6597
82.3468
108.407
133.222
157.207
27.313
54.7083
81.6088
107.629
133.124
27.8029
55.2268
82.134
108.812
27.5862
55
82.4924
27.7849
55.9464
28.4605
