30
52.345
104.346
154.638
204.088
250.928
294.822
335.598
373.209
406.06
434.992
458.429
478.157
491.696
499.713
502
499.818
491.696
478.157
458.429
434.992
406.06
373.209
335.598
294.822
250.928
204.088
154.638
104.346
53.3385
52.4976
103.87
155.048
204.022
250.639
294.567
335.847
372.726
406.037
434.195
458.94
477.624
491
498.718
502.102
499.341
491.123
476.669
458.26
434.084
405.691
372.239
335.148
294.552
250.456
203.384
154.829
105
51.9711
104.403
155.052
203.961
250.635
295.203
335.775
373.162
405.789
435.332
459
477.624
490.718
499.65
502.292
499.49
490.462
477.269
458.093
434.439
405.475
372.43
335.525
294.598
250.354
204
155.824
53.0754
104.805
155.425
204.287
251.603
295.368
336.364
373.044
407
435.332
458.94
477.205
491.529
499.49
502.081
498.528
490.65
476.64
457.948
433.757
405.094
372.263
334.94
294
250.354
204.362
52.2015
103.942
154.434
203.973
250.458
294.635
335
373.044
405.789
434.195
457.515
477.169
490.462
498.528
500.609
498.255
489.695
476.299
457.281
433.447
405.183
372
334.94
294.598
251.406
52.3927
104.043
155.332
204.083
251
294.635
336.364
373.162
406.037
434.126
458.847
477.269
490.65
498.255
501.355
498.231
490.163
476.4
457.525
434
405.183
372.263
335.525
295.466
52.1728
104.58
155
204.083
250.458
295.368
335.775
372.726
405.251
434.753
458.093
476.64
489.695
498.231
500.601
497.981
489.663
476
457.525
433.447
405.094
372.43
336.013
53
104.58
155.332
203.973
251.603
295.203
335.847
372.465
406.433
434.439
457.948
476.299
490.163
497.981
500.812
498
489.663
476.4
457.281
433.757
405.475
373.048
52.1728
104.043
154.434
204.287
250.635
294.567
334.928
373.048
405.475
433.757
457.281
476.4
489.663
498
500.812
497.981
490.163
476.299
457.948
434.439
406.433
52.3927
103.942
155.425
203.961
250.639
294.233
336.013
372.43
405.094
433.447
457.525
476
489.663
497.981
500.601
498.231
489.695
476.64
458.093
434.753
52.2015
104.805
155.052
204.022
250.428
295.466
335.525
372.263
405.183
434
457.525
476.4
490.163
498.231
501.355
498.255
490.65
477.269
458.847
53.0754
104.403
155.048
203.679
251.406
294.598
334.94
372
405.183
433.447
457.281
476.299
489.695
498.255
500.609
498.528
490.462
477.169
51.9711
103.87
154.331
204.362
250.354
294
334.94
372.263
405.094
433.757
457.948
476.64
490.65
498.528
502.081
499.49
491.529
52.4976
104.139
155.824
204
250.354
294.598
335.525
372.43
405.475
434.439
458.093
477.269
490.462
499.49
502.292
499.65
52.2398
105
154.829
203.384
250.456
294.552
335.148
372.239
405.691
434.084
458.26
476.669
491.123
499.341
502.102
53.2353
104.139
154.331
203.679
250.428
294.233
334.928
372.465
405.251
434.126
457.515
477.205
490.718
498.824
51.5461
102.956
154.185
203.214
249.898
293.9
335.261
372.228
405.632
433.887
458.734
477.521
491
51.9711
104.403
155.052
203.961
250.635
295.203
335.775
373.162
405.789
435.332
459
477.521
53.0754
104.805
155.425
204.287
251.603
295.368
336.364
373.044
407
435.332
458.734
52.2015
103.942
154.434
203.973
250.458
294.635
335
373.044
405.789
433.887
52.3927
104.043
155.332
204.083
251
294.635
336.364
373.162
405.632
52.1728
104.58
155
204.083
250.458
295.368
335.775
372.228
53
104.58
155.332
203.973
251.603
295.203
335.261
52.1728
104.043
154.434
204.287
250.635
293.9
52.3927
103.942
155.425
203.961
249.898
52.2015
104.805
155.052
203.214
53.0754
104.403
154.185
51.9711
102.956
51.5461
