30
9.21954
18.4391
28.4605
37.5766
45.2769
53.6004
61.5549
68.0147
74.6324
79.2591
84.1724
88.2326
90.802
91.444
92
91.5478
91.0055
88.5438
84.5813
79.7559
75.213
68.6804
62.2896
54.4059
46.1411
38.4838
29.4109
19.4165
10.198
9.21954
19.3132
28.6531
36.6197
45.3431
53.8145
60.803
68.0955
73.4098
79.0569
83.9524
87.4643
89
90.4489
91.0055
91.3947
89.9611
86.954
83.006
79.3095
73.6614
68.0074
60.9016
53.3104
46.1736
37.6563
28.0713
19
10.2956
20
28.3196
37.5366
46.6154
54.2033
62.2415
68.3081
74.7329
80.5047
85
87.4643
89.822
91.3947
92.7038
92.2822
90.2109
87.1149
84.22
79.404
74.4312
68.0294
61.0328
54.3415
46.2709
37
28.0713
9.89949
18.4391
28.0179
37.5899
45.6946
54.4059
61.1882
68.3593
75
80.5047
83.9524
87.2812
89.9611
92.2822
93.0054
92.0217
89.9389
88.0057
84.22
80.1124
74.6324
68.4471
62.3939
55
46.2709
37.6563
8.60233
18.3576
28.2312
36.6879
45.8912
53.2353
61
68.3593
74.7329
79.0569
83.2586
86.954
90.2109
92.0217
92.0978
91.022
90.05
87.3212
84.119
79.6241
74.3303
69
62.3939
54.3415
46.1736
9.84886
19.9249
28.6356
38.2099
46
54.231
62.1691
69.2604
74.3236
79.2591
83.8153
87.8635
90.6091
91.6079
91.4166
91.2853
89.493
87.0976
83.4865
79
74.3303
68.4471
61.0328
53.3104
10.198
19.105
29
37.2156
45.8912
54.4059
62.2415
68.0955
73.8173
79.3095
84.22
88.0057
90.05
90.8735
91.7061
91.0055
89.56
87
83.4865
79.6241
74.6324
68.0294
60.9016
9
19.105
27.6586
36.6879
45.6946
54.2033
60.803
67.2681
73.6614
79.404
84.22
87.3212
89.1852
91.0055
91.444
91
89.56
87.0976
84.119
80.1124
74.4312
68.0074
10.198
18.9737
28.2312
37.5899
46.6154
53.8145
60.8769
68.0074
74.4312
80.1124
84.119
86.885
89.56
91
91.444
91.0055
89.493
87.3212
84.22
79.404
73.6614
8.94427
18.3576
28.0179
37.5366
45.3431
53.0094
60.9016
68.0294
74.6324
79.6241
83.3847
87
89.56
91.0055
91.7061
91.2853
90.05
88.0057
84.22
79.3095
9.43398
19.2094
29
37.2022
45.2769
53.7122
61.3514
68.6586
74.4312
79
83.3847
86.885
89.1852
90.8735
91.4166
91.022
89.9389
87.1149
83.006
9.89949
20
28.6531
37.1618
46.1736
54.3415
62.3939
69
74.4312
79.6241
84.119
87.3212
90.05
91.6079
92.0978
92.0217
90.2109
86.954
10.2956
19.3132
28.1603
37.6563
46.2709
55
62.3939
68.6586
74.6324
80.1124
84.22
88.0057
90.6091
92.0217
93.0054
92.2822
89.9611
9.21954
18.2483
28.0713
37
46.2709
54.3415
61.3514
68.0294
74.4312
79.404
84.22
87.8635
90.2109
92.2822
92.7038
91.3947
9.05539
19
28.0713
37.6563
46.1736
53.7122
60.9016
68.0074
73.6614
79.3095
83.8153
86.954
89.9611
91.3947
91.0055
10.0499
19.2354
29.1204
38.0789
46.1411
53.8238
61.6198
67.9412
74.4043
79.7559
83.672
87.5957
90.0278
90.5539
9.21954
19.3132
28.6531
37.2022
45.3431
53.8145
60.803
68.0955
74.3236
79.0569
83.9524
87.4643
89
10.2956
20
29
37.5366
46.6154
54.2033
62.2415
69.2604
74.7329
80.5047
85
87.4643
9.89949
19.2094
28.0179
37.5899
45.6946
54.4059
62.1691
68.3593
75
80.5047
83.9524
9.43398
18.3576
28.2312
36.6879
45.8912
54.231
61
68.3593
74.7329
79.0569
8.94427
18.9737
27.6586
37.2156
46
53.2353
61.1882
68.3081
73.4098
10.198
19.105
29
38.2099
45.8912
54.4059
62.2415
68.0955
9
19.105
28.6356
36.6879
45.6946
54.2033
60.803
10.198
19.9249
28.2312
37.5899
46.6154
53.8145
9.84886
18.3576
28.0179
37.5366
45.3431
8.60233
18.4391
28.3196
36.6197
9.89949
20
28.6531
10.2956
19.3132
9.21954
