15
774.648
93.5361
816.63
654.37
417.709
784.401
712.79
39.3192
31.3847
759.416
454.371
222.623
710.195
836.423
733.706
180.544
847.59
473.448
134.629
541.092
810.502
749.283
314.797
454.028
573.976
565.601
510.627
757.518
721.51
432.208
729.178
739.924
127.44
101.863
756.276
467.658
230.274
740.554
853.83
999.834
594.983
50.6063
713.18
855.108
795.998
494.353
583.823
645.589
736.748
690.716
432.2
949.796
355.968
650.73
629.524
589.031
428.981
540.338
330.946
486.428
547.584
312.058
440.601
386.394
350.796
36.7151
202.074
316.632
421.84
662.87
822.453
762.64
446.052
535.421
606.394
686.353
642.701
728.907
681.651
244.233
280.257
510.421
26.3059
145.578
61.2944
786.031
477.31
251.247
725
855.866
728.715
423.065
192.255
679.226
805.047
315.382
536.954
270.44
196.797
237.844
286.531
386.172
512.064
623.892
164.21
