15
581.561
464.217
899.611
437.924
434.246
832.896
436.354
414.502
998.337
837.924
1017
988.041
845.81
785.407
331.282
627.029
348.382
233.728
552.298
404.223
242.192
766.317
510.155
777.407
455.271
437.412
485.103
926.888
526.53
419.129
850.33
78.0256
118.714
1060.71
819.176
1074.38
777.805
761.646
784.562
468.39
528.229
76.5768
984.994
812.015
140.545
123.13
150.426
469.707
235.325
142.899
120.337
398.097
565.68
408.765
580.848
400.005
598.021
600.588
416.371
347.76
452.851
466.374
300.416
654.037
437.32
669.425
557.043
420.105
392.237
908.463
735.445
214.021
66.4906
225.61
434.232
184.7
67.2012
173.899
1116.38
880.76
1130.76
854
828.843
843.657
944.524
706.918
958.559
697.416
656.081
670.298
263.036
20.025
587.021
370.05
281.221
271.28
368.09
118.512
55.109
586.192
375.055
292.698
254.159
398.549
144.451
