15
270.416
624.568
452.203
671.34
868.079
839.222
681.473
335.596
395.092
419.944
90.7965
681.106
603.964
350.618
609.803
521.453
607.595
649.027
693.987
496.065
506.211
265.844
618.003
193.052
517.62
439.769
88.3629
217.589
117.201
603.384
379.666
413.284
418.151
358.638
488.79
647.158
355.756
347.144
667.931
316.185
739.279
567.219
529.506
200.632
339.001
278.491
497.116
487.201
444.545
598.499
493.818
262.606
316.512
512.057
342.603
593.879
678.841
255.002
265.347
652.518
283.989
211.783
889.351
488.124
999.25
821.283
253.602
299.908
625.706
219.531
752.215
450.028
845.133
821.088
178.37
254.372
707.21
677.886
289.083
787.467
646.595
63.3246
88.3912
497.353
425.832
118.903
408.447
646.978
589.54
593.614
543.438
371.066
286.149
208.926
311.899
501.782
752.746
699.503
706.071
654.337
575.569
266.543
79.0253
528.842
454.705
