15
871.184
186.132
592.603
178.844
839.267
404.527
371.389
137.058
253.569
470.635
702.599
845.719
557.603
193.256
1033.76
512.016
743.016
273.234
477.665
946.446
996.085
652.77
648.3
460.392
36.6742
861.511
735.501
687.605
295.408
968.911
557.201
496.009
162.69
439.11
652.253
888.729
1005.81
549.015
378.298
414.798
319.288
282.963
860.009
728.385
518.395
701.545
716.727
475.429
352.24
575.383
676.327
265.415
505.016
313.64
243.516
494.243
668.474
713.773
413.241
241.008
443.054
1018.13
975.221
681.001
770.824
663.774
241.847
662.892
757.871
593.69
537.477
248.244
420.058
482.105
448.844
501.977
318.763
334.773
345.562
322.039
596.611
933.48
915.704
285.507
354.663
527.213
784.094
972.231
662.814
277.505
250.727
451.054
632.421
637.272
82.7345
277.016
641.152
878.829
279.308
467.309
984.074
512.544
825.174
715.103
652.231
