15
630.404
271.155
285.17
370.653
886.292
232.899
346.883
728.332
466.314
630.064
131.046
258.368
393.103
116.069
771.622
789.674
382.179
259.114
862.441
804.928
130.25
764.446
409.207
749.402
578.215
749.371
545.183
18.2483
409.723
1004.67
264.94
78.7464
890.6
728.671
874.141
312.851
529.431
167.431
376.464
426.804
1022.24
264.764
71.1196
908.785
739.876
891.373
320.801
543.537
170.106
392.013
597.753
569.984
430.256
510.141
729.063
622.049
501.064
487.994
367.296
354.051
1116.97
1027.9
214.767
1002.58
582.898
1007.4
832.409
956.854
804.05
333.494
961.171
551.994
836.532
142.032
424.042
432.245
336.027
927.899
806.973
936.09
391.184
604.392
113.886
448.152
791.95
371.005
839.715
636.215
876.604
632.623
479.587
429.616
241.919
859.305
398.077
695.593
421.84
929.114
514.024
282.144
465.752
207.183
639.625
164.347
476.288
