30
119.708
126.59
142.524
87.9659
169.673
225.428
39.9249
157.156
105.991
401
489.541
324.581
401.011
670.41
594.456
463.704
521.981
335.882
596.672
257.73
189.613
215.801
153.326
285.813
284.903
152.502
285.281
81.0247
125.24
115.763
85.0941
198.736
200.801
113.719
158.493
130.92
129.8
441.616
551.235
368.371
481.664
728.069
645.557
553.994
573.203
436.079
644.773
332.405
289.456
160.312
41.0488
281.32
346.554
261.077
311.328
200.302
119.269
194.813
210.801
280.503
218.909
159.201
30.8058
207.348
520.502
614.938
444.416
527.523
795.503
718.001
588.688
645.322
458.157
719.459
229.456
212
92.8493
154.013
172.052
236.603
199.685
195.617
178.045
5.09902
190.591
132.944
107.336
169.85
214.002
79.404
365.374
482.084
295.002
424.972
655.324
570.772
503.12
499.144
397.417
568.877
391.829
331.711
245.073
68.8767
364.574
412.482
294.893
388.981
217.007
197.449
146.659
290.991
51.614
241.603
120.167
343.064
416.293
268.293
319.462
597.13
525.524
377.922
454.104
248.244
529.411
279.973
189.623
302.185
224.964
356.439
316.538
143.656
341.41
60.6383
208.665
234.957
166.111
307.612
73.9797
242.33
351.194
167.869
292.85
527.277
445.004
372.907
372.533
277.708
444.64
417.813
333.662
354.12
199.444
450.111
449.801
288.534
454.814
202.193
281.027
260.622
224.089
186.601
450.694
575.173
386.167
527.61
742.59
655.661
607.705
585.896
504.632
651.92
444.046
402.99
226.433
73.6817
365.164
455.096
373.209
408.579
306.008
223.332
190
116
384.012
464.315
308.041
370.297
645.343
571.909
429.536
499.938
299.408
575.086
251.788
172.003
250.799
190.066
307.787
284.007
129.835
298.002
47.1699
157.051
233.932
548.621
644.745
472.738
558.158
825.15
747.125
619.494
674.414
488.861
748.342
236.856
231.355
63.2456
165.484
150.615
238.16
223.591
184.621
207.82
33.2415
316.204
421.735
241.299
353.565
599.416
518.097
428.706
445.486
318.868
518.093
362.851
287.835
280.264
135.871
378.065
390.881
245.734
387.005
160.602
208.118
135.118
76.4199
169.189
291.899
205.653
248.338
135.207
257.235
203.531
619.487
523.345
596.444
434.246
686.676
658.32
477.745
682.012
403.091
520.557
189.021
123.369
181.041
115.117
160.415
59.5483
240.684
124.193
674.09
575.031
698.169
550.048
772.086
716.547
532.497
756.072
471.497
614.121
170.696
360.451
277.195
257.449
204.863
224.54
276.812
546.454
451.515
521.476
363.585
610.262
584.446
405.561
606.013
328.673
444.401
290.11
237.2
86.885
180.228
117.324
247.33
560.511
461.503
615.873
488.759
674.523
604.07
421.048
651.249
369.054
525.952
89.1964
282.689
156.723
402.121
98.1835
850.191
751.091
877.692
723.998
953.101
893.411
709.764
936.124
651.694
794.776
255.721
72.7324
354.256
17.088
788.016
689.073
797.799
639.613
879.255
830.087
646.038
866.631
582.31
717.572
219.1
137.295
269.824
592.301
495.195
679.462
564.576
725.383
637.141
459.191
694.553
420.374
586.587
296.892
75.326
719.545
620.878
725.094
567.92
807.02
761.079
577.222
795.448
511.489
644.916
364.627
456.169
358.469
550.186
452.482
589.238
500.784
321.922
557.288
285.671
455.686
794.278
695.486
798.168
637.753
881.955
836.01
652.062
870.768
586.806
719.15
99.1262
279.594
373.419
201.316
45.31
142.506
133.147
219.477
224.517
288.522
329.424
257.857
142.706
46.2385
207.196
131.469
207.002
184.567
141.496
272.029
284.677
198.305
270.815
96.0469
314.035
387.072
299.603
348.669
234.307
157.892
173.612
277.078
76
305.944
170.575
184.068
99.6243
255.932
232.002
236.212
86.6833
195.028
284.58
192.354
174.774
