30
55.3173
111.485
229.12
194.589
145.582
243.288
195.888
209.881
217.681
339.612
490.618
337.028
322.769
308.312
255.331
295.919
500.28
521.852
338.711
576.535
632.8
661.302
473.711
507.027
492.303
588.127
724.069
602.416
608.245
90.4489
208.24
164.222
148.923
196.156
142.688
182.016
165.653
379.226
533.548
361.773
362.8
356.455
275.278
323.858
528.564
569.148
391.542
628.908
683.567
714.683
527.274
556.805
544.347
639.607
776.706
656.665
659.292
119.52
83.7616
72.2011
150.785
131.973
98.4124
144.125
450.601
599.921
446.055
433.683
413.943
361.681
406.041
610.817
627.274
434.688
671.841
732.069
752.453
565.354
608.852
589.122
685.894
817.803
689.446
706.977
55.0727
107.49
135.96
174.642
37.0135
167.836
564.758
710.106
565.321
547.712
520.338
481.201
524.87
729.389
731.466
530.416
763.173
827.587
838.136
654.041
708.556
683.159
779.978
905.921
771.228
802.039
107.448
95.0368
120.917
19.4165
117.047
534.113
683.676
525.564
517.228
497.257
439.483
486.704
691.622
710.361
515.335
751.453
813.089
830.136
643.855
690.925
669.517
766.427
896.458
765.506
787.836
198.426
197.995
110.073
205.361
466.23
607.358
479.118
449.144
416.137
400
436.479
638.569
625.757
423.236
655.69
720.19
731.055
546.619
601.739
575.726
672.521
798.63
664.639
694.622
72.5603
103.407
50.1597
574.743
729.647
546.945
558.477
551.272
458.01
512.762
715.095
764.555
580.098
818.018
875.743
900.596
713.062
750.299
734.341
830.611
964.909
838.804
851.038
137.644
25.5539
513.922
670.41
479.041
498.092
498.016
389.874
446.556
647.089
709.717
534.113
771.586
826.002
857.067
669.533
698.896
687.036
782.236
919.356
798.236
801.819
131.503
548.884
697.338
542.728
531.942
509.802
457.073
503.454
708.357
722.468
525.438
760.677
823.219
838.204
652.518
701.964
679.3
776.238
905.027
772.798
797.862
538.967
695.276
504.588
523.073
521.783
415.419
472.086
672.628
733.878
556.354
794.074
849.217
878.934
691.307
722.402
709.677
805.15
941.703
819.378
824.918
157.613
118.271
17.088
92.6499
161.771
102.176
191.416
211.514
169
318.266
346.831
412.485
259.48
222.036
242.095
314.949
457.056
381.781
327.515
241.367
172.679
192.567
311.262
247.342
179.494
79.6994
220.002
215.761
215.523
302.063
216.009
121.828
172.557
199.612
329.67
296.939
203.214
118.962
199.249
89.1852
45.1221
168.155
311.451
280.13
430.726
450.564
524.309
377.68
332.096
358.232
424.029
563.567
498.134
433.841
83.5464
152.742
96.5194
206.194
223.289
162.742
325.295
356.887
419.547
261.293
230.634
247.099
323.427
465.996
386.167
336.883
210.642
168.19
279.557
213.621
81.1234
283.028
329.685
375.031
199.063
201.405
198.761
288.591
430.074
330.553
306.415
64.1405
257.235
372.521
288.321
477.838
508.6
572.051
407.421
383.262
398.321
476.114
618.555
536.046
489.183
204.919
310.306
249.104
420.43
447.558
514.657
357.337
324.006
343.421
416.89
558.659
482.66
428.917
258.089
344.362
394.894
385.73
478.464
386.453
300.832
348.21
377
497.855
476.425
377.595
210.583
136.883
139.291
222.428
158.758
52.3259
109.252
119.921
253.018
219.666
124.579
237.966
297.794
323.396
136.956
179.446
154.457
251.213
385.358
269.091
272.501
75.1864
94.2603
110.259
99.4636
85
30.5941
148.03
84.8646
52.0865
100.658
181.246
128.81
144.589
49.2443
114.158
138.827
25.807
187.665
192.26
176.324
102.611
71.0211
73.7902
101.518
107.005
50.636
132.004
252.606
132.774
155.653
57.0088
92.9139
235.372
176.23
106.892
96.9381
233.002
139.904
118.929
142.874
111.4
23.7697
144.627
129.869
125.24
