30
49.4975
76.6551
121.795
58.1378
181.868
205.507
88.0227
82.2192
36.4005
707.204
740.006
682.833
670.466
707.374
574.421
604.119
780.31
686.039
747.006
570.351
645.257
695.519
657.384
608.03
548.168
551.381
744.272
703.376
681.446
41.7852
74.3236
38.6005
157.309
160.353
81.8413
98.8433
74.3303
742.218
775.66
721.028
711.642
744.263
611.662
639.414
815.104
725.658
782.923
605.186
684.731
735.579
699.031
652.081
588.743
589.662
786.08
738.098
725.141
53.535
22.6274
115.551
130.25
52.6118
84.4038
109.458
729.231
763.309
711.883
706.586
733.443
601.708
627.073
801.688
718.366
770.855
592.466
677.366
728.863
694.713
651.847
583.25
581.093
781.778
724.797
724.064
75.8024
119.206
86.885
99.2472
136.125
148.556
776.775
811.187
761.528
757.935
782.215
651.111
675.161
848.873
768.838
818.889
640.401
727.85
779.564
746.324
704.592
634.566
631.181
833.334
772.155
776.583
125.634
152.122
43.2666
66.1211
93.1933
712.181
746.03
693.462
686.929
715.599
583.51
609.738
784.826
699.361
753.473
575.256
658.368
709.689
674.853
630.993
563.663
562.428
761.94
707.866
703.418
109.293
98.1835
131.042
217.993
700.236
735.612
694.208
700.543
710.612
584.045
601.92
770.377
705.829
743.862
567.041
665.388
717.77
690.949
660.206
578.705
567.923
776.601
694.966
728.742
156.4
197.436
234.644
808.295
843.537
800.212
803.545
817.692
689.746
709.186
878.82
810.64
851.693
674.265
769.948
822.237
793.227
758.104
680.827
672.472
879.539
803.132
828.263
41.0366
124.31
678.122
712.394
662.288
659.078
683.118
551.888
576.267
750.403
669.646
720.035
541.561
628.663
680.425
647.65
607.506
535.72
531.945
734.597
673.589
678.991
114.477
646.06
679.915
627.676
622.244
649.58
517.61
543.625
718.713
633.979
687.367
509.137
592.98
644.461
610.451
568.595
498.895
496.783
697.499
641.749
640.479
718.883
750.962
691.163
675.121
717.1
584.145
615.796
792.054
692.665
757.676
582.602
652.167
701.57
661.43
608.56
553.997
560.014
747.894
715.355
682.374
35.8469
71.8679
142.948
40
138.6
103.121
73.171
103.325
44.7214
137.033
112.414
113.437
156.78
229.943
192.421
166.688
168.443
7.2111
211.492
79.3095
145.055
42.0119
167.872
136.297
44.2832
104.293
9.21954
170.848
125.419
110.476
161.012
238.757
215.474
194.587
153.395
42.0595
209.06
71.1688
37.4833
110.603
98.8585
122.413
33
81.0247
131.229
46.6476
45.7056
85
160.24
142.636
131.461
110.923
76.243
140.428
105.991
128.888
141.549
184.391
40.8167
144.201
164.754
47.927
37.0135
17.4929
97.2008
123.369
135.429
76.0592
147.411
70.1783
133.004
108.784
85.7555
65.3911
44.7214
143.59
83.4086
74.2159
121.078
197.57
175.231
157.813
128.891
46.1736
173
45.3431
210.647
123.167
174.04
42.19
84.8116
136.213
126.752
154.208
68
29.4109
201.02
136.624
184.708
176.284
122.287
143.785
34.9285
93.6216
136.653
144.921
189.283
112.606
74.2765
204.619
99.6092
206.4
144.312
41.4005
210.01
168.929
148.223
201.062
280.014
259.731
237.952
179.402
77.0065
244.387
103.711
151.427
41
14.4222
56.8507
135.831
139.004
138.192
82.4197
108.259
108.171
178.488
127.581
108.757
160.562
239.069
219.695
200.262
148.098
51.1077
206.613
117.801
165.487
165.027
196.367
105.773
62.2977
232.768
133.034
224.698
52.3927
53.1507
117.835
99.3227
97.4987
116.276
115.122
114.856
54.4059
134.201
147.574
149.857
68.0074
118.828
99.0202
79.8123
112.401
129.495
87.0919
160.823
61.8142
102.157
140.688
149.282
232.899
73.9797
43.7379
198.98
192.213
154.935
210.623
165.085
182.28
174.943
83.1865
216.391
