30
73.9256
63.1585
68.1175
59.808
67.2086
48.3735
126.151
48.5077
77.9872
671.452
433.226
488.329
679.327
513.157
398.898
588.986
581.145
770.289
686.699
354.09
384.422
368.848
555.93
496.169
469.248
402.435
531.265
390.124
464.311
44.2945
13.8924
58.5491
17.4929
45.8803
133.36
58.0517
88.1419
644.659
403.609
493.822
657.684
518.811
376.065
607.495
549.422
760.853
689.473
420.415
448.403
436.426
624.119
565.81
529.639
472.945
593.121
462.329
530.754
30.4138
84.8646
26.8328
68.0074
163.625
20.5913
114.18
617.049
377.023
453.416
627.511
478.415
345.793
564.571
524.379
725.603
650.112
384.704
410.951
401.669
589.329
532.655
490.026
441.163
554.073
433.315
494.718
65.123
3.60555
50.1597
142.415
45.1774
95.2575
635.434
394.559
480.892
647.707
505.887
365.929
593.903
540.92
749.416
676.854
409.317
436.775
425.63
613.373
555.561
517.349
463.087
581.022
453.322
519.593
67.3647
17
78.7718
84.6286
30.1496
700.069
459.365
535.851
711.601
560.822
429.773
642.241
605.941
810.423
733.308
410.206
441.725
424.019
610.063
548.967
527.728
454.463
589.173
439.318
520.015
52.0096
145.041
42.0476
97.5141
632.908
392.094
477.47
644.995
502.467
363.193
590.339
538.581
746.343
673.502
406.602
433.904
423.001
610.748
553.08
514.281
460.722
578.008
451.196
516.854
95.6347
67.8012
46.3249
683.909
443.357
518.946
695.112
543.921
413.304
625.879
590.161
793.487
716.352
402.005
432.666
416.434
603.16
542.796
517.62
448.654
579.615
434.867
512.118
161.941
50.1199
777.798
536.836
612.579
789.998
637.501
508.175
715.137
682.783
889.088
810.502
445.576
480.477
456.4
637.134
573.252
570.323
478.339
628.713
457.28
552.533
111.826
624.52
385.572
451.249
633.456
476.215
352.319
558.616
533.375
727.926
648.834
365.318
392.149
382.039
569.759
512.723
472.238
420.986
536.001
412.846
475.464
730.13
489.474
562.57
741.437
587.503
459.628
666.289
636.088
839.231
760.428
415.232
448.341
427.791
612.029
549.664
536.257
454.744
596.443
437.137
524.104
241.124
301.664
50.01
295.137
272.734
389.791
102.927
202.882
274.554
734.011
722.742
755.148
872.267
857.088
723.626
813.606
771.804
836.945
791.228
230.217
257.899
245.204
50.2494
373.162
148.003
382.991
360.956
556.849
555.99
578.861
728.437
698.353
583.353
636.601
642.403
652.331
636.396
276.391
25
197.851
144.534
279.866
301.599
198.567
444.816
428.515
464.844
570.86
558.137
422.423
522.304
470.214
549.596
491.935
266.378
281.832
350.694
137
155.081
226.753
716.955
703.247
737.656
846.346
834.502
698.316
795.767
743.855
820.936
768.318
216.171
128.004
282.064
281.028
173.994
460.897
443.001
480.526
580.031
569.914
432.245
537.49
477.636
565.81
503.612
342.381
188.282
392.185
351.3
506.806
505.747
528.811
678.405
648.105
533.646
586.633
593.102
602.764
586.195
398.303
306.229
164.757
453.203
426.011
469.385
527.785
532.065
388.902
521.061
419.749
555.152
467.386
288.009
321.562
680.589
674.248
702.325
835.849
813.517
687.479
760.847
741.134
780.503
749.003
142.888
737.635
716.294
756.324
833.103
833.506
691.177
811.804
725.521
842.346
767.777
608.329
584.144
625.924
692.539
695.715
552.748
679.743
584.488
712.124
630.547
39.6989
22.0227
204.944
152.958
131.765
80.2621
184.049
104.924
110.368
45.8803
184.895
143.01
92.6607
95.6347
148.277
129.387
87.3212
187.747
133.015
130.969
58.5918
177.192
86.209
96.3328
66.4078
148.809
159.261
108.683
186.968
97.5756
143.199
95.0053
132.853
120.603
66.3099
156.525
65.5134
196.359
80.0062
183.935
39.9625
91.4385
222.767
92.6337
130.138
