30
90.802
65.1153
10.6301
46.6154
49.2037
85.2115
86.4696
13.0384
95.2575
564.533
559.361
563.962
553.347
559.168
549.157
561.178
550.543
562.254
570.622
31.1448
75.5381
88.6002
134.239
56.7539
129.035
39.9249
131.795
104.484
115.521
32.45
81.1542
55.0091
81.3019
145.437
154.616
79.7559
34.5398
475.202
469.285
474.605
463.847
469.655
459.426
471.807
460.922
472.822
480.651
104.235
97.8621
67.3573
224.511
36.7967
185.648
121.396
221.081
190.536
152.611
57.1402
45.2217
48.8774
113.018
122.201
52.6308
31.4006
505.887
499.325
505.273
494.418
500.213
489.813
502.467
491.4
503.438
510.797
85.7088
96.4261
78.2943
195.888
9.21954
153.629
101.045
196.901
159.841
122.184
36.0555
49.679
93.0054
95.352
10.8167
88.0057
554.221
549.19
553.653
543.062
548.884
538.912
550.872
540.279
551.957
560.426
31.7648
68.884
78.7464
144.516
48.3735
137.058
44.5533
140.431
115.109
120.88
69.0507
124.78
129.12
41.4367
74.7329
520.885
516.614
520.338
509.878
515.707
505.951
517.571
507.209
518.707
527.709
50.2892
51.6236
45.1774
178.508
36.8782
168.716
68.0074
169
151.03
146.67
64.1405
73.7564
38.9487
67.1193
551.711
544.2
551.072
540.081
545.852
535.21
548.255
536.929
549.16
555.817
80.0562
115.451
113.283
157.28
46.8188
105.342
88.3233
168.027
116.73
78.0256
15.0333
84.2912
128.004
612.628
604.109
611.962
600.841
606.577
595.691
609.139
597.549
609.971
615.864
111.324
160.702
169.85
118.512
110.463
44.1022
108.853
146.932
72.111
41.8808
87.8009
139.517
624.552
616.424
623.897
612.83
618.581
607.791
621.076
609.594
621.94
628.131
109.659
161
173.669
103.697
118.727
44.643
104.809
133.72
57.2189
54.626
82.3893
554.505
548.931
553.921
543.236
549.051
538.926
551.131
540.37
552.178
560.257
41.6173
79.1202
85.9069
144.755
44.5982
128.39
52.4976
144.361
112.432
110.603
485.057
477.222
484.406
473.359
479.117
468.386
481.586
470.153
482.46
488.872
117.098
124.258
99.3579
222.284
40.6079
164.195
132.242
226.566
183.48
127.047
28.2312
1
12.53
8.06226
20.6155
3.60555
17.088
4
24.0832
569.435
533.187
494.19
698.737
511.806
644.906
587.251
687.724
665.625
603.196
27.313
22.6716
21.6333
17.088
26.4197
19.7231
24.5967
12.2066
565.775
531.576
491.981
693.568
505.618
635.072
583.648
684.533
659.154
592.886
11.6619
7.07107
19.6469
2.82843
16.1555
3
23.4307
568.909
532.722
493.705
698.17
511.203
644.206
586.727
687.215
665.019
602.482
5.83095
9.05539
8.94427
5
9.21954
24.5153
558.574
522.805
483.65
687.573
500.408
632.927
576.407
676.991
654.2
591.148
12.6491
5.09902
9.43398
4.12311
20.6155
564.405
528.622
489.474
693.395
506.211
638.606
582.238
682.821
660
596.8
17.2627
4.12311
16.7631
23.3452
554.834
519.685
480.343
683.395
495.913
627.415
572.686
673.401
649.64
585.5
13.6015
2.23607
23.8537
566.156
530.024
490.988
695.388
508.401
641.377
583.977
684.477
662.216
599.653
13.4164
24
556.004
520.557
481.302
684.779
497.446
629.454
573.847
674.501
651.209
587.606
21.6333
567.338
531.338
492.26
696.473
509.401
642.109
585.163
685.697
663.205
600.344
576.767
542.148
502.669
704.848
517.035
646.978
594.633
695.454
670.636
604.835
53.3667
79.3977
133.004
76.531
153.883
17.8885
119.013
113.318
144.931
40.7922
181.135
88.4138
204.353
66.2118
157.493
166.087
189.708
212.363
73.0548
213.841
96.1665
194.165
190.539
191.262
188.767
127.475
116.387
49.98
46.5296
156.732
152.161
92.0054
188.513
153.838
122.801
149.452
166.817
84.0536
43.4166
101.134
100.285
145.647
82.9759
188.311
110.354
