60
343.406
582.658
683.272
75
304.237
754.099
147.648
632.787
239.654
300.533
371.012
759.394
325.951
292.727
358.848
366.427
511.03
633.86
501.016
601.225
246.077
89.2749
421.284
272.861
107.935
293.394
675.296
131.548
446.789
232.364
577.984
292.911
103.446
562.15
364.463
365.225
95.0789
443.636
670.003
185.205
337.867
573.564
659.385
181.177
8.24621
334.332
407.011
123.968
381.43
612.36
558.205
343.642
631.82
353.986
227.438
621.303
180.405
413.174
263.093
784.297
969.553
270.801
78.2304
1091.63
231.206
954.662
505.049
400.649
649.518
1095.57
631.459
102.122
574.334
622.229
712.769
865.657
820.973
766.023
588.926
275.96
748.802
608.474
402.942
350.006
1012.37
445.588
670.537
517.8
920.618
635
396.062
899.623
707.715
599.34
254.7
776.583
957.614
379.095
649.469
872.078
1002.65
187.545
338.662
415.146
685.164
446.085
690.789
796.33
896.061
637.515
879.036
587.246
138.246
928.813
521.967
745.749
129.097
301.086
629.734
707.679
865.61
579.539
433.417
345.051
880.269
254.7
881.668
332.352
683.773
225.535
228.642
73.3348
104.805
371.819
85.9884
514.062
569.93
399.362
450.494
657.951
438.965
814.3
644.178
137.383
361.371
679.3
576.449
479.213
738.475
537.421
868.254
598.78
705.04
1009.83
759.866
344.145
295.015
704.927
722.139
578.441
378.021
840.519
475.893
760.38
47.7598
515.652
773.486
1055.78
228.98
746.24
919.753
506.478
428.534
784.92
750.351
900.354
651.074
741.157
184.762
465.842
943.477
320.975
669.371
357.716
878.154
410.786
348.827
330.728
204.707
226.738
384.974
504.469
709.33
307.586
443.464
718.034
660.385
620.202
687.455
327.794
458.705
498.824
534.655
591.838
578.705
457.633
855.66
736.992
597.844
881.15
824.01
348.633
116.4
490.951
856.566
682.587
613.16
789.958
559.343
698.026
337.769
321.026
735.245
968.008
389.817
894.162
782.902
536.076
333.958
933.126
238.296
822.35
107.912
706.219
295.007
275.726
433.665
826.901
394.777
229.965
404.199
423.03
556.864
688.675
573.875
639.794
320.545
68.884
495.182
347.589
145
288.626
743.236
182.428
496.815
293.748
649.832
364.2
159.706
630.221
438.427
388.567
49.2443
508.968
717.349
178.734
408.251
642.62
732.115
107.703
72.2011
340.577
448.01
193.941
435.056
655.69
633.205
389.955
664.983
404.105
152.555
675.871
255.345
487.748
188.767
1058.32
172.534
894.036
438.728
422.601
581.95
1063.48
569.382
24.0208
500.564
551.881
636.553
790.611
760.6
688.105
544.281
225.411
691.809
556.982
380.644
272.029
979.462
420.268
596.231
454.314
880.66
596.662
340.137
866.319
663.458
601.03
209.914
746.59
948.688
378.033
588.6
805.779
960.469
183.698
298.188
337.037
676.617
393.517
671.739
718.883
843.602
623.258
882.014
514.931
146.751
912.185
476.212
691.069
158.474
895.056
466.512
724.862
814.583
666.397
19.105
607.645
1046.48
795.091
719.156
844.029
811.471
493.818
945.537
525.305
837.012
483.931
539.402
691.217
958.587
79.3221
647.336
787.493
691.795
198.426
463.303
742.026
192.13
413.524
600.75
848.826
316.436
350.001
747.991
584.377
584.781
162.484
909.164
760.293
954.667
484.542
685.336
427.488
913.154
350.565
492.379
500.034
764.032
960.471
272.209
592.112
461.088
986.828
723.925
275.409
374.219
420.298
901.288
400.285
155.708
358.558
396.788
506.32
651.161
590.272
576.59
374.927
58.9406
519.831
384.667
245.898
190.851
816.87
277.18
455.126
286.714
712.838
431.77
167.622
703.938
493.718
495.807
59.6657
588.504
816.245
285.771
418.524
641.579
791.073
150.881
140.071
249.708
550.115
221.269
528.868
599.103
671.075
489.001
770.538
366.565
166.973
768.93
306.663
518.611
205.412
460.176
853.353
330.312
484.731
324.863
874.218
456.228
377.774
435.821
358.645
133.69
518.987
410.758
680.507
212.085
363.385
640.102
690.927
436.194
602.416
402.631
440.41
319.002
417.307
559.279
402.404
329.055
729.464
705.013
440.678
707.494
740.762
305.5
138.924
306.203
813.698
634.331
657.962
648.514
513.533
555.673
478.009
146.373
602.47
805.934
427.404
857.786
608.556
461.062
225.559
894.893
535.255
144.9
735.692
138.224
417.642
128.226
128.035
275.118
394.69
328.842
373.044
228.035
245.618
273.383
189.011
314.006
241.946
653.652
304.455
208.082
34.1321
527.564
302.696
137.058
549.295
315.228
540.948
274.084
465.756
755.154
414.855
160.897
367.241
590.893
396.824
236.241
229.87
536.436
132.401
472.37
377.895
435.625
466.515
764.446
116.362
430.686
680.65
188.308
282.682
469.936
652.694
812.724
592.638
429.317
658.377
657.843
809.632
923.832
733.916
901.67
444.542
344.595
647.932
501.036
228.022
562.864
738.426
256.049
743.303
521.729
689.807
440.941
402.796
636.708
531.647
229.637
322.49
511.497
596.584
121.807
597.182
828.087
776.466
245.978
306
616.281
340.309
406.32
387.475
911.693
742.607
322.27
492.59
651.339
275.855
593.465
407.541
629.134
272.107
680.007
77.9872
560.34
133.664
53.6004
201.638
273.408
207.954
311.464
259.453
389.035
183.134
195.87
424.985
361.024
603.729
403.823
131.947
139.918
469.383
322.479
273.995
512.762
292.576
616.718
417.049
460.197
764.211
530.895
93.0591
224.415
516.327
538.243
369.164
328.42
585.819
249.724
506.333
297.935
338.864
518.907
802.322
102.489
574.145
678.136
257.62
205.477
613.27
620.158
1052.01
808.002
732.574
859.195
828.537
509.852
961.22
533.256
843.043
497.948
549.364
694.275
968.169
84.5044
650.628
802.01
702.445
211.002
469.81
749.779
197.385
423.043
596.705
854.283
319.288
336.214
748.647
597.041
602.03
179.922
912.318
765.718
965.353
480.335
693.213
426.386
929.26
367.147
490.863
487.763
777.032
963.631
261.467
599.595
474.558
989.417
549.401
188.68
119.971
279.235
343.91
192.003
388.973
182.609
360.181
136.894
118.191
364.881
378.338
541.237
339.094
208.614
115.624
409.275
244.493
239.385
445.072
218.552
542.532
386.311
384.922
688.003
471.45
24.0416
247.879
464.414
502.005
325.613
358.265
508.34
202
428.361
375.89
299.708
441.862
724.338
158.398
542.369
603.355
188.6
150.615
580.719
477.302
529.507
612.719
766.997
740.94
664.091
529.741
210.839
673.211
540.268
374.012
248.018
967.82
412.393
572.811
434.074
866.988
583.961
322.692
854.687
648.779
600.75
197.73
736.155
944.401
378.114
568.958
784.398
946.049
186.344
286.295
313.058
672.955
376.942
664.844
694.874
826.211
617.981
881.477
492.042
154.742
905.588
461.525
673.167
171.479
80.6536
152.801
292.865
340.013
245.284
339.591
344.99
314.814
287.111
440.756
249.616
729.702
432.612
96.7471
153.574
597.001
411.962
255.705
633.461
403.927
668.489
373.936
566.389
864.789
539.371
211.192
335.672
648.012
497.692
354.232
205.08
659.007
260.192
589.784
253.513
472.467
589.415
884.774
31.4006
524.004
784.595
311.272
334.66
563.044
166.244
267.479
259.465
274.221
291.673
372.05
236.476
231.871
432.478
317.838
655.66
416.396
94.1116
136.125
521.752
359.489
264.756
562.853
338.497
640.202
400.805
504.747
807.233
536.418
139.718
262.84
569.78
524.17
363.435
280.409
617.745
251.525
542.033
267.686
392.319
549.459
838.475
50.0899
556.493
723.243
278.21
258.07
595.81
159.656
353.566
109.836
457.22
496.695
365.699
395.774
588.98
369.778
787.838
577.097
72.1388
293.777
652.247
523.187
407.653
704.923
492.74
805.584
525.524
660.767
965.273
689.757
294.364
297.859
686.222
648.827
506.616
310.744
783.69
406.989
706.638
103.078
498.302
715.593
1002.98
158.777
672.964
877.957
443.696
393.081
711.675
325.719
182.915
524.462
634.013
373.955
458.76
696.968
527.486
767.297
677.124
196.128
403.02
635.106
577.88
531.745
702.781
524.138
886.118
663.019
687.212
988.843
802.113
348.832
227.108
649.062
787.041
630.754
469.847
844.909
517.929
759.319
134.332
462.079
781.025
1049.77
286.007
815.751
894.873
530.479
404.353
854.936
452.134
289.443
546.923
86.0523
235.733
514.926
564.008
443.842
479.521
304.685
307.617
310.105
310.281
425.659
377.478
230.933
630.66
571.602
376.005
669.714
618.07
172.003
115.935
333.732
681.507
502.248
535.616
563.238
380.596
471.425
419.411
144.886
508.862
745.918
309.492
724.978
573.601
333.318
108.674
762.342
565.864
575.752
472.144
505.099
685.999
416.077
891.897
677.425
180.854
395.466
756.446
632.637
499.1
811.939
602.316
910.251
603.841
770.38
1074.98
783.712
404.191
380.337
785.857
724.47
596.044
351.411
891.898
505.339
815.854
49.4065
596.772
823.423
1112.27
259.095
743.107
987.296
549.241
500.265
780.75
319.011
203.416
65.7647
230.217
439.52
448.933
191.659
385.251
194.538
338.237
74.7329
216.76
338.12
119.202
362.25
335.622
240.352
527.577
330.068
175.636
388.106
416.31
422.834
250.38
446.363
326.686
160.031
251.024
556.529
316.432
259.453
547.227
315.246
471.561
452.863
68.2642
185.335
505.213
473.128
333.108
191.416
221.02
758.673
220.057
439.711
250.793
656.174
373.873
121.314
645.663
438.138
445.57
29.0172
529.684
759.016
244.469
376.606
605.688
735.305
153.052
81.4985
271.765
494.534
170.182
470.703
593.742
620.572
432.227
717.198
348.052
185.154
710.471
250.863
469.793
224.357
151.529
429.895
514.782
423.515
393.859
304.821
246.814
288.226
227.07
352.841
339.825
154.548
548.081
496.459
313.345
615.35
532.452
113.146
192.271
333.353
602.399
423.098
494.88
486.121
304.026
395.804
446.799
162.816
428.777
678.906
283.425
647.265
522.598
249.323
30.4138
683.949
279.33
419.358
466.435
245.247
324.248
155.003
344.449
127.64
218.037
360.555
126.775
427.984
353.922
280.146
577.935
383.338
109.932
327.495
414.73
453.848
275.429
416.923
390.155
163.466
310.876
493.725
287.587
323.909
607.213
260.448
500.141
497.775
97.8008
140.471
535.934
401.261
611.903
44.5533
520.571
296.933
530.347
249.826
191.846
500.025
335.65
257.303
187.131
374.995
572.47
106.569
370.265
603.518
615.599
218.048
116.078
440.545
304.322
182.082
291.096
691.868
543.909
244.99
525.796
430.223
269.358
531.662
182.702
414.585
296.108
884.684
419.076
338.993
271.693
763.593
510.941
235.79
776.132
545.147
658.554
240.566
677.853
943.004
465.408
401.749
580.662
830.617
339.094
285.328
65.6201
692.181
286.063
650.969
447.581
677.354
625.02
920.659
271.901
344.023
881.254
379.16
524.619
378.399
568.014
728.336
620.194
135.591
385.323
665.368
113.146
339.815
528.22
770.118
237.2
313.249
669.521
518.51
543.118
134.317
829.843
681.561
883.005
412.7
608.839
350.956
862.045
306
416.203
453.134
698.98
881.15
223.379
515.14
398.54
907.556
507.11
283.323
485.808
206.073
195.556
455.923
293.002
244.639
220.311
331.361
539.093
138.6
342.107
572.043
571.112
261.84
139.703
453.035
275.697
172.734
253.034
680.172
502.398
212.191
502.054
419.148
313.141
493.836
151.845
376.948
340.472
224.056
592.987
451.806
343.431
641.48
424.44
733.848
468.722
592.139
896.109
622.685
225.002
270.237
632.456
592.71
442.872
287.057
711.625
338.52
635.009
174.026
447.286
643.473
931.421
92.9624
620.158
810.001
371.874
330.619
659.274
494.838
269.091
134.082
515.428
281.4
515.403
278.297
431.713
721.973
400.362
136.488
355.462
559.408
398.557
230.054
262.909
506.534
115.434
440.511
396.85
407.887
436.744
733.682
136.4
435.46
646.871
158.218
253.902
474.427
285.659
553.802
87.6641
221.253
504.251
670.911
182.464
391.369
603.802
386.083
413.563
86.8217
744.42
583.378
757.43
397.854
496.961
315.412
727.058
178.362
378.312
504.683
566.032
795.192
292.474
406.389
263.919
825.021
282.446
272.712
90.7083
321.014
386.757
167.027
453.538
336.69
232.691
419.148
368.761
459.698
298.605
520.112
267.03
227.035
183.935
620.355
301.811
204.472
479.883
386.529
510.181
378.132
132.518
201.613
540.959
553.841
332.728
440.193
146.932
447.457
707.249
284.788
255.361
486.042
629.114
264.775
99.4636
260.548
460.245
56.8595
415.278
509.188
503.557
391.828
690.101
250.577
303.271
646.251
150.416
351.01
341.884
234.077
437.001
656.979
127.287
305.367
561.487
423.515
486.963
155.824
717.731
568.42
777.319
325.424
497.555
251.563
786.081
258.043
316.792
417.31
603.451
769.013
206.349
403.441
311.853
796.006
402.286
454.78
168.077
472.869
426.357
199.722
344.536
297.357
538.756
369.054
543.688
332.627
275.937
241.537
583.551
211.249
278.297
525.863
374.973
588.252
385.565
187.278
125.3
620.868
436.162
322.093
368.067
223.002
537.618
740.122
587.868
418.12
373.343
696.337
116.4
413.165
188.939
907.816
598
129.387
281.002
651.356
462.564
365.308
362.001
522.182
472.319
538.707
758.762
227.976
402.117
632.582
751.247
124.036
88.5664
294.391
491.449
192.52
473.059
622.306
641.48
431.261
711.037
377.065
157.175
713.656
268.019
492.001
196.229
304.869
434.2
367.163
491.859
267.471
593.033
450.379
686.7
219.228
393.041
133.154
751.373
296.978
195.931
370.3
538.614
644.345
218.563
298.886
282.931
670.401
578.972
671.168
783.556
437.269
771.355
678.012
962.951
272.606
659.758
292.104
1056.23
562.2
327.552
157.305
838.376
819.39
99.0202
572.631
585.085
833.927
476.656
709.138
690.444
195.31
191.638
513.472
307.104
284.93
325.613
792.187
637.29
265.844
504
531.154
241.174
555.82
288.043
515.403
255.212
236.241
440.511
515.819
338.044
382.256
498.578
214.462
416.486
388.738
275.944
433.207
711.63
180.544
557.31
585.215
190.379
126.606
595.349
422.303
749.721
573.4
540.646
677.148
449.72
585.888
340.248
237.118
620.904
861.847
309.713
789.309
686.662
421.096
219.693
827.9
828.392
664.464
819.699
479.009
572.549
399.586
752.317
189.275
463.321
565.212
616.651
878.938
341.369
484.531
314.167
909.41
179.368
399.941
498.751
301.617
503.462
744.614
737.827
450.006
699.087
501.1
51.3128
741.271
359.724
594.254
82.4197
326.659
415.213
123.693
389.236
607.705
561.424
351.753
640.066
349.986
224.722
628.981
184.114
415.549
260.895
720.747
303.424
672.316
384.251
657.466
652.113
950.649
231.491
407.659
896.027
391.74
508.19
442.719
420.954
92.8924
883.211
509.828
69.9714
230.185
637.501
546.92
253.797
348.368
457.625
562.313
368.897
509.946
450.552
351.411
651.08
248.294
344.384
595.413
94.541
299.702
381.872
804.249
417.653
65.4599
296.446
566.117
553.99
240.832
285.414
366.824
575.125
563.051
815.67
1100.08
261.658
766.071
966.586
545.818
475.849
804.294
469.107
659.826
441.172
785.504
463.441
378.16
154.616
820.232
299.708
568.232
499.73
291.433
278.539
401.384
518.664
861.847
743.024
230.009
576.147
648.746
751.061
530.028
757.048
291.383
303.422
569.27
791.137
407.404
640.251
39.3192
504.346
492.585
809.855
237.008
442.109
676.267
