60
445.468
482.912
638.304
164.201
989.599
181.069
697.103
323.08
155.348
202.299
587.378
703.137
655.085
607.646
636.965
426.242
349.298
565.28
720.669
867.862
639.027
251.877
74.9667
319.215
573.079
612.905
453.63
557.545
330.494
626.765
589.041
199.965
423.212
545.528
582.697
518.004
372.156
640.888
237.192
287.346
732.04
430.935
678.567
800.316
738.531
549.875
505.284
317.673
280.585
608.326
979.029
862.516
271.768
448.291
113.701
953.868
422.583
891.009
645.515
234.798
365.034
431.351
555.442
351.027
452.651
430.512
531.448
339.342
628.039
302
313.102
410.234
450.818
611.31
468.386
232.123
360.225
423.558
361.533
282.078
391.349
139.786
277.824
265.771
492.814
637.515
114.978
617.197
148.111
437.539
394.119
405.908
335.216
338.245
100.807
433.6
605.239
624.854
534.195
190.287
241.646
355.883
411.06
382.753
302.05
148.223
483.291
205.623
837.704
573.509
474.856
343.495
331.798
815.8
23.0217
458.093
374.775
598.481
385.914
557.202
317.279
686.534
297.128
498.663
296.279
416.76
498.407
537.305
178.398
218.836
457.832
323.934
99.3227
574.401
523.692
594.71
438.545
409.693
212.25
90.377
492.089
302.536
437.653
250.46
393.876
253.024
372.11
204.216
173.104
570.014
568.862
301.901
205.273
548.831
546.059
308.224
60.6712
295.447
463.643
255.625
613.946
533.49
203.666
376.09
189.708
607.91
390.37
371.529
136.092
388.747
585.235
231.249
463.276
171.003
706.989
685.001
638.036
88.3912
762.444
776.078
636.013
987.296
215.114
102.044
769.625
809.801
940.239
802.275
574.596
145.231
458.193
6
386.65
622
459.228
626.958
122.654
846.378
991.492
408.13
980.817
400.895
726.918
751.439
770.676
56.921
136.528
334.742
789.854
860.002
897.08
886.383
555.112
456.632
417.005
723.395
135.093
135.44
472.038
793.977
504.223
1190.3
888.613
784.129
706.491
546.004
1169.65
373.363
613.245
719.462
931.513
80.6226
778.155
162.496
112.805
95.9635
423.208
723.671
700.521
476.29
500.357
270.562
185.626
480.692
761.29
847.024
706.378
344.651
110.39
291.568
474.293
654.047
291.88
393.815
326.735
464.004
555.713
35.7771
275.496
406.774
655.629
605.126
391.155
508.992
174.866
195.474
591.936
347.207
634.874
779.978
633.86
643.68
584.036
283.595
118.229
546.627
822.302
738.773
108.812
315.298
174.866
797.126
409.207
834.161
530.396
854.976
749.569
853.626
1043.14
836.436
900.785
470.038
583.014
581.323
597.997
1002.86
877.796
457.905
553.738
236.028
679.001
831.925
925.934
670.403
482.653
575.265
833.015
940.299
665.877
848.009
407.359
923.301
747.3
647.392
705.148
765.988
650.374
569.443
1101.49
1102.49
596.657
585.342
313.963
268.017
382.907
794.667
734.772
672.162
933.283
385.519
814.99
455.624
928.605
677.16
878.167
806.048
576.64
98.5951
485.44
712.338
160.801
188.502
21.8403
431.028
645.105
626.02
427.766
456.225
313.177
196.023
408.628
685.532
766.546
637.057
293.455
107.229
211.301
407.208
579.022
287.712
411.001
248.338
460.652
475.446
90
243.824
364.496
588.43
543.332
315.129
460.978
255.425
274.332
551.05
273.49
555.612
699.449
570.202
583.849
519.64
203.081
159.154
469.541
801.723
685.598
148.93
267.576
137.004
776.625
329.014
757.209
471.445
842.465
840.549
711.826
1072.31
282.604
176.782
858.001
898.186
1018.58
882.38
662.796
196.125
517.078
92.6984
446.091
687.8
541.72
715.266
207.473
930.228
1075.11
490.026
1067.3
487.37
800.053
836.386
858.498
125
179.279
416.909
878.237
924.948
964.84
974.641
642.436
538.934
483.39
809.395
154.12
194.487
554.658
869.955
591.006
1278.49
974.166
859.956
792.965
611.949
1257.9
460.245
683.71
807.53
252.21
148.553
270.44
732.301
734.33
336.757
354.268
181
39.9249
396.295
787.633
809.198
760.608
447.756
257.498
305.439
373.6
686.295
130.602
251.048
354.949
304.074
521.277
129.139
126.59
261.63
717.466
682.455
428.16
367.663
273.622
257.109
440.614
282.177
583.762
745.312
517.421
725.177
655.058
293.205
85
482.465
659.919
600.257
84.22
185.456
297.8
634.748
412.404
760.342
406.902
206.712
483.624
814.963
781.216
581.97
603.364
295.63
262.374
593.448
844.541
951.87
776.186
395.238
154.392
392.684
586.806
736.346
371.135
444.64
421.37
534.835
662.076
131.046
375.474
509.784
722.034
662.813
479.138
614.142
84.4808
132.004
692.087
459.654
743.755
884.455
745.413
697.364
646.564
386.281
179
657.853
904.067
845.625
174.233
422.412
230.176
879.036
508.737
945.521
640.563
417.404
635.979
620.545
406.075
434.753
309.278
185.607
388.404
679.027
751.836
634.833
300.601
128.004
200.242
386.048
573.223
272.531
399.591
240.352
444.649
460.22
98.27
224.163
343.246
587.433
545.022
309.233
439.295
270.313
285.631
529.741
253.622
538.912
684.954
548.734
586.287
520.197
191.126
158.142
451.221
782.382
663.759
148.192
246.077
151.093
757.312
317.737
738.867
449.672
913.315
941.001
319.883
304.217
210.602
238.839
493.04
984.594
926.035
984.496
710.899
526.183
533.349
446.01
893.804
147.801
54.7083
585.496
71.0282
669.582
387.485
235.926
262.122
948.939
926.154
657.094
332.099
465.155
419.687
338.179
441.491
701.142
871.215
519.655
970.563
895.302
520.312
310.227
594.557
438.321
523.116
317.844
286.503
567.892
414.45
616.024
822.247
415.987
113.442
647.265
684.834
912.877
769.842
443.199
94.6678
244.559
209.117
473.206
664.73
436.431
497.508
117.72
786.482
929.005
396.958
892.121
253.411
733.989
686.016
668.001
240.853
312.247
335.92
660.495
893.744
919.048
746.839
473.342
274.418
202.2
555.966
332.962
287.712
446.706
784.409
351.882
1044.09
715.489
775.745
627.226
594.052
1025.71
321.263
401.155
578.221
701.046
740.434
914.884
773.487
500.37
67.1193
357.572
96.0469
410.396
627.348
429.261
554.16
48.0521
805.44
950.371
381.996
927.979
317.317
716.017
707.167
710.359
130.388
207.473
311.315
718.543
863.287
894.882
811.473
500.959
362.77
315.002
636.699
222.65
189.021
441.249
775.812
421.07
1113.7
800.432
766.431
655.629
552.87
1093.95
326.682
511.531
642.848
40.6079
441.352
344.228
204.071
730.924
617.45
765.513
608.03
532.738
383.437
149.833
658.005
267.226
359.235
426.052
272.118
393.859
451.314
210.262
77.2334
744.469
746.626
480.202
33.2415
610.379
590.588
132.966
235.238
401.254
568.149
203.494
791.601
711.006
373.162
421.201
300.468
429.511
263.941
420.975
161.298
531.159
406.873
408.6
502.57
96.1041
443.483
357.469
241.901
769.369
646.746
805.656
646.063
562.286
422.271
187.523
697.68
271.155
347.679
465.619
250.218
431.49
473.646
228.239
93.6803
784.946
787.219
520.505
29.0172
627.013
603.848
96.6282
275.118
434.497
599.55
215.669
832.2
751.61
411.754
437.393
336.015
389.144
248.23
438.056
188.68
564.281
366.4
449.2
523.299
119.604
143.056
553.716
968.588
979.633
938.63
606.092
380.938
485.675
521.024
866.876
174.201
161.078
534.303
276.101
696.087
237.697
256.457
365.624
893.717
854.078
607.126
465.563
260.91
211.192
507.646
454.389
752.006
917.416
641.568
895.545
828.537
473.635
155.596
647.38
648.82
687.701
165.855
327.031
441.509
624.828
593.372
913.777
529.184
422.284
826.325
841.114
800.418
485.857
287.404
344.89
395.698
725.441
109.073
215.102
394.64
278.677
555.021
150.283
136.473
267.402
757.38
722.25
467.898
373.591
271.317
246.587
439.005
314.226
614.56
777.918
532.621
764.895
694.942
332.567
84.1724
511.713
642.487
605.404
88.1419
202.8
332.663
617.392
450.672
785.8
420.729
527.546
434.663
570.11
484.009
494.292
266.182
54.3783
458.978
392.475
520.216
290.016
459.892
189.789
468.932
297.8
233.452
554.867
568.071
321.84
218.6
646.443
645
311.931
135.624
208.154
378.259
187.043
611.818
531.471
261.513
475.379
101.597
615.705
343.596
470.737
227.517
463.729
595.134
238.321
364.047
145.427
321.006
139.714
477.169
691.115
484.266
581.893
108.259
852.502
996.725
439.056
967.749
339.006
775.47
753.047
746.408
187.627
268.365
370.438
745.993
926.041
956.245
835.063
543.118
368.11
288.882
648.753
277.492
253.338
495.782
832.694
440.478
1134.34
809.299
823.511
698.181
617.171
1115.51
376.197
490.65
666.083
452.236
670.099
814.863
559.604
480.026
358.42
825.485
954.797
538.112
887.458
292.027
847.722
727.907
664.193
485.173
553.741
500.345
618.328
1021.88
1035.09
679.709
527.115
228.254
67.6757
459.858
576.993
526.218
565.601
878.219
334.834
948.222
590.737
871.381
659.121
754.221
934.245
446.579
194.201
527.444
387.518
622.029
457.054
622.569
117.201
843.844
988.989
406.096
977.643
395.835
726.059
748.679
767.023
59.0931
139.786
332.71
785.596
860.037
896.805
881.944
551.696
451.08
411.005
718.276
139.807
137.244
469.834
792.729
499.236
1185.81
883.433
782.904
703.341
546.059
1165.2
370.151
607.277
714.894
244.806
226.318
514.799
371.637
563.257
698.033
194
728.135
426.878
372.151
490.805
571.056
330.856
267.675
182.543
638.599
479.719
522.09
740.975
377.922
520.67
605.03
671.037
302.503
253.444
235.512
450.877
484.298
1028.66
823.491
440.581
478.085
170.792
1004.51
264.17
736.185
607.559
258.043
500.016
582.862
387.732
500.34
277.492
561.357
530.457
144.423
350.771
471.153
568.285
511.097
329.12
565.98
238.008
277.51
657.555
359.184
617.599
747.187
665.162
547.169
493.465
254.621
227.903
542.263
908.116
787.686
218.16
373.648
76.0263
882.988
368.331
827.394
571.008
291.002
381.285
389.104
533.608
52.1536
535.836
272.523
298.51
298.6
353.119
417.251
393.449
124.812
413.319
465.543
485.372
516.109
151.608
359.918
492.066
451.887
438.224
362.019
13.0384
349.001
291.385
808.564
599.334
340.053
267.479
208.331
784.889
117.72
571.819
381.895
512.328
354.401
476.038
321.885
409.568
244.1
458.757
264.847
184.329
605.696
615.73
361.773
164.454
633.877
627.659
259.557
144.931
256.681
426.175
165.723
659.929
579.327
284.253
455.811
152.345
563.746
308.715
452.206
194.538
477.33
542.796
281.261
392.771
97.17
757.733
902.727
334.26
881.613
280.045
669.019
659.661
665.192
130.062
195.479
264.03
676.406
817.983
848.728
770.746
454.38
334.073
308.754
601.924
219.804
170
393.243
728.157
383.803
1073.84
766.776
718.812
608.786
508.932
1053.7
278.919
498.17
602.656
145.231
441.192
173.626
552.399
257.329
100.717
191.46
806.119
780.464
513.654
292.104
374.005
341.696
342.71
313.823
597.332
766.123
467.615
824.613
750.267
376.085
192.26
490.682
533.414
517.904
197.003
166.508
423.608
508.319
478.819
746.129
355.418
585.589
125.642
690.308
358.109
243.68
295.169
950.827
923.472
658.328
374.621
419.91
372.022
388.724
455.663
728.034
898.001
561.587
967.298
893.877
520.619
277.272
621.013
490.202
573.684
285.829
303.066
547.759
466.648
623.853
859.189
454.878
587.456
260.317
337.716
350.625
400.536
365.407
341.552
73.3894
454.78
497.974
522.09
557.853
191.084
352.2
470.465
477.051
386.419
309.919
65.192
393.926
297.753
853.651
630.258
384.63
317.668
216.836
830.259
92.0978
567.768
416.159
643.283
428.882
239.069
226.586
945.648
928.91
656.745
279.029
523.803
481.408
272.382
427.3
666.247
835.498
465.225
973.854
896.595
522.947
357.259
561.164
374.593
456.58
363.676
274.345
595.612
350.169
607.495
773.14
367.069
555.742
452.09
417.421
391.215
422.522
244.395
407.443
730.477
743.067
496.271
241.913
93.9149
225.894
322.622
462.36
386.245
277.029
587.439
103.856
797.023
488.191
580.332
387.495
475.925
777.651
169.614
310.229
327.263
246.759
379.97
676.646
629.007
405.1
483.654
178.219
187.878
563.805
337.96
631.716
781.146
615.443
668.506
606.586
289.348
83.4865
539.971
788.936
714.776
73.7564
291.405
204.475
763.771
415.993
826.647
509.784
135.148
713.092
692.026
421.578
241.075
400.17
381.203
317.052
213.122
499.661
667.575
396.232
736.729
660.524
285.601
210.95
393.641
558.271
473.668
210.775
70.5762
370
533.22
381.077
657.46
284.257
740.444
734.088
462.213
106.33
535.004
513.931
186.604
217.793
440.622
610.393
276.342
779.359
699.629
341.481
345.492
334.906
457.617
338.789
345.707
98.5089
477.31
433.457
399.971
564.385
164.648
82.2192
292.5
766.421
806.159
844.28
865.047
523.161
456.514
438.097
712.867
92.358
78.5875
430.223
745.574
492.411
1169.28
878.775
735.615
671.563
492.26
1148
340.588
628.064
700.293
273.035
771.153
747.286
788.578
872.286
516.741
498.158
502.113
737.36
45.2769
36.7696
406.433
702.282
518.298
1175.36
902.863
692.117
657.481
435.66
1153.18
338.053
684.056
712.35
506.949
558.605
586.437
609.624
246.343
338.25
433.526
505.814
318.248
239.942
137.753
464.917
306.008
909.647
665.427
455.432
384.506
260.284
886.794
86
554.109
458.574
641.187
620.165
103.078
263.697
407.443
571.694
187.555
815.959
735.272
403.342
451.749
310.387
404.209
232.594
451.824
194.283
564.072
382.2
433.222
494.336
90.934
58.4123
710.286
516.164
808.683
954.843
786.547
781.815
730.887
458.004
189.621
718.084
897.972
873.767
189.404
456.317
314
873.313
582.865
1004.86
677.957
682.913
519.189
817.201
968.692
774.517
824.574
770.377
476.642
172.557
722.541
855.968
851.925
175.505
442.557
353.01
831.577
603.066
1007.1
663.917
366.771
483.41
639.726
222.445
916.921
836.212
505.974
521.423
395
304.237
185
523.087
284.044
660.819
283.27
534.777
534.072
169.009
301.851
463.692
310.227
561.987
482.038
143.014
354.318
203.421
663.965
450.071
348.381
155.081
332.688
640.891
182.584
488.803
231.216
170.106
282.207
535.12
462.909
362.994
655.623
107.042
774.032
441.192
649.327
430.911
566.128
756.683
262.688
216.449
318.944
424.59
528.557
472.662
498.174
813.066
277.016
918.042
566.768
806.065
599.617
686.656
902.732
378.905
202.41
481.449
779.365
700.608
446.327
602.08
220.484
494.516
165.955
599.922
331.965
642.884
478.502
420.595
313.102
112.614
80.7094
451.187
742.974
559.697
1220.17
945.078
732.767
702.644
472.366
1198.05
383.001
715.338
756.384
375.047
678.05
481.627
1139.48
866.098
667.96
624.356
417.555
1117.39
302.417
651.455
675.865
338.095
291.234
797.427
592.068
329.257
255.055
208.202
773.68
126.696
573.569
373.976
557.237
725.083
684.281
10.2956
270.187
286.007
700.046
463.249
838.888
491.815
694.113
386.43
551.537
324.423
499.373
675.077
220.792
287.673
226.356
362.25
730.274
552.602
926.88
25.1794
837.383
777.345
471.19
684.416
423.597
776.338
351.524
581.416
415.235
219.738
268.308
275.801
705.205
454.676
833.921
490.102
378.868
528.092
333.222
586.974
221.813
901.967
308.934
779.636
556.922
815.142
765.771
451.134
479.025
378.431
406.602
