60
181.618
355.494
411.947
141.51
206.903
348.554
615.443
615.833
619.12
609.606
525.78
581.875
118.87
607.329
560.672
213.825
167.887
654.37
454.881
373.277
272.712
724.745
158.902
405.202
435.984
439.81
273.271
470.986
508.945
193.21
391.077
712.215
302.536
841.584
254.7
337.2
343.332
478.984
402.356
397.756
139
760.931
662.488
338.095
395.38
833.338
265.545
576.782
208.521
262.84
548.461
597.68
458.26
231.054
264.433
516.226
606.03
582.818
552.268
489.397
259.471
171.814
103.817
279.401
794.22
741.556
720.139
787.48
505.371
494.446
103.446
788.893
642.349
37.4433
338.421
807.374
315.601
550.314
424.736
805.723
339.33
400.889
592.629
614.052
92.6499
641.611
668.506
321.566
559.432
892.919
159.765
935.909
414.011
515.058
183.412
544.416
578.07
292.002
182
845.419
819.503
157.623
541.939
930.231
129.634
756.736
290.245
433.267
521.295
649.426
352.24
341.422
388.301
697.672
777.625
749.353
732.069
602.199
323.687
553.199
431.01
554.698
260.357
279.358
397.698
432.824
600.142
469.419
466.782
255.666
504.457
367.491
324.222
608.113
404.317
96.5194
402.492
260.204
744.114
550.986
467.347
558.714
512.316
205.769
168.885
165.605
526.105
641.411
499.856
125.539
378.122
566.873
229.456
226.119
512.346
311.97
432.185
341.47
612.395
67.1193
489.646
605.893
397.322
525.392
395.142
460.466
340.037
549.627
513.079
101.71
424.129
346.433
299.708
490.812
311.97
339.931
191.859
1020.36
813.001
754.523
966.644
397.725
290.245
362.693
992.51
656.869
222.569
579.581
922.989
66.0984
782.522
573.808
801.701
549.918
630.029
844.2
850.673
187.747
882.836
805.584
463.778
722.391
1084.61
322.893
942.857
575.517
745.882
76.844
551.248
758.03
124.78
323.279
843.462
942.64
153.883
666.973
941.576
321.263
946.449
549.524
674.763
400.216
619.668
151.98
600.628
507.28
910.824
936.78
896.909
955.165
256.535
210.583
712.59
571.056
548.606
658.153
387.66
443.068
193.052
680.541
473.206
181.687
296.096
646.341
341.321
480.913
272.09
637.537
242.621
519.669
565.884
551.322
235.032
587.402
514.062
162.003
417.31
773.76
330.728
765.541
268.68
444.042
258.194
378.541
448.157
269.119
12.1655
676.601
661.048
290.209
381.001
759.491
298.283
635.574
344.224
385.798
409.317
489.508
327.049
372.066
221.995
599.802
635.242
600.561
646.595
382.99
782.228
811.473
800.866
809.86
608.837
593.839
88.278
795.297
729.198
128.996
326.663
860.245
401.659
538.335
476.87
893.795
360.068
299.296
553.177
595.243
152.611
616.595
715.649
384.86
597.724
905.532
97.5141
1020.11
460.692
505.867
263.594
635.003
606.021
390.852
264.413
932.578
869.044
204.472
598.645
1013.48
61
773.299
225.61
414.972
625.02
744.22
449.641
284.972
455.517
698.891
811.298
789.476
724.064
906.863
624.82
562.883
815.457
234.617
233.324
359.093
858.11
465.022
257.233
506.616
743.878
179.869
684.235
421.988
611.596
444.882
679.451
776.137
755.506
268.65
793.419
636.777
320.062
569.478
939.202
413.998
752.198
430.89
647.613
196.115
359.388
614.003
81.6088
217.083
653.331
765.676
282.124
497.784
750.539
395.338
802.709
537.837
595.252
246.457
431.932
124.579
574.178
345.585
787.01
775.032
730.466
840.006
648.444
747.126
263.23
979.186
1119.73
705.739
140.118
779.234
828.401
458.017
519.763
1053.88
244.659
505.958
877.251
470.744
753.215
283.387
189.708
886.844
183.068
438.138
590.085
391.184
228.429
875.554
908.825
487.346
279.217
956.4
781.716
328.938
977.394
702.456
889.203
495.601
951.837
505.36
893.369
841.696
214.898
587.664
367.267
1006.95
881.411
1030.81
528.015
588.412
130.633
350.134
395.248
67.0075
117.597
406.559
528.096
729.169
728.958
521.046
204.482
752.463
612.369
173.925
803.553
586.776
349.803
233.38
509.902
1000.31
742.032
632.814
802.843
675.498
212.897
426.755
311.771
522.015
897.161
270.248
375.023
572.079
792.463
285.895
363.593
704.23
560.162
241.052
206.349
850.869
232.648
256.462
862.371
439.769
779.654
618.324
550.989
310.775
725.336
760.852
355.985
529.385
319.002
263.053
598.54
516.164
432.962
637.408
724.117
625.722
103.942
725.321
646.824
291.508
736.785
657.012
375.868
132.518
539.508
1018.3
810.652
710.338
770.267
754.483
309.458
425.959
382.46
635.475
879.332
222.767
404.654
637.201
744.151
205.039
441.426
638.383
539.07
155.077
323.946
811.779
279.861
214.22
846.537
544.656
802.153
669.041
453.471
198.862
651.249
792.2
355.249
623.007
431.019
373.858
693
826.719
997.638
722.901
123.762
569.313
814.921
498.231
259.977
984.708
335.887
394.735
639.878
451.143
874.515
463.416
337.469
874.831
365.568
216.529
503.16
246.108
129.19
907.359
654.599
391.127
348.511
916.332
598.827
210.642
894.545
646.242
646.025
233.773
937.401
333.066
638.753
870.592
55.9017
669.132
439.756
853.987
678.461
938.285
621.831
470.12
183.306
90.0888
143.544
234.649
204.941
570.243
899.355
329.539
487.83
655.986
683.17
355.128
790.322
474.178
436.139
567.067
898.176
910.967
860.774
503.206
903.547
618.142
411.127
597.438
955.869
647.624
577.062
495.694
756.493
424.415
244.739
655.397
274.016
387.778
476.555
711.425
514.176
494.354
579.312
627.185
829.878
731.777
729.932
27.7849
251.161
256.182
756.305
392.869
850.069
764.555
710.815
913.25
584.77
1056.65
533.69
464.901
738.336
877.931
227.59
907.375
618.361
637.66
669.931
893.067
1006.84
978.959
454.903
1018.54
798.519
530.298
757.314
1125.52
601.32
777.016
633.607
871.271
348.817
443.441
809.642
202.988
448.759
677.213
904.719
439.256
665.956
780.283
591.882
993.515
768.058
825.01
187.683
454.648
146.014
806.598
536.225
995.03
943.806
892.901
1052.76
711.942
657.542
140.801
247.758
772.975
417.494
461.088
390.326
822.48
272.36
328.696
492.154
521.545
190.371
546.364
627.81
302.476
509.46
820.658
185.024
945.119
373.28
427.235
286.833
567.736
518.139
385.258
198.215
860.289
781.327
253.286
512.606
937.8
148.054
687.352
188.162
340.084
589.299
681.402
446.609
238
373.852
616.974
723.156
701.208
645.701
668.613
819.923
470.558
382.734
1018.14
274.41
439.118
753.05
450.521
817.435
373.172
252.357
879.859
269.683
317.37
538.335
302.026
118.697
892.025
775.482
427.37
298.283
935.201
684.693
247.008
933.81
669.283
761.948
357.302
944.24
408.718
759.785
856.209
81.3019
627.179
394.411
927.053
774.99
982.597
573.223
520.586
101.124
212.426
261.324
123.406
643.877
613.258
372.662
636.296
657.18
347.541
164.939
505.107
965.196
806.075
717.116
685.136
762.051
353.565
371.431
394.614
694.56
802.11
294.735
377.27
632.637
650.959
105.759
457.193
538.581
464.844
203.404
403.808
722.732
281.002
290.493
770.901
589.49
755.287
649.643
350.657
110.68
549.004
752.891
305.617
650.577
490.597
433.01
720.259
373.894
825.332
279.804
584.969
445.04
805.852
369.542
428.292
629.734
649.414
60.0833
677.594
689.018
338.782
583.337
922.443
163.38
938.363
436.327
549.441
146.24
543.615
604.805
261.926
192.982
846.095
838.65
124.391
559.578
933.3
139.517
785.656
326.956
469.018
502.245
644.54
321.1
378.704
402.8
729.888
802.036
771.891
765.755
604.723
622.608
213.359
270.972
768.407
108.24
397.549
270.141
275.632
430.93
304.266
455.084
257.783
326.841
583.52
422.396
866.225
242.26
179.627
509.828
553.624
311.801
562.181
289.698
799.346
604.675
495.72
379.77
855.402
387.164
456.01
177.924
95.483
681.109
675.296
621.691
148.661
310.91
372.78
516.358
507.843
398.128
923.498
518.907
384.068
398.898
517.929
1002.27
669.413
548.326
881.05
586.205
149.817
486.566
277.894
360.624
953.151
396.02
399.7
514.774
890.677
438.554
303.832
825.35
634.417
397.834
32.6497
936.053
265.754
380.001
916.647
304.869
781.852
583.507
707.857
481.814
855.164
750.18
425
416.909
170.317
127.534
480.833
820.001
590.008
773.796
583.487
694.415
890.295
889.427
250.799
923.409
813.531
482.432
738.875
1105.67
388.671
915.717
594.939
783.158
138.521
531.847
778.777
99.3227
351.648
815.442
944.945
219.966
674.355
915.494
386.001
967.956
605.483
716.907
354.006
589.123
99.6444
654.31
518.145
940.324
949.215
906.498
987.915
326.221
788.741
239.47
544.354
155.261
71.5891
642.963
113.225
384.787
381.62
276.219
392.563
632.582
856.645
299.867
36.8782
716.118
629.668
224.183
749.535
471.802
811.093
507.734
707.912
379.485
843.152
598.206
283.734
354.272
124.455
817.463
744.081
805.87
299.002
401.11
173.289
384.083
398.177
185.946
498.353
163.835
650.819
465.783
393.641
502.622
437.959
244.002
110.86
148.933
517.264
569.129
595.963
29.7321
296.331
528.08
305.133
192.754
500.218
259.925
528.564
394.93
561.006
122.772
585.519
532.693
380.8
430.884
302.333
501.862
422.849
545.8
416.829
82.662
378.308
364.005
328.525
439.604
660.292
1128.59
941.884
842.718
844.938
886.921
439.114
534.043
514.806
754.63
965.385
142.042
527.788
768.177
803.334
262.393
573.943
679.395
629.385
41.7612
431.372
879.311
410.25
143.224
934.68
671.763
916.601
796.377
450.188
186.078
680.448
911.181
466.203
754.351
552.319
496.412
824.243
491.639
344.052
310.633
429.554
348.91
368.68
158.114
243.559
553.624
457.316
759.785
135.949
202.766
487.89
447.723
246.008
510.392
233.026
691.51
521.785
493.779
277.714
749.275
420.386
417.896
270.224
163.11
593.253
569.123
566.42
253.014
204.267
362.724
451.931
433.632
405.278
473.241
570.898
444.018
570.148
852.622
594.63
724.389
936.071
312.808
1241
625.32
526.567
556.129
883.869
706.196
690.088
523.316
1163.88
1001.82
480.759
769.032
1231.79
308.858
825.403
221.617
435.247
916.465
1001.56
748.49
254.961
663.754
716.733
906.016
902.757
712.86
126.036
682.44
104.355
539.07
500.436
431.186
488.786
637.628
1011.85
437.331
173.902
771.812
770.841
379.247
832.25
559.054
965.137
656.061
745.312
531.76
998.391
607.743
407.913
334.94
182.486
937.254
888.257
891.832
272.683
533.375
281.86
524.742
545.704
254.248
706.555
45
424.415
452.876
327.915
370.207
687.405
902.998
368.246
107.912
783.135
694.862
270.054
820.208
542.409
862.975
533.401
771.314
436.928
888.96
654.083
282.082
398.018
181.472
888
807.328
876.856
338.723
470.304
157.003
399.566
423.001
142.032
733.706
746.386
395.02
642.336
982.526
148.003
979.845
494.846
607.698
112.285
582.684
664.615
254.568
246.812
885.723
895.109
65
615.43
975.484
137.321
845.729
369.77
525.601
514.762
677.957
308.916
424.948
457.027
789.487
861.121
830.216
824.583
465.911
494.532
372.2
384.575
706.612
945.526
412.238
147.851
813.932
739.688
313.614
856.52
578.889
906.786
569.984
798.123
481.748
931.357
674.307
309.685
410.869
208.799
930.682
852.31
913.872
349.768
513.966
182.332
433.022
459.853
149.893
352.115
128.281
343.984
809.922
480.904
255.65
375.645
766.167
384.241
161.818
718.084
501.932
451.997
153.769
804.023
139.176
466.367
773.155
236.985
632.065
437.653
644.906
462.154
755.008
601.083
298.613
316.724
146.414
94.6678
386.167
258.683
623.234
472.527
648.526
112.508
346.794
417.221
299.386
296.378
395.601
149.857
569.289
500.1
451.931
220.819
640.17
437.031
485.585
384.178
320.975
437.786
420.971
444.639
386.047
71.5612
467.732
474.858
438.809
523.077
370.407
693.594
580.897
148.678
260.309
674.937
390.544
62.9682
648.439
405.216
535.62
279.1
702.846
114.935
567.642
656.613
236.241
504.026
312.621
625.159
492.392
692.607
472.89
224.611
260.634
218.817
191.755
328.878
1002.75
755.006
510.727
415.059
1031.11
727.486
326.956
1017.37
762.09
757.038
329.97
1046.22
461.979
738.832
966.532
138.192
744.017
511.004
983.153
804.413
1062.74
690.938
595
219.429
204.846
262.482
235.053
1095.63
554.401
600.866
253.584
703.831
703.16
402.326
340.372
1005.15
962.913
170
689.812
1089.87
37.0135
870.761
303.6
508.544
660.446
807.139
455.37
365.483
541.776
795.088
908.079
885.316
818.516
624.115
840.952
942.542
398.128
633.815
820.986
756.612
100.717
425.424
1016.59
491.098
16.2788
1063.79
695.432
1024.35
882.021
590.103
327.965
822.49
1012.79
577.977
794.892
564.51
514.339
862.962
269.072
526.522
333.542
183.918
507.537
256.603
557.724
408.532
554.707
144.586
613.47
517.697
373.129
404.699
272.677
523.256
451.868
555.296
388.857
102.883
361.437
367.129
335.596
420.609
679.754
601.021
213.827
712.698
434.949
791.899
505.832
672.681
357.962
827.832
566.083
298.839
329.006
96.1301
783.518
716.855
769.11
276.525
369.076
197.821
388.988
397.775
218.504
545.514
706.202
156.426
270.148
844.915
908.302
92.4392
629.325
939.941
248.244
893.001
473.06
605.283
431.616
626.554
203.541
524.829
468.113
850.436
892.059
855.249
891.974
452.902
433.668
371.248
303.041
467.132
618.464
277.245
394.808
673.763
609.676
681.012
602.907
269.312
121.758
446.542
685.42
243.526
651.126
529.439
473.777
718.85
691.274
436.331
593.196
298.429
726.935
177.902
620.04
666.192
189.212
489.376
280.045
683.17
555.36
738.133
451.708
273.659
198.305
206.77
196.573
266.101
277.8
721.134
847.254
248.809
579.014
820.22
390.497
880.346
571.301
653.946
278.289
496.178
61.6117
613.765
425.414
859.952
855.697
811.621
910.807
668.243
649.028
302.28
369.012
750.399
307.508
623.899
344.096
378.381
409.956
483.374
335.09
370.034
210.262
589.042
623.106
588.396
636.35
429.802
920.576
434.899
103.078
974.163
680.706
950.493
823.884
490.001
227.264
721.904
943.374
500.497
768.586
557.207
502.594
838.15
951.19
280.145
409.313
926.227
281.128
782.402
578.381
736.395
513.32
878.547
748.473
440.955
397.156
145.499
110.422
459.315
671.075
1013.08
173.003
909.156
427.73
590.235
522.483
706.748
294.961
484.663
511.098
854.251
921.644
889.34
889.577
479.266
653.634
336.214
547.858
391.083
521.791
377.465
616.718
528.209
161.245
375.031
279.415
232.723
443.65
1057.77
679.824
1014.61
869.944
593.021
329.193
822.944
1002.28
569.365
779.872
548.665
498.718
847.817
834.245
275.545
474.469
641.187
779.013
445.982
336.743
506.672
759.627
871.069
848.343
784.062
623.503
392.094
857.439
696.735
926.601
574.252
459.913
127.405
135.68
181.108
180.602
233.019
753.532
801.431
632.87
62.2656
450.409
526.38
692.72
685.65
536.601
755.971
722.967
712.705
182.2
360.702
293.901
472.34
474.023
310.266
267.047
254.395
779.3
420.459
877.849
791.306
737.348
940.994
494.818
806.923
364.856
751.665
600.834
543.323
820.756
675.337
468.168
911.474
895.376
849.276
964.013
447.487
472.128
651.111
648.171
478.65
460.964
431.084
389.667
521.943
255.18
289.399
70.0643
57.6975
314.884
353.86
