60
465.069
198.01
86.3539
131.24
234.957
362.138
947.217
636.211
652.09
734.799
433.417
854.318
583.455
142.394
333.781
468.565
620.81
514.883
323.234
326.731
1019.87
583.541
350.721
891.177
962.51
893.139
411.73
885.105
441.644
569.526
207.858
488.016
140.52
889.506
434.084
513.517
993.745
740.857
599.06
721.183
375.9
875.85
823.74
433.499
669.902
842.82
565.256
705.88
414.248
900.228
430.265
554.867
1074.1
342.656
360.212
777.016
330.36
216.668
117.886
359.762
510.549
336.007
604.258
586.451
749.384
174.889
691.759
316.128
101.237
799.213
530.996
463.276
330.389
64.0312
161.276
70.7672
167.263
487.672
782.059
596.018
666.444
795.274
885.316
586.747
155.708
978.313
288.943
809.689
269.106
313.6
449.361
753.293
330.103
395.88
699.443
282.592
297.741
500.372
96.2081
706.281
389.853
432.187
495.025
893.61
100.404
436.079
434.633
998.686
119.62
749.573
821.775
138.924
629.598
914.945
645.747
308.058
566.773
282.073
124.258
245.782
254.527
749.947
532.955
485.379
573.273
292.606
672.336
392.8
112.018
135.949
389.129
520.385
387.594
192.769
174.874
821.864
405.66
311.27
703.036
778.754
699.398
253.334
744.99
248.767
486.374
112.894
293.626
99.2472
696.213
236.916
315.525
797.813
604.921
414.706
523.608
263.865
679.584
665.591
241.588
471.921
687.143
455.642
511.877
224.511
762.45
282.843
445.314
876.112
284.986
284.29
650.902
289.803
51.9711
314.014
195.133
295.357
440.959
1032
675.392
736.838
796.782
493.028
940.42
669.702
226.153
416.99
504.016
659.219
566.847
384.948
411.811
1103.34
669.541
415.278
977.53
1048.7
971.269
478.173
964.409
520.865
638.189
273.265
567.825
225.657
975.587
516.19
597.268
1073.61
791.658
672.787
803.293
428.322
961.206
883.371
519.548
753.638
925.351
608.865
784.618
500.45
978.963
492.306
630.079
1157.08
378.259
433.057
853.759
396.425
295.025
59.2284
299.908
364.33
854.796
508.976
609.578
604.869
302.513
793.405
510.564
160.312
241.052
344.948
494.037
383.881
192.603
295.846
920.489
528.787
395
820.929
898.827
778.977
283.623
867.748
331.803
592.567
78.3901
379.273
148.223
809.484
333.516
418.918
883.177
609.814
478.152
617.82
245.131
787.869
693.17
360.207
573.464
811.298
436.406
593.372
344.948
884.901
300
559.658
972.616
221.921
382.89
770.912
373.001
111.414
243.239
182.628
870.865
778.235
499.009
806.274
537.703
719.1
491.383
143.544
336.537
628.805
765.346
633.246
438.047
217.348
957.754
457.499
120.416
771.021
827.602
879.477
495.347
687.405
456.324
344.42
341.505
491.883
157.28
788.575
426.821
477.876
964.254
848.19
628.797
685.172
508.063
792.629
899.376
367.666
620.305
663.495
701.145
697.585
345.338
699.972
527.038
346.347
1015.62
514.327
151.162
570.467
103.078
296.655
278.007
699.408
749.4
316.457
719.14
498.953
536.615
323.932
222.576
262.835
627.348
739.53
595.091
424.349
100.344
790.122
278.625
120.304
589.81
645.019
735.307
446.598
523.49
361.681
231.931
367.196
383.719
228.845
610.954
321.174
344.145
810.177
786.253
523.99
536.02
496.106
620.015
810.888
230.002
467.039
488.112
672.061
563.498
210.288
538.273
483.802
196.329
848.592
535.448
58.2151
415.271
112.401
300.741
439.724
781.502
432.445
544.825
667.99
267.507
379.61
825.92
616.209
812.68
787.091
690.293
720.902
657.371
100.319
424.853
814.62
194.833
252.258
245.098
636.417
566.613
530.118
739.797
790.099
483.888
820.45
121.198
521.472
436.165
205.548
676.013
451.784
251.446
739.03
80.1124
574.47
518.31
281.775
465.099
746.127
314.951
539.56
584.57
653.621
660.337
157.089
834.542
751.902
612.962
810.877
743.958
1060.32
812.643
257.179
250.45
883.926
642.262
637.897
487.669
172.052
17.088
155.081
340.243
649.303
792.278
718.154
835.972
865.862
956.804
576.876
303.6
1097.46
417.969
965.829
443.878
426.986
623.994
811.608
463.001
508.945
685.511
157.29
352.324
550.718
270.78
754.788
293.777
571.517
567.341
1005.11
77.8267
472.221
578.457
1118.42
265.859
900.374
821.718
297.136
795.754
1047.48
815.738
481.624
733.083
678.346
590.526
222.74
173.358
510.71
395.567
750.025
808.999
666.701
571.969
325.407
531.715
95.7549
412.953
284.037
329.735
553.832
536.695
286.686
403.071
307.391
576.222
386.063
511.575
323.11
361.931
303.699
593.054
786.323
483.661
371.206
628.11
353.99
755.265
269.466
306.79
206.814
745.523
438.549
276.101
307.241
572.148
228.32
589.434
703.399
355.781
244.1
415.578
509.009
745.618
303.842
692.926
507.001
685.053
471.699
361.581
267.927
246.205
412.4
623.462
543.008
593.56
828.092
659.674
748.323
323.619
324.376
946.575
358.32
900.308
527.053
337.12
672.506
595.343
398.001
397.575
429.739
131.244
202.141
344.542
373.423
531.959
93.1343
498.182
385.275
845.426
254.629
261.396
513.892
967.822
304.897
823.36
568.293
451.009
774.561
922.416
811.529
531.606
847.887
701.691
430.36
402.773
237.697
161.533
240.801
97.0824
110.318
398.89
709.057
494.783
587.388
701.018
790.364
527.425
55.6058
877.097
187.747
717.112
225.887
214.22
389.225
662.813
228.974
295.652
639.015
313.638
223.188
416.707
77.3369
619.487
390.817
332.266
403.521
792.506
173.217
360.855
335.829
897.485
18.3848
654.138
752.663
171.327
545.631
814.717
567.581
243.977
544.772
286.803
716.441
558.951
862.251
884.509
757.103
714.549
530.951
364.911
271.035
635.693
76.1052
109.078
467.954
654.689
300.483
522.162
509.843
746.628
487.988
715.286
146.741
492.448
410.122
465.242
818.123
531.843
348.432
756.635
208.062
750.067
433.655
316.987
197.669
829.001
431.53
448.483
319.215
684.015
438.872
416.635
844.029
578.177
349.036
638.118
685.184
954.969
453.264
272.855
591.761
639.41
499.797
430.167
278.289
467.17
87.6584
442.512
310.483
389.279
425.381
379.117
455.274
243.83
422.284
460.44
218.769
449.437
306.811
208.866
135.558
489.679
613.062
310.485
227.22
477.31
302.076
586.604
151.212
156.387
364.232
577.361
279.603
169.307
476.288
412.083
339.648
525.411
560.971
379.19
416.32
436.314
400.706
691.558
232.418
485.709
624.552
496.372
298.804
186.078
904.221
445.426
235.213
756.672
825.136
797.236
365.166
743.824
352.081
440.822
198.134
394.183
13.9284
760.016
332.73
401.756
891.369
715.939
521.97
613.294
367.147
751.714
777.483
307.631
555.666
700.426
561.4
610.451
286.63
759.29
393.838
417.905
960.165
370.844
229.271
637.754
213.284
158.824
239.251
378.419
478.44
332.862
182.082
162.496
686.366
305.277
360.44
581.868
662.124
565.852
184.174
673.932
121.05
479.827
187.683
161.771
222.72
568.465
101.514
180.405
662.613
526.522
293.293
387.671
247.679
547.613
564.796
128.004
336.685
602.316
410.824
378.613
119.52
693.123
221.815
419.453
740.349
310.852
312.642
596.215
342.462
129.711
449.948
155.544
126.317
203
530.483
843.749
654.423
699.811
859.077
949.027
645.368
213.506
1036.16
348.511
854.3
287.684
375.565
471.832
817.324
388.129
457.184
758.009
307.236
360.902
564.113
131.712
770.188
427.225
487.05
559.008
953.164
115.884
498.832
487.83
1056.36
179.725
797.441
882.479
126.396
667.205
969.446
678.57
337.26
562.057
147.085
327.617
639.595
799.856
714.194
824.666
867.888
958.877
585.616
294.742
1094.36
412.167
957.347
429.791
422.995
610.637
814.764
456.975
505.428
694.908
172.557
353.644
553.875
257.437
758.776
308.002
565.052
568.401
1002.85
67.624
476.324
571.405
1115.26
256.751
892.732
830.234
281.016
785.246
1042.6
804.299
468.882
717.017
198.457
494.854
718.41
571.319
684.471
747.805
838.514
519.076
148.691
953.008
266.443
810.756
311.04
281.299
482.656
701.52
310.831
364.507
631.732
225.978
239.47
444.365
139.169
651.307
322.889
418.352
446.159
864.029
80.1561
375.506
424.38
973.746
111.306
745.678
756.461
205.456
642.41
897.559
664.654
337.763
621.456
327.867
773.514
478.539
499.685
725.493
811.464
609.322
96.6747
853.961
196.329
651.92
115.572
239.098
284.988
698.018
222.11
306.366
718.171
422.011
301.942
471.832
72.4224
663.489
500.596
302.696
443.054
778.471
263.108
430.62
298.839
873.454
107.517
597.164
821.351
131.685
464.776
778.281
478.834
141.397
435.487
742.063
260.225
205.183
573.59
639.832
664.108
346.302
572.134
265.149
324.094
283.185
291.44
186.261
582.074
227.068
263.911
747.094
686.943
431.975
468.329
398.848
580.332
715.822
151.162
402.981
519.917
572.071
485.062
129.035
589.126
383.59
273.766
799.611
444.383
151.822
476.056
190.066
214.037
424.019
519.234
906.958
290.338
335.181
221.199
683.867
661.539
590.235
839.097
852.048
542.885
897.825
220.184
587.882
506.36
139.607
671.763
486.717
303.528
783.365
177.792
556.345
598.148
350.024
561.752
766.087
348.233
620.017
678.859
696.348
759.14
58.6941
879.184
843.894
712.181
902.198
811.128
1134.91
390.519
314.865
379.729
503.481
441.028
382.426
307.319
340.588
489.589
291.218
444.272
332.339
266.295
209.619
558.614
697.046
395.258
309.071
533.24
344.816
674
177.553
239.493
300.262
650.343
366.27
187.096
402.942
476.403
257.498
577.925
610.181
328.385
332.388
388.075
424.185
684.126
694.286
742.122
855.582
538.543
574.13
469.864
224.109
420.364
496.456
246.814
721.505
432.245
462.564
930.099
886.784
637.045
656.323
572.003
734.793
920.65
348.049
587.28
558.664
758.146
682.821
327.442
585.612
573.976
232.757
965.564
594.939
63.3246
454.591
22.0227
362.8
398.08
91.0055
410.343
657.64
371.874
529.759
580.638
768.566
491.044
754.296
77.6981
505.396
419.228
396.79
788.013
514.464
318.002
761.331
145.086
709.597
461.546
301.664
271.428
815.987
400.552
478.774
389.741
684.003
507.174
341.07
852.052
634.874
425.095
695.076
710.682
995.922
486.277
746.067
340.094
616.572
604.743
849.633
579.146
823.799
155.322
590.177
505.191
457.655
877.308
605.469
408.251
849.398
223.213
795.468
538.625
392.46
253.213
906.951
490.408
554.38
354.813
773.187
538.205
377.276
939.183
685.511
417.66
745.252
789.687
1063.82
513.822
762.176
451.575
844.046
704.143
405.809
788.201
333.901
464.663
401.698
112.699
451.09
307.717
199.97
604.496
265.437
336.025
512.978
270.559
656.428
557.66
187.523
535.076
782.185
517.8
760.949
244.969
698.39
793.102
779.023
845.745
676.843
1010.93
823.053
135.34
662.621
205.234
167.027
352.051
623.282
174.771
245.801
623.448
352.853
206.119
385.332
104.235
583.541
415.213
276.812
364.589
739.676
227.139
337.929
280.223
843.348
38.1838
598.923
730.11
198.487
494.677
759.421
519.23
208.406
526.639
689.743
369.121
845.835
671.936
748.323
446.843
648.3
589.042
765.689
1061.82
760.322
613.942
912.713
508.063
1015.93
551.838
562.154
105.816
1031.51
692.188
555.252
21.2603
858.726
341.621
709.913
984.48
537.175
124.868
586.577
776.642
960.421
557.355
261.813
47.5079
341.686
501.863
45.3431
112.04
552.75
428.002
172.54
286.81
234.691
469.256
450.787
154.564
249.275
604.802
346.4
264.237
164.469
710.226
169.366
486.806
641.413
322.621
416.454
631.136
453.596
225.858
559.385
599.114
566.258
449.82
628.466
512.633
503.607
894.947
984.354
698.419
648.787
722.596
661.346
987.905
405.123
578.374
379.733
889.756
699.767
392.944
377.097
700.685
83.0963
896.815
766.682
211.559
244.626
241.913
532.516
622.181
309.201
184.296
751.713
269.67
356.978
809.662
536.239
401.288
548.6
174.522
725.863
615.89
314.306
508.338
781.601
368.951
519.728
302.536
864.017
222.407
556.16
903.03
174.774
396.691
756.857
398.559
69.6419
321.512
384.346
459.57
65.2763
83.2586
505.887
419.358
140.602
239.401
270.313
424.53
427.855
161.645
204.12
582.911
359.58
218.289
176.774
692.741
196.306
492.062
593.93
361.614
440.247
621.136
481.458
272.809
605.615
756.247
323.544
394.2
883.133
702.496
510.906
605.535
353.238
746.75
764.839
302.452
548.767
703.139
547.522
601.185
281.81
764.042
380.434
424.807
953.529
357.23
238.439
643.506
224.829
145.248
242.167
483.316
395.668
319.739
725.192
463.905
260.91
727.518
68.6222
640.394
456.039
259.307
344.401
766.084
340.771
475.386
465.228
646.586
551.153
274.357
820.64
660.076
492.042
720.017
698.176
998.352
87.6641
561.128
472.07
205.119
287.172
269.072
456.207
489.74
109.225
239.954
565.475
390.913
277.721
119.708
668.623
210.64
441.602
641.038
352.278
377.001
587.157
416.875
223.329
550.818
490.561
491.635
195.441
211.625
346.637
369.283
484.314
114.529
156.4
499.653
442.54
221.219
135.636
609.9
277.482
425.851
560.897
434.333
402.28
541.208
450.371
307.859
628.733
553.521
417.8
279.544
715.889
258.07
429.616
596.705
344.472
661.871
669.143
289.945
619.061
784.441
628.924
812.446
143.265
810.188
866.908
800.16
922.163
778.599
1111.15
302.695
470.933
365.089
662.514
138.654
579.327
505.339
962.856
191.45
387.8
591.709
1083.07
322.132
911.308
694.349
420.63
838.487
1029.07
868.369
557.338
846.883
205.022
299.095
412.03
290.002
298.376
215.035
662.942
302.273
138.827
315.417
781.548
211.804
621.226
529.528
394.342
580.734
726.722
621.93
383.294
716.616
487.627
207.01
404.278
317.506
71.007
509.825
506.143
83.2406
339.838
634.962
402.2
565.862
354.799
583.212
593.635
608.947
647.006
509.4
837.618
687.405
456.698
361.179
468.771
833.389
194.805
435.588
360.069
932.584
87.3212
666.048
827.958
95.8541
537.113
841.666
551.094
212.047
482.469
573.943
444.303
220.438
403.877
712.719
282.567
465.086
527.079
604.048
581.358
235.85
781.962
672.164
544.213
731.273
676.566
987.677
588.025
454.274
912.897
313.359
323.867
604.395
1037.09
393.512
909.86
572.543
527.944
866.638
999.085
904.249
623.173
935.577
253.527
476.202
498.507
335.376
22.3607
571.571
314.269
332.701
654.831
433.979
288.028
482.785
335.894
251.543
543.641
460.248
514.821
132.306
275.855
583.364
387.284
495.55
404.949
562.61
524.37
548.019
578.54
463.001
784.909
941.427
589.031
482.813
126.194
774.135
330.324
612.016
910.003
512.625
165.387
567.599
713.674
927.604
432.042
504.429
1052.32
189.13
825.383
800.126
232.398
718.084
977.413
737.916
404.491
665.661
356.787
713.325
348.393
617.839
392.501
531.305
621.711
680.309
671.193
489.842
823.615
574.659
318.127
322.816
676.804
429.253
268.067
481.769
314.841
237.895
523.437
879.119
353.708
726.615
1003.8
550.263
132.62
598.602
794.723
974.005
637.107
740.684
182.913
531.207
796.589
554.388
235.417
542.996
817.133
717.551
197.732
224.511
244.976
487.483
621.73
923.564
902.479
765.212
960.715
863.932
1189.63
569.022
906.027
573.185
235.372
436.005
422.195
60.208
333.829
424.078
468.342
687.215
846.237
341.434
381.047
334.55
