60
538.101
445.422
538.301
248.171
492.295
423.066
531.791
672.787
667.974
230.02
729.976
505.917
486.009
491.563
717.441
732.522
127.906
357.414
873.66
119.641
327.41
574.474
510.036
609.121
300.466
251.849
482.57
741.035
413.411
751.918
402.419
781.553
168.012
106.471
688.608
190.591
658.513
616.548
798.389
503.224
742.402
247.891
443.373
233.225
378.471
359.703
230.254
750.793
607.217
61.0328
61.8142
283.214
715.605
240.637
337.615
765.201
217.892
816.777
539.676
185.952
431.181
690.464
178.519
595.612
46.2277
556.504
345.21
711.916
677.041
407.707
61.3514
658.062
395.497
590.003
613.766
201.802
340.147
604.884
606.21
525
604.134
95.2575
828.747
660.709
509.46
647.67
288.226
231.387
208.471
301.732
444.838
642.343
313.704
350.203
311.777
507.134
373.186
174.943
245.801
562.648
216.52
755.797
585.277
232.433
738.832
745.094
370.844
556.182
486.498
273.271
201.814
308.877
327.88
231.672
366.019
281.439
622.097
256.603
649.377
46.9574
412.044
147.054
395.38
511.132
655.556
795.886
512.29
186.682
472.695
304.946
727.512
549.477
101.242
498.52
540.005
614.081
630.293
672.975
280.863
745.877
629.734
588.123
775.718
102.489
325.886
282.705
487.003
310.44
538.84
489.351
261.09
229.428
340.384
356.183
57.8014
304.138
551.381
318.127
677.765
405.222
277.195
610.32
571.679
230.835
444.495
408.894
164.539
383.047
207.338
154.871
395.79
344.145
405.643
696.512
780.877
252.686
260.225
386.339
148.923
767.156
768.287
1042.38
758.235
442.377
288.087
236.485
980.788
664.012
322.672
687.352
655.037
796.834
873.725
896.659
521.061
814.371
774.145
820.347
1025.83
176.819
477.821
530.201
720.381
370.346
598.572
742.747
409.498
232.757
89.5545
374.237
256.581
429.796
722.563
569.93
759.454
282.899
515.886
613.884
315.382
121.655
507.576
529.748
336.859
610.084
364.387
218.961
600.354
534.252
567.902
922.727
695.457
666.851
698.559
918.904
700.755
59.2284
624.541
490.719
630.492
732.184
942.224
668.362
120.603
550.382
998.531
128.55
179.471
507.051
389.104
737.82
209.612
44.1475
411.306
652.307
640.514
920.035
502.935
868.757
413.411
243.033
739.736
391.492
875.343
861.815
1004.76
705.36
922.979
151.093
526.852
152.778
621.341
466.4
358.022
997.8
839.01
296.233
252.071
486.684
830.87
445.382
570.548
895.189
324.607
969.662
414.754
435.652
134.134
382.063
517.603
702.249
819.378
537.515
194.558
492.004
265.836
745.462
596.27
145.715
468.531
586.801
656.092
656.294
706.601
269.765
792.733
675.196
619.409
796.646
127.094
286.044
309.614
472.848
355.148
585.192
490.658
307.924
187.131
330.397
309.595
11.3137
260.432
595.033
340.602
724.707
433.103
309.38
654.276
567.087
205.061
490.601
455.791
211.405
365.168
254.244
192.421
369.303
387.243
368.848
729.254
559.004
323.396
886.235
636.479
1081.8
811.044
581.249
74.8131
496.633
1048.27
546.923
415.993
903.448
539.801
740.1
912.428
892.37
690.837
637.907
674.624
837.366
1078.07
310.413
708.137
609.309
897.285
283.938
439.178
878.027
392.8
486.519
287.077
632.748
444.541
667.892
659.595
656.619
599.26
46.0977
578.82
405.08
335.233
380.554
370.648
445.154
378.308
795
376.958
272.809
804.886
525.212
796.247
921.393
510.392
391.312
716.378
718.377
445.325
88.459
619.564
352.285
633.78
615.508
182.003
360.251
606.399
625.195
563.541
636.202
135.857
827.01
671.042
542.855
690.293
249.393
222.713
235.034
340.689
426.063
634.024
359.807
341.568
268.287
461.339
339.996
129.769
226.108
576.812
250.252
754.978
551.008
252.579
723.896
699.648
324.644
544.938
483.468
256.912
236.008
295.797
295.787
253.955
374.498
285.512
655.369
899.436
902.173
1188.15
903.899
576.39
315.785
249.65
1122.85
800.156
469.601
769.767
791.467
943.445
1020.26
1045.53
640.216
934.915
914.887
968.665
1170.04
324.68
554.041
674.834
829.849
505.579
722.403
870.196
556.245
292.606
59.6154
397.035
383.275
498.824
868.131
712.787
885.196
360.846
662.613
717.931
201.613
191.191
636.001
670.09
485.741
718.053
512.519
366.456
695.423
682.692
641.995
1071.53
745.618
383.575
221.353
324.78
956.622
734.33
271.488
680.13
472.273
403.745
674.176
545.996
286.54
423.972
277.914
893.573
658.794
336.602
340.544
604.728
479.552
284.693
221.712
658.138
769.889
60.531
532.736
652.228
847.854
681.171
516.164
525.544
549.663
236.932
821.336
864.209
323.396
897.825
1082.53
715.867
712.505
606.163
510.816
268.881
523.153
615.998
345.939
450.124
460.819
426.198
683.058
540.042
653.204
698.971
941.154
724.431
106.963
559.103
1028.48
116.417
237.002
562.435
447.493
765.278
153.574
101.02
466.074
710.045
637.377
938.946
533.16
905.672
398.031
201.695
782.04
394.677
877.734
846.313
1011.73
712.574
938.314
198.92
560.875
93.5575
590.526
494.535
305.797
970.184
834.037
269.136
248.387
491.187
861.963
448.733
564.139
923.472
347.174
992.846
473.448
284.255
633.331
1156.6
1070.18
123.968
672.17
719.825
784.431
671.206
446.706
170.532
235.614
638.042
833.06
582.114
249.104
53.8516
865.92
854.056
513.626
599.702
805.248
803.152
443.191
689.007
986.106
1130.7
1042.93
822.001
894.424
504.624
478.816
775.952
1047.31
526.818
940.213
1346.11
1024.14
789.462
677.649
720.642
650.994
709.798
844.995
728.994
558.306
843.256
210.002
357.677
885.416
793.54
237.918
488.925
435.836
594.98
484.531
327.3
119.013
215.52
389.005
691.925
447.415
120.54
269.987
581.932
610.066
229.654
426.897
544.929
598.03
272.406
421.726
709.732
846.463
780.37
540.779
641.811
341.177
197.798
622.384
779.749
243.282
733.273
1063.49
741.571
559.604
446.279
440.883
435.36
434.615
564.057
513.697
302.2
619.32
225.73
647.392
437.029
553.205
556.44
170.294
387.825
547.691
544.92
476.24
547.973
125.801
772.907
600.164
454.424
607.17
283.595
292.657
148.486
323.125
405.094
591.352
303.318
301.533
352.989
523.692
428.065
194.517
306.349
501.483
161.83
699.552
566.414
171.094
693.239
757.747
397.644
507.986
432.356
234.088
235.85
265.174
308.877
279.235
306.493
339.676
566.961
519.139
1122.46
613.157
484.951
956.339
606.422
811.836
987.183
966.673
753.26
689.303
742.074
912.149
1152.7
370.218
755.278
681.707
959.615
357.841
499.033
946.609
467.603
520.525
292.099
661.43
500.1
711.605
731.248
728.754
655.857
114.202
652.043
449.361
284
409.5
436.931
516.807
450.919
855.238
451.048
341.084
860.633
599.981
844.541
995.751
985.5
834.212
405.357
533.811
824.779
918.629
912.468
971.152
457.755
1011
926.631
882.261
1042.58
304.171
319.615
570.503
621.472
557.355
795.335
693.795
550.992
84.0773
237.497
148.277
259.471
261.48
854.132
595.897
949.015
518.564
574.098
832.112
447.447
120.42
700.154
693.082
457.665
511.614
497.511
380.422
473.212
648.151
402.971
993.125
695.414
662.085
666.108
692.786
489.418
163.012
291.084
539.676
877.67
624.408
260.048
72.6911
806.877
749.627
452.305
481.084
782.527
817.142
328.977
659.644
901.741
1067.15
946.194
746.673
793.444
532.211
410.878
814.44
1017.49
474.22
954.354
1291.19
950.167
788.996
675.23
675.148
540.316
671.417
796.4
616.831
538.043
732
274.213
454.01
937.365
9.48683
235.697
532.635
440.124
672.489
220
130.43
435.966
691.694
530.51
838.208
445.638
824.285
294.679
138.679
710.871
288.404
770.88
743.551
905.563
606.698
835.419
167.601
478.167
145.801
501.597
404.991
270.934
877.261
727.472
176.366
141.481
384.97
772.82
342.348
457.69
830.865
254.466
895.201
468.711
540.341
444.595
513.282
551.058
581.166
291.455
656.814
529.544
500.321
704.369
146.103
395.99
209.781
493.244
244.297
456.374
462.041
167.815
330.668
411.428
454.401
155.232
385.032
450.139
252.842
586.816
398.152
193.217
542.015
629.223
323.08
365.089
315.297
75.743
401.404
117.034
143.892
432.541
243.019
466.069
605.892
929.026
881.4
684.854
810.191
265.424
1156.27
963.303
715.364
738.003
595.424
215.87
495.782
185.024
784.419
979.161
343.223
688.745
477.172
737.808
413.783
459.2
272.694
856.832
473.803
1082.33
901.561
533.971
1078.87
971.367
584.23
895.202
819.007
613.209
168.443
648.951
652.663
108.757
683.159
131.59
817.793
237.118
530.157
439.906
664.058
227.864
136.213
433.668
690.036
521.107
829.089
437.8
816.819
285.927
136.565
704.376
278.928
761.4
734.772
896.085
597.234
826.139
167.045
470.763
153.675
494.581
396.994
270.49
869.632
718.138
169.496
132.004
375.494
764.683
332.866
448.386
822.417
246.343
886.323
468.653
329.134
211.149
633.482
389.082
136.033
234.957
473.052
633.972
836.747
400.632
733.673
459.818
373.664
591.473
387.36
843.009
884.096
955.47
664.272
850.339
80.604
410.572
329.389
697.648
373.9
506.354
1054.14
830.056
387.752
295.042
467.732
713.297
434.079
577.897
784.608
270.74
872.698
238.053
147.99
499.713
715.891
462.964
97.0464
168.253
697.017
720.42
347.628
506.957
638.047
655.979
345.649
519.816
828.621
962.405
896.697
659.674
755.056
369.229
316.809
651.86
878.647
357.841
793.393
1175.98
860.058
632.286
518.934
550.158
533.638
539.424
674.593
612.847
390.959
722.665
143.003
598.815
598.041
346.521
96.8762
264.594
721.803
818.59
402.952
639.077
609.036
574.321
480.375
506.32
889.191
986.199
976.034
712.093
846
272.905
387.625
540.338
853.879
397.247
710.252
1182.83
902.856
570.817
463.476
560.665
650.745
539.189
683.913
728.863
371.704
833.02
29.6816
891.036
704.376
502.021
602.921
383.275
221.111
236.072
206.475
530.405
715.011
236.212
426.825
376.904
593.485
406.539
264.766
256.64
600.491
223.788
817.174
680.089
271.45
818.854
832.765
450.973
633.091
553.81
358.922
110.368
390.923
422.342
158.398
418.76
239.821
612.889
253.338
619.621
861.752
708.932
1048.89
665.625
1044.01
453.665
216.481
927.302
489.082
956.059
883.323
1097.95
803.678
1041.74
351.525
697.862
74.2024
592.486
624.854
245.725
971.462
896.83
310.91
343.583
583.358
992.416
540.587
630.993
1049.26
474.157
1109.82
623.065
367.165
609.082
627.459
891.298
468.629
830.102
411.359
264.552
698.765
376.044
857.506
857.018
983.521
684.773
896.462
109.809
490.306
193.933
629.708
433.518
387.547
1002.25
826.474
305.275
244.812
469.248
795.237
429.16
560.289
861.002
296.623
938.282
372.647
258.822
643.991
722.001
311.97
546.989
557.991
560.915
390.616
445.382
799.576
909.797
882.139
624.272
750.113
272.184
293.097
555.039
801.465
310.934
698.396
1114.5
818.879
541.432
429
488.016
554.667
471.546
612.714
632.539
312.194
736.213
112.641
850.243
816.02
495.629
553.001
805.683
819.259
399.112
686.138
958.57
1113.34
1009.16
798.602
858.288
525.103
457.59
802.05
1045.16
512.828
956.713
1333
1001.71
799.436
686.396
710.733
609.263
703.026
834.044
686.466
558.765
801.341
242.217
410.329
354.979
589.485
256.766
494.652
586.801
252.032
247.825
265.979
394.15
136.971
379.057
563.533
396.334
645.564
306.139
339.212
546.591
484.517
199.04
398.979
389.803
166.628
485.264
200.9
79.0759
495.025
365.759
494.969
747.431
436.807
317.166
633.603
852.278
426.758
561.329
261.444
523.394
214.979
275.182
58.6686
794.016
436.152
977.211
711.866
463.492
933.957
755.654
370.061
760.911
705.331
471.641
217.975
512.793
478.403
159.962
595.471
90.0888
833.406
380.938
373.648
508.308
292.441
249.018
487.64
617.82
574.783
313.696
454.271
364.446
48.0521
591.423
584.083
42.72
627.468
838.959
512.548
439.256
342.187
231.009
328.805
239.075
346.625
392.413
192.213
473.155
423.562
724.572
887.899
161.555
611.611
548.625
787.389
532.062
466.734
373.352
720.795
346.152
969.92
886.005
423.236
1002
1027.09
638.665
813.744
722.253
555.709
111.826
583.082
628.007
158.6
572.832
268.794
643.991
238.202
664.037
126.495
504.591
448.874
649.887
366.456
614.567
379.971
421.217
393.154
244.859
335.049
300.375
595.552
443.68
142.804
168.656
171.773
640.739
141.598
178
676.329
247.13
708.162
638.212
792.606
292.659
742.375
669.462
886.353
596.351
839.922
301.771
548.5
163.003
393.08
465.62
137.481
774.267
680.541
95.7131
166.208
380.938
821.853
339.485
416.125
870.582
321.162
919.479
603.372
540.947
613.111
820.576
632.508
488.026
475.062
589.034
247.097
854.204
858.846
333.912
916.857
1057.7
683.492
729.559
627.096
508.32
212.361
525.381
605.644
287.92
471.445
403.22
483.914
484.133
496.823
617.163
318.423
552.655
313.6
296.083
419.019
359.022
209.344
392.319
677.853
451
206.495
148.034
96.566
535.777
54.1202
190.633
579.995
134.715
626.905
534.555
264.008
150.615
179.627
206.874
780.801
512.191
891.526
501.454
492.644
790.654
494.217
113.772
646.672
629.401
388.703
437.477
430.081
326.741
406.154
573.502
349.779
910.781
385.301
332.569
470.469
809.001
656.585
831.867
320.356
604.604
671.423
239.771
153.584
581.495
612.213
426.214
675.913
452.913
306.888
658.244
623.077
612.729
1012.28
299.481
159.455
899.347
589.054
1031.55
650.019
589.085
939.687
592.102
252.66
790.728
764.693
520.601
430.029
563.242
473.169
374.791
691.522
283.019
994.759
249.161
603.841
343.456
735.532
442.676
314.865
665.586
570.154
203.494
501.806
466.357
221.964
358.402
264.847
203.416
360.734
395.925
358.398
734.479
802.92
459.527
971.28
674.541
476.631
914.38
700.341
318.002
746.75
699.224
459.492
270.601
501.806
451.426
217.555
599.847
143.199
862.362
383.106
284.084
617.066
331.837
437.352
974.936
761.29
308.585
214.478
398.723
688.491
362.679
504.058
755.852
208.031
836.794
301.761
623.771
631.826
87.1436
670.374
880.846
545.326
482.685
382.357
278.442
305.408
287.127
392.209
374.386
228.668
463.6
405.731
553.261
550.669
231.683
934.445
836.714
252.05
272.149
514.249
918.296
471.339
568.6
975.451
399.996
1037.06
566.579
551.705
361.614
381.295
400.02
325.246
402.613
353.726
786.289
347.968
258.07
800.66
489.401
798.665
883.069
584.911
820.249
507.986
396.788
299.528
201.693
368.087
204.284
322.233
429.2
150.801
505.194
419.952
733.221
712.705
188.473
291.986
467.064
928.065
429.955
468.386
970.2
447.743
1007.69
739.089
390.326
702.2
763.849
626.929
915.541
644.003
502.086
895.88
811.631
843.531
1210.47
586.052
587.606
362.693
526.864
399.282
269.948
505.633
559.958
459.627
926.806
113.78
289.353
741.61
249.161
320.545
786.446
264.068
830.331
600.471
244.395
658.997
201.556
318.567
710.921
156.109
766.926
493.146
469.289
42.9418
124.844
504.905
199.181
541.613
587.251
501.011
529.462
79.2275
518.356
192.263
660.576
146.322
540.327
170.426
581.172
566.593
548.625
316.741
559.99
710.877
577.139
115.447
739.162
646.128
399.861
845
