60
279.723
144.014
109.604
114.004
256.445
236.713
74.1485
200.96
165.027
176.4
56.8595
286.002
267.711
164.915
132.231
161.645
115.434
78.1025
70.3278
755.631
895.009
637.05
726.808
796.458
718.318
869.805
723.708
854.383
909.514
865.037
761.851
842.998
819.022
883.354
779.757
748.385
699.217
878.206
844.811
717.638
610.175
870.021
552.219
668.575
740.835
664.949
744.863
733.45
798.402
777.598
577.183
530.602
713.309
641.752
649.499
787.97
705.823
743.443
870.057
146.7
252.539
289.168
138.062
90.5539
353.747
121.631
305.91
185.267
334.389
31.0483
82.3772
153.219
154.952
199.905
350.705
338.534
314.434
484.212
617.59
376.223
447.733
518.015
454.119
590.529
445.001
575.23
639.56
587.45
487.625
569.991
542.264
605.03
500.034
473.207
429.334
603.929
570.07
620.464
456.247
733.688
344.001
527.555
649.197
539.691
539.231
538.591
591.949
605.367
477.017
366.007
502.606
434.265
451.276
607.297
502.359
565.545
647.105
108.706
197.294
186.097
92.8924
215.281
60.208
234.61
75.1066
194.003
146.154
123.762
37
12.53
77.4661
240.01
215.128
196.352
612.243
753.52
493.037
592.515
655.986
574.325
730.394
583.693
719.701
765.781
723.708
619.116
699.826
677.239
742.618
642.487
606
555.666
735.329
702.12
693.704
554.15
827.832
465.929
620.697
720.222
625.259
663.142
657.651
716.76
714.85
548.131
466.65
628.339
557.606
570.601
720.717
624.854
677.135
779.243
214.704
285.568
179.978
153.496
139.979
263.797
88.2043
130.384
246.617
209.461
101.843
104.661
69.3542
224.931
185.4
179.903
695.647
842.602
570.172
692.261
747.692
652.196
823.59
676.646
818.565
846.029
813.296
705.307
783.782
765.957
833.396
739.006
693.441
638.53
820.347
787.992
782.989
654.407
924.672
573.014
718.684
808.223
720.39
769.999
763.403
823.701
817.692
638.637
568.705
735.639
664.622
676.723
824.724
731.501
780.785
887.442
210.107
281.571
146.986
256.445
51.0392
257.67
146.895
306.584
309.095
230.95
185.267
248.338
70.8802
88.4138
64.0703
772.55
900.742
664.808
716.017
799.746
743.243
868.938
726.642
842.371
928.011
870.478
774.661
857.429
826.755
886.479
774.506
759.64
718.182
890.492
856.417
615.605
525.59
774.209
490.597
578.17
637.342
570.445
674.519
659.007
727.072
693.862
479.338
453.402
646.081
575.569
579.12
706.883
635.689
662.46
804.846
198.457
324.854
206.545
205.548
256.603
312.296
168.181
207.425
215.863
184.805
262.795
280.644
286.049
258.786
585.144
702.343
492.391
509.943
600.727
564.876
666.66
528.346
635.095
739.538
672.17
583.442
666.298
630.601
686.477
570.601
567.341
534.072
697.121
662.922
509.742
369.121
641.783
295.949
434.775
536.932
439.246
490.111
480.763
543.821
532.235
364.033
283.185
457.666
386.079
395.289
539.812
451.17
495.685
613.778
306.889
40.025
312.066
100.499
285.012
72.2496
31.1448
78.9177
105.081
117.618
330.578
307.69
288.016
521.246
664.959
400.52
512.622
568.834
482.004
644.286
497.315
638.684
674.087
635.385
529.114
609.099
588.43
654.969
559.051
516.512
464.431
645.001
612.082
701.501
543.401
820.757
434.48
613.862
729.639
624.066
629.77
629.063
682.446
695.012
556.587
453.34
593.094
524.818
541.71
697.402
592.912
655.406
736.677
269.453
193.546
235.281
23.2594
359.273
338.031
231.614
204.061
218.103
107.168
64.3273
83.1865
827.512
968.149
707.274
800.952
869.92
788.863
943.526
797.271
928.526
980.866
938.235
834.317
915.107
892.027
956.755
853.759
821.074
770.894
950.573
917.314
762.575
667.892
920.666
619.07
722.95
784.18
716.467
809.299
796.247
862.557
836.069
625.979
591.689
778.802
707.433
713.715
847.828
770.26
803.285
936.492
291.446
63.7024
247.212
109.078
70.2567
39.1152
72.7186
79.3221
300.167
274.308
256.267
560.044
704.559
437.979
552.45
608.685
519.71
684.229
537.256
678.62
712.36
675.041
568.352
648.003
627.994
694.738
599.073
555.922
503.12
684.073
651.277
715.353
563.969
840.574
461.949
633.179
742.898
641.264
658.438
656.154
711.512
719.236
569.787
474.499
622.29
553.046
568.69
722.839
621.035
680.212
768.378
300.242
195.88
327.086
337.38
270.143
223.323
292.576
99.7046
131.126
110.725
783.89
906.413
681.622
715.48
804.918
758.238
871.841
732.181
840.402
939.162
876.181
784.197
867.164
833.725
891.067
776.032
768.6
730.803
899.109
864.919
570.611
490.408
732.083
467.97
539.527
591.529
529.639
645.747
628.246
697.511
658.167
437.138
422.947
619.07
549.652
551.011
672.486
607.276
628.326
777.942
212.085
172.047
126.846
40.7922
82.3772
19.0263
287.433
254.238
241.58
608.067
756.049
482.066
611.2
662.1
564.089
738.45
591.684
736.514
758.001
726.918
618.218
696.208
679.395
747.359
655.642
606.654
550.93
732.919
700.748
766.052
621.003
896.479
523.646
689.041
792.934
695.294
720.518
717.42
773.749
778.661
620.349
532.245
684.638
615.001
629.986
783.057
682.877
740.071
831.611
338.851
316.155
209.122
183.068
194.859
117.958
73.437
85.703
805.993
947.385
685.169
782.001
849.473
766.838
923.386
776.949
909.543
959.096
917.524
813.104
893.686
871.166
936.231
834.152
800.001
749.293
929.285
896.109
761.309
661.233
917.223
607.655
717.82
783.534
712.546
799.336
787.162
852.763
829.145
623.087
583.374
768.235
696.737
703.842
840.244
760.285
795.692
925.404
55.9464
144.997
156.16
188.367
365.045
349.452
326.559
471.365
609.007
358.647
446.861
510.662
438.037
584.593
438.098
573.841
626.199
579.042
476.439
558.127
533.046
597.482
496.333
462.676
415.601
592.866
559.292
650.197
483.823
761.101
367.376
555.534
679.047
568.502
561.022
561.758
613.293
630.518
507.142
393.605
523.955
456.668
474.723
631.615
524.71
590.377
665.625
109.371
135.823
144.9
360.05
338.126
318.002
490.172
634.303
369.424
484.435
538.533
450.877
614.216
467.252
610.017
642.947
604.788
498.197
578.055
557.738
624.52
529.755
485.696
433.334
614.013
581.145
702.084
538.54
815.953
423.321
609.921
730.658
621.974
616.769
617.688
668.929
686.33
558.108
448.296
579.615
512.535
530.668
687.541
580.559
646.242
720.228
47.0106
49.0918
268.794
240.16
223.877
599.013
743.673
476.424
590.468
647.735
558.244
723.202
576.231
716.886
751.12
714.15
607.436
687.001
667.109
733.824
637.704
595.03
542.059
723.117
690.351
725.261
581.031
856.165
486.273
648.76
752.144
654.714
683.411
679.509
736.804
739.53
579.559
492.541
647.883
577.818
592.15
744.361
645.527
701.183
796.377
82.0975
227.482
202.744
183.84
623.626
764.317
504.906
601.801
666.521
586.107
740.706
594.108
729.104
777.337
734.46
630.257
711.126
688.105
753.228
652.343
617.029
567.121
746.525
713.253
690.509
553.672
826.465
468.479
619.564
716.78
623.362
665.555
659.413
719.234
715.336
545.092
466.743
631.063
560.118
572.552
721.67
627.128
677.93
782.806
274.357
239.727
228.397
627.092
775.01
501.049
629.334
680.948
583.069
757.243
610.442
754.836
777
745.861
637.222
715.234
698.355
766.264
674.166
625.633
569.956
751.941
719.762
771.12
629.413
904.053
535.321
696.735
797.677
702.026
732.432
728.6
785.8
788.432
625.518
541.17
696.839
626.846
641.239
793.385
694.58
750.163
844.908
44.5533
45.9674
834.895
966.201
723.482
784.398
865.597
803.08
935.772
792.429
911.112
990.19
935.959
838.143
920.635
891.625
952.502
842.038
823.498
779.801
954.325
920.371
668.139
589.628
831.158
560.461
639.231
688.271
629.158
742.428
725.933
794.638
757.563
536.355
520.335
714.706
644.546
647.262
771.567
703.736
727.316
873.582
27.313
820.815
956.107
705.686
780.058
856.309
786.245
928.019
783.207
907.375
975.6
925.953
825.492
907.45
880.782
943.331
835.776
811.382
765
941.905
908.177
701.602
613.901
861.834
574.653
666.523
722.645
658.435
761.079
746.29
813.883
782.188
566.851
540.831
731.936
661.048
665.544
795.033
722.154
750.578
890.449
797.697
931.745
683.954
754.233
831.695
764.15
903.014
758.555
881.458
952.702
901.559
801.888
884.046
856.624
918.706
810.386
787.6
742.122
918.255
884.446
679.462
588.32
838.263
547.496
641.789
701.001
634.414
734.341
719.82
787.219
756.616
543.406
514.471
705.025
634.073
638.781
769.172
695.393
724.686
863.473
157.013
132.518
185.526
99.7447
62.9682
165.487
99.6243
221.142
155.467
132.608
28.1603
88.1419
87.2067
156.984
150.615
39.3192
57.1402
125.16
94.6414
844.51
652.95
861.657
506.952
714.298
873.344
747.567
585.383
612.069
611.955
702.023
745.307
595.483
554.13
534.319
562.893
684.679
572.772
665.77
596.337
289.154
211.917
101.637
216.781
58.5918
174.264
144.669
104.389
30.2655
139.843
82.2192
76.6551
24.1868
145.341
149.643
211.287
53.1413
65.437
877.643
695.69
862.981
563.469
747.048
904.531
783.556
589.705
621.477
603.187
707.52
799.786
655.525
565.63
565.692
592.692
685.825
587.381
676.693
564.536
242.893
214.895
82.0244
290.119
168.363
326.712
276.089
263.427
150.765
218.563
216.06
287.139
242.607
145.908
78.8923
256.363
227.059
825.13
631.466
869.212
480.713
699.321
854.942
728.54
600.748
621.772
636.707
711.073
709.606
560.59
565.269
529.462
557.647
698.056
580.166
671.7
640.01
121.264
228.107
163.615
87.2067
127.577
287.976
185
161.124
216.113
161.335
190.767
66.7308
146.322
187.182
229.837
201.159
674.721
488.152
679.25
352.051
543.688
702.602
578.993
402.464
430.712
426.92
520.069
589.551
444.005
372.977
361.62
389.606
501.567
392.826
485.232
411.886
160.91
77.6209
73.171
121.462
166.712
71.5681
72.0694
96.1769
40.2244
87.023
62.6259
70.0357
137.244
109.041
80
795.872
609.322
795.685
471.501
664.838
823.658
700.236
519.224
548.777
539.637
637.342
709.82
563.107
491.428
482.744
510.633
617.688
511.927
603.68
514.048
228.449
141.598
281.413
194.209
194.201
89.0505
140.577
149.967
218.826
205.548
93.1075
44.2719
178.488
152.118
862.591
669.317
891.454
520.17
733.879
891.951
765.471
617.254
641.76
647.756
731.883
755.503
605.33
584.059
557.31
585.923
716.247
601.263
694.165
639.313
146.973
86.6833
160.1
48.0937
141.113
117.154
79.0253
34.4384
97.719
144.222
211.454
102.396
96.0469
821.207
640.926
804.508
511.744
690.861
847.851
727.641
531.606
563.6
544.637
649.303
746.418
603.81
508.033
510.04
536.717
627.459
529.953
618.802
506.32
160.776
224.02
144.014
77.8974
148.405
103.247
160.153
74.9667
61.327
102.616
172.627
139.291
748.6
558.434
762.186
415.289
617.945
777.139
651.945
485.807
512.712
512.478
602.595
654.352
505.594
454.78
436.981
465.45
585.098
473.659
566.591
499.092
246.662
132.834
193.259
197.01
146.973
120.814
86.2148
188.664
253.071
188.098
176.003
744.866
569.646
720.895
449.035
615.533
770.767
652.966
450.25
483.108
460.57
567.2
678.175
540.281
428.789
437.041
462.615
544.629
451.243
538.139
419.869
114.826
156.668
75.7166
126.732
126.752
226.356
173.528
210.602
60.3738
87
962.499
775.929
957.886
636.75
831.472
990.202
866.938
682.458
712.969
699.483
800.656
875.536
727.908
656.062
649.373
677.189
780.052
677.018
768.076
665.354
112.925
70.2282
48.0833
24.7588
119.097
121.297
184.895
55.3173
49.6588
854.645
671.128
844.448
537.034
723.826
881.83
760.013
569.86
601.021
585.431
687.945
774.132
629.003
544.629
542.059
569.365
666.837
566.043
656.22
550.553
82.9699
65.2993
136.4
122.801
17.6918
72.0139
116.43
83.006
826.226
635.614
839.345
491.248
695.658
854.836
729.485
562.74
590.093
588.043
679.857
730.14
580.804
532.185
514.84
543.323
661.985
551.272
644.137
570.436
56.4624
93.0215
158.405
99.0202
145.279
37.9473
21.2132
890.619
702.747
891.798
562.186
759.605
918.615
794.632
615.389
644.939
635.309
733.516
801.152
653.077
587.555
577.609
605.67
713.798
607.971
699.821
607.079
71.1126
101.98
73.2462
137.295
70.4557
39.8246
836.025
649.197
835.418
510.569
704.991
863.841
740.327
559.089
588.804
578.849
677.242
749.147
601.984
531.512
522.903
550.818
657.419
552.073
643.743
551.305
124.036
143.618
208.406
71.2531
73.2462
854.071
672.681
838.8
541.513
723.553
880.878
760.156
565.605
597.439
579
683.392
777.284
633.596
541.671
542.362
569.257
661.662
563.475
652.652
540.624
113.265
172.192
166.817
141.032
736.854
552.254
733.444
418.207
605.894
764.328
641.776
457.178
487.1
477.051
575.355
655.046
510.24
429.959
423.891
451.46
555.446
450.752
542.112
452.063
67.4759
130.863
96.8762
809.037
618.244
823.428
473.669
678.534
837.694
712.251
546.96
574.008
572.983
663.863
712.531
563.157
516.079
497.897
526.408
646.239
534.986
627.914
557.028
182.214
151.01
818.999
625.886
847.199
477.13
690.068
848.3
721.871
573.127
597.522
604.003
687.64
713.238
563.032
539.838
513.157
541.777
672.079
557
649.896
597.03
34.2053
903.567
717.967
897.539
580.521
772.575
931.11
808.287
622.215
652.854
639.113
740.403
818.856
672.075
596.051
590.512
618.181
719.725
617.12
707.987
605.595
875.847
688.959
874.305
549.917
744.813
903.653
780.15
598.179
628.118
617.148
716.367
788.622
641.2
570.919
562.724
590.628
696.323
591.585
683.108
587.541
193.745
175.642
344.42
131.034
30.0832
97.1288
304.962
269.666
320.156
209.201
145.715
270.956
318.127
313.129
285.394
236.681
295.02
219.584
406.43
277.462
150.785
73
223.486
97.1442
178.631
150.443
221.678
168.297
113.886
90.2441
169.434
133.255
110.693
182.2
148.337
138.398
311.888
409.176
207.461
169.544
205.154
276.796
249.82
260.45
159.703
295
367.686
307.703
341.116
313.847
178
290.243
197.669
320.807
220.239
374.233
247.913
197.254
194.589
250.833
265.819
239.069
92.0869
162.69
91.6788
107.355
264.766
159.261
224.878
317.846
159.201
38.4708
187.211
152.611
215.838
128.16
116.108
162.237
193
182.099
154.467
150.373
169.685
115.07
307.527
126.574
327.703
292.617
339.436
226.385
173.159
301.015
342.896
341.006
313.026
253.852
319.991
240.832
423.457
225.211
190.373
251.734
156.349
94.8103
179.547
231.458
217.954
190.924
180.898
208.147
149.656
342.895
35.3553
53.7587
118.207
287.564
223.188
38.3275
105.603
95.6033
99.2975
39.0512
88.3912
135.059
71.4703
90.1388
256.002
205.643
57.9396
106.254
87.4643
77.0065
42.0119
55.2178
161.645
114.547
324.68
274.571
89.3588
159.154
148.923
88.2383
92.6553
102.611
92.0054
244.266
249.07
148
187.096
162.003
27.5136
131.027
41.3038
197.327
150.207
282.408
245.22
224.27
266.085
260.572
228.281
416.581
199.249
135.34
130.035
257.614
185.224
213.19
356.901
71.5891
69.2604
132.834
23.3238
112.294
158.902
28.6356
180.854
68.0955
146.003
229.401
158.24
56.6127
120.702
227.22
119.017
44.5533
169.815
93.0484
171.773
193.256
