60
163.67
226.002
226.173
179.12
51.8941
284.289
265.801
223.213
153.388
32.5576
319.331
145.344
273.66
258.312
314.506
190.158
303.401
197.124
246.457
813.246
871.569
868.555
593.318
816.165
725.481
703.626
777.545
790.023
672.644
804.26
827.036
736.528
768.502
729.001
854.49
768.149
597.938
794.512
653.242
478.6
356.265
437.595
417.12
386.871
563.717
561.177
577.821
544.39
546.773
333.408
480.426
412.626
446.679
379.527
573.106
502.527
556.051
499.632
439.114
178.933
161.722
166.373
159.765
202.148
254.201
60.0333
80.6226
151.182
229.172
207.964
202.786
231.795
183.068
213.251
174.011
165.076
183.044
714.835
738.661
734.542
483.87
677.889
596.297
581.07
639.463
700.928
539.32
705.897
726.381
633.48
658.149
609.893
743.001
632.836
487.641
695.501
526.662
375.055
209.096
294.09
336.376
230.887
414.542
427.181
435.62
429.075
401.329
185.723
352.456
265.631
343.759
264.093
417.873
427.552
454.116
353.57
330.31
24.0208
51.6236
180.228
67.1193
79.4796
203.953
102.65
194.064
101.533
130
51.0784
53.8516
146.414
86.8389
136.488
29.6142
25.6125
587.803
662.442
660.54
372.667
613.646
515.276
488.579
575.55
564.022
467.74
578.831
601.899
512.228
546.243
511.34
632.096
563.152
377.604
569.2
442.36
257.847
204.636
262.606
191.316
251.718
388.155
361.199
388.425
328.125
364.892
189.842
278.298
248.502
226.736
174.201
412.331
276.875
333.017
322.684
222.971
63.7024
183.6
58.4637
102.489
182.477
90.0777
195.167
93.8616
144.959
48.1664
75.7694
125.3
106.892
114.935
41.0366
22.4722
587.412
653.393
651.161
367.935
602.718
506.32
481.302
564.416
565.744
457.095
578.419
601.02
510.358
542.684
505.213
628.662
552.765
372.688
568.595
433.462
252.99
182.989
244.591
192.44
229.401
371.264
348.852
373.894
321.006
348.862
167.299
265.994
228.827
221.269
161.744
393.629
280.794
329.947
305.552
215.362
131.015
118.119
94.6256
205.222
85.9069
146.67
152.971
81.3449
102.694
80.6536
186.703
52.0384
175.841
23.0217
76.4788
637.323
713.955
712
424.04
664.702
566.789
540.202
626.528
612.16
518.862
628.371
651.685
562.574
597.227
562.894
683.007
614.369
429.01
618.859
493.871
309.312
243.016
307.95
240.875
287.564
434.876
411.597
437.444
379.749
412.564
225.4
328.672
291.204
278.298
224.377
456.502
324.014
383.986
369.134
274.563
242.052
214.646
219.155
124.197
21.9317
277.462
94.2019
229.689
208.504
284.023
138.351
272.663
150.748
202.41
767.928
835.084
832.488
551.439
781.977
688.32
664.498
743.443
743.172
637.245
758.963
782.102
692.41
725.855
688.756
811.791
732.984
556.227
749.371
615.652
436.464
330.977
408.832
371.381
366.284
536.367
526.886
546.772
504.401
517.571
309.028
444.927
386.012
404.827
342.053
549.703
455.001
512.783
471.25
398.761
114.237
207.933
141.718
253.503
35.4401
197.041
19.2354
87.5957
97.0464
151.327
90.1998
95.2575
41.6773
530.076
596.044
593.997
309.48
546.631
448.894
423.181
508.497
509.733
400.762
521.078
543.445
452.435
484.322
446.84
570.307
496.251
314.226
511.165
375.985
194.551
154.302
200.482
137.481
203.305
323.748
294.109
322.014
262.787
299.628
145.014
211.227
190.158
162.807
107.299
350.557
227.774
271.774
258.805
157.204
283.115
174.522
233.431
135.506
133.06
95.7079
28.0179
210.152
79.0569
202.094
89.3756
90.4489
569.78
672.787
672.055
373.063
631.051
526.984
494.955
594.085
539.431
486.045
560.985
585.311
500.093
539.209
513.451
623.622
579.2
378.471
552.105
455.11
263.492
268.151
311.431
182.945
316.968
430.043
387.621
421.826
337.936
404.105
257.218
307.293
303.595
236.457
210.098
460.652
252.414
329.201
366.772
239.835
122.409
211.178
227.622
259.193
214.014
257.707
160.056
255.812
153.792
197.975
200.552
693.271
699.771
695.083
460.185
636.419
560.502
549.008
598.352
683.784
501.807
684.446
703.657
610.627
631.459
579.312
714.967
593.334
463.441
673.856
493.101
357.393
170.238
254.545
331.851
182.464
368.49
390.866
394.011
403.486
358.052
148.003
321.622
224.294
327.661
245.082
367.306
422.03
434.936
310.664
311.585
127.264
174.413
138.452
136.682
153.522
161.474
134.373
150.266
85.1469
112.539
670.126
718.471
715.354
444.893
662.777
572.687
551.98
624.158
651.153
519.371
661.128
683
591.166
620.532
578.247
706.378
614.818
449.259
651.062
500.712
331.34
206.787
285.568
279.158
242.835
412.704
407.804
424.906
393.91
394.62
184.859
327.3
262.031
299.282
227.695
425.509
369
410.099
347.897
289.664
288.721
115.884
242.293
225.754
288.669
158.405
277.417
165.003
215.028
781.666
843.424
840.595
562.88
789.041
697.001
674.307
750.449
758
644.92
772.685
795.578
705.326
737.824
699.235
823.807
740.565
567.565
762.985
624.552
448.02
333.054
412.801
385.332
366.149
539.749
533.895
552.059
514.662
521.878
310.601
452.545
388.855
416.185
350.698
551.153
470.307
525.099
475.096
409.181
230.783
50.774
111.772
92.358
183.096
89.4427
130.269
76.5572
496.001
560.988
559.035
274.171
512.267
413.824
387.796
474.246
476.844
366.325
487.001
509.141
417.81
449.177
411.4
535.165
461.663
278.887
477.009
340.906
159.305
143.684
176.082
107.224
192.315
295.42
260.837
290.642
227.379
270.224
139.718
178.227
170.294
127.475
75.9276
325.149
198.386
236.932
231.525
121.84
180.014
135.823
267.419
54.4518
256.4
103.966
155.602
701.053
790.299
788.706
496.037
742.974
643.243
614.831
705.006
671.977
597.013
692.197
716.225
629.382
666.553
636.02
751.775
692.185
501.212
683.1
570.412
382.498
322.837
389.279
308.133
366.03
516.205
491.147
518.168
454.843
493.763
304.243
408.267
372.163
352.507
304.201
537.629
384.104
454.11
450.472
350.839
68.6804
114.63
133.004
107.042
80.3243
27.2947
539.627
611.413
609.552
322.093
563.032
464.25
437.525
525.019
517.604
417.085
530.637
553.376
463.043
496.179
460.443
582.107
512.388
326.974
520.865
391.337
207.162
172.456
219.693
144.281
221.326
342.667
311.4
340.207
277.065
318.347
162.151
228.65
209.308
175.864
125.256
369.757
232.82
283.099
277.838
171.898
182.65
81.9085
174.393
69.6348
62.514
565.533
659.137
658.04
361.769
615.183
512.633
482.188
577.818
537.566
469.605
556.655
580.574
493.561
530.996
502.109
616.082
563.645
367.049
547.482
440.239
249.722
240.832
286.681
172.679
289.527
407.181
368.555
401.031
323.447
381.809
229.478
287.141
277.635
221.118
187.409
436.4
249.159
319.061
343.227
222.423
232.177
11.4018
165.36
124.278
534.297
559.752
556.21
301.921
502.224
415.427
398.437
463.6
523.78
360.161
525.422
545.183
452.134
475.38
426.919
560.032
455.07
305.477
514.898
344.745
197.342
58.5235
125
180.424
106.888
252.858
247.988
263.433
246.343
233.549
48.2597
170.156
104.89
167.869
85.0941
270.562
267.255
275.036
187.409
151.529
221.82
68.3081
111.665
646.672
739.351
738.011
443.308
693.661
592.515
563.051
655.952
617.537
547.768
637.823
661.892
575.313
612.905
583.536
697.97
642.487
448.547
628.753
519.851
330.506
289.822
349.401
254.568
335.769
474.537
443.847
473.207
403.595
450.831
273.542
361.321
335.172
301.121
258.258
499.169
329.662
400.87
409.214
300.727
154.693
114.983
542.086
570.323
566.851
310.177
513.125
425.735
408.198
474.499
530.679
370.775
533.189
553.195
460.179
484.149
436.406
569.001
465.804
313.844
522.703
354.82
204.005
68.1542
136.4
182.584
115.694
264.259
258.681
274.651
255.071
244.91
55.1453
180.236
116.103
173.925
91.6788
281.784
270.697
282.236
198.806
158.382
53.7122
617.194
691.238
689.233
402.219
641.758
544.077
517.795
603.567
593.001
495.94
608.227
631.355
541.791
575.856
540.759
661.71
591.474
407.141
598.625
471.161
287.36
222.353
285.603
220.656
267.748
412.292
388.579
414.494
357.33
389.801
205.507
305.655
269.462
256.164
201.358
434.497
305.419
362.631
346.586
252.002
566.794
637.53
635.542
349.252
588.308
490.368
464.186
550.173
544.405
442.435
557.807
580.595
490.324
523.447
487.382
609.381
537.911
354.109
548.056
417.452
234.293
182.789
237.844
171.073
230.673
362.933
335.644
362.836
303.727
339.485
169.446
252.733
224.662
202.882
148.6
387.764
258.805
310.387
297.558
198.323
239.301
247.073
233.335
271.061
213.581
185.97
267.675
55.5428
260.969
9
18.3848
83.4865
86.4002
153.808
88.3912
246.617
230.419
19.4165
236.631
340.154
529.94
457.054
396.548
542.492
408.803
331.694
359.903
290.837
394.697
549.108
376.969
487.497
371.91
450.877
452.227
317.37
260.929
425.414
384.526
10
302.235
73.736
147.167
178.6
105.683
291.986
199.625
239.921
226.002
230.705
181.648
167.027
158.398
106.569
296.624
237.036
220.084
409.539
530.574
445.53
490.637
521.035
340.037
311.91
306.472
335.775
343.839
553.665
391.174
475.483
438.244
493.032
362.604
444.897
347.955
390.056
439.615
302.552
65.521
145.499
178.869
99.0808
299.313
196.087
247.455
234.105
235.85
187.211
169.145
167.194
101.789
296.921
244.283
218.296
408.639
526.18
441.073
490.23
515.834
334.013
308.24
301.405
334.594
338.516
549.331
388.135
470.846
437.001
490.462
355.609
446.185
348.398
385.004
437.896
270.963
161.617
123.693
238.254
230.326
141.676
224.589
243.477
150.443
175.642
140.428
261.503
219.009
5.65685
213.925
99.4032
114.978
296.966
227.774
190.118
312.604
215.177
124.169
168.467
57.9396
191.669
315.831
145.413
257.158
146.697
220.057
264.756
147.557
45.9674
207.909
155.322
109.622
152.201
38.6264
317.932
145.962
269.312
261.542
239.015
196.064
155.361
203.934
52.3259
265.339
263.752
176.918
368.365
468.882
383.802
451.934
455.724
271.812
255.157
242.553
293.728
278.525
492.205
337.2
412.801
394.61
441.062
291.076
418.208
316.635
325.756
393.022
45.1221
80.0562
247.649
61.1882
208.614
211.009
154.806
127.318
63.2456
180.422
58.5918
155.974
199.97
72.9178
263.492
390.314
306.276
345.828
386.374
217.883
169.664
175.137
189.212
213.591
412.942
245.693
337.12
291.548
346.36
253.124
308.637
207.454
256.035
292.481
124.92
213.002
75.0733
179.744
186.807
117.171
101.045
34
171.453
102.883
118.068
170.082
57.4891
232.551
379.19
297.619
312.386
380.916
226.612
161.623
179.368
160.465
216.539
401.02
228.633
328.868
262.366
324.322
267.619
268.405
169.532
253.996
265.979
310.234
108.227
264.683
260.538
224.437
186.561
135.237
210.801
23.0217
232.699
257.847
141.676
332.032
430.509
345.398
415.933
418.043
235.104
216.585
204.362
257.527
240.707
453.813
298.751
374.541
357.644
402.716
256.977
385.811
283.425
287.738
355.486
287.057
52.6308
72.9452
96.6075
123.693
184.743
143.924
288.141
228.653
55.0818
256.205
326.696
525.518
458.062
373.343
542.919
425.042
341.713
375.554
288.023
407.722
543.203
375.666
487.463
357.393
439.005
471.069
288.501
248.944
433.377
372.324
254.81
261.268
190.591
175.505
107.629
238.814
95.7549
136.616
245.153
43.4166
224.864
331.929
247.267
309.071
326.038
157.305
112.294
113.952
150.894
152.411
354.831
192.388
277.795
249.688
295.63
194.833
286.665
183.84
195.31
247.259
25.5539
75.0267
81.3019
148.054
92.1303
243.329
221.721
10.7703
229.584
331.186
521.284
448.657
387.584
534.091
401.618
323.855
352.615
282.151
387.181
540.393
368.409
479.051
362.933
441.956
445.358
308.585
251.962
417.481
375.586
93.0591
85.7963
153.639
71.8401
240.154
240.252
33.2415
239.633
352.319
539.157
464.866
410.814
550.273
411.876
337.214
363.39
300.466
398.924
558.707
385.73
495.537
384.22
462.294
454.235
333.002
273.148
431.181
396.215
49.93
91.6788
124.776
201.559
147.299
64.2573
159.962
260.002
446.598
373.631
322.025
459.064
330.288
249.954
280.927
207.625
314.401
465.929
293.503
404.031
292.002
369.389
375.49
249.772
181.069
343.21
303.477
67.897
85.9884
164.454
171.353
72.8972
154.923
289.914
464.1
386.602
358.42
471.594
326.804
255.163
278.713
229.079
314.892
484.653
310.427
417.66
321.885
395.127
368.6
292.118
213.244
349.107
330.946
138.246
112.219
135.085
138.809
90.7579
253.748
409.957
329.371
330.51
413.237
260.601
194.283
213.338
184.61
250.402
431.464
258.002
360.624
284.605
350.664
301.317
278.455
184.708
287.253
290.078
193.507
257.123
93.7443
228.843
375.899
546.528
467.077
443.704
551.29
395.683
332.521
349.864
314.078
387.537
567.575
393.387
498.303
407.863
480.551
433.202
374.365
299.08
425.406
416.736
213.403
236.222
124.652
316.267
424.396
339.285
399.712
414.48
234.546
207.135
199.905
241.615
237.356
447.558
288.087
369.076
342.831
391.369
260.486
366.431
264.56
283.487
341.76
211.026
94.1541
119.817
299.608
229.436
195.533
314.453
213.591
122.874
166.436
60.4401
190.56
318.693
147.462
259.048
151.42
224.002
263.059
153.118
51.6236
208.062
159.615
219.329
320.899
510.569
437.887
378.017
523.321
391.256
313.193
342.2
271.45
376.65
529.71
357.66
468.284
352.687
431.519
435.178
299.775
241.671
406.785
365.197
191.815
323.002
240.674
275.071
323.58
172.285
104.235
123.822
117.201
160.112
345.117
174.597
271.892
219.128
273.854
215.928
245.963
143.031
196.563
219.604
206.633
161.149
84.2912
235.476
216.28
141.739
186.754
74.6525
187.171
221.163
89.2693
182.981
32.0624
112.361
262.122
100.285
79.2275
174.957
45.8803
85.1469
212.758
49.0918
207.663
220.656
226.526
239.169
192.567
23.4094
153.76
56.8595
182.332
105.802
218.826
291.452
278.18
144.848
162.432
200.569
85.44
127.914
137.015
141.676
170.47
109.179
108.416
83.2346
31.257
148.003
105.906
150.097
258.94
218.563
62.426
127.224
254.024
286.932
222.353
264.462
158.417
258.062
219.112
154.26
211.596
65.5515
107.424
328.525
91.1811
146.54
234.77
80.0625
186.124
219.347
214.597
254.951
177.37
62.2415
167.296
55.4707
215.372
146.82
187.107
327.002
300.416
131.137
194.489
91.2853
49.4975
175.414
29.1548
230.825
132.673
151.093
222.2
219.968
49.7695
312.519
232.181
65.7951
207.162
48.0937
86.4696
67.8012
243.288
82.9277
168.107
157.436
187.224
141.032
229.872
142.201
94.0213
148.839
134.536
38.4708
249.9
114.856
170.262
198.93
214.979
97.3499
277.521
189.889
83.6002
187.473
148.661
258.306
87.6584
199.482
102.474
166.769
224.902
145.911
57.0088
156.208
105.65
215.968
103.846
135.768
193.186
194.402
76.6877
283.778
205.645
47.7598
178.443
174.27
80.2309
194.99
114.691
240.709
301.496
294.924
168.241
175.966
111.826
89.8053
104.307
175.411
189.447
135.831
85.703
74.6324
165.68
108.559
165.68
277.721
245.416
88.0227
144.586
82.8553
265.089
112.058
111.072
173.072
21.095
251.716
186.81
190.625
156.975
66.7083
359.907
281.768
95.5092
248.477
102.956
275.036
133.147
211.625
123.968
155.116
