60
9.43398
19.6469
3.60555
8.24621
15.6205
14.8661
3
19.3132
11.7047
13.1529
14.3178
9.21954
7.81025
5
18.3848
16.1245
7.07107
5.38516
19.4165
258.898
322.833
331.76
307.605
337.326
257.194
251.984
280.032
327.054
256.798
348.804
268.701
303.916
260.311
304.138
311.328
280.223
333.588
266.188
269.742
317.128
298.873
124.483
322.006
168.648
287.153
274.308
316.332
313.077
166.003
355.557
343.583
227.754
228.464
137.295
205.548
149.402
244.812
267.675
235.281
11
6.32456
7
6.40312
11.6619
7.07107
15.6205
9.48683
5.83095
6.32456
2.82843
3.16228
10.2956
9.43398
6.7082
7.28011
11.6619
11.0454
268.151
332.244
340.899
317.002
346.554
266.248
261.268
288.979
336.144
265.932
358.208
277.901
313.337
269.453
313.383
320.755
289.614
343.022
275.617
278.83
326.535
308.016
130.035
330.014
178.059
296.53
283.736
323.89
320.503
174.27
364.541
351.889
236.172
237.716
146.578
214.245
158.493
253.811
276.921
241.019
17.1172
13.0384
8.60233
11.1803
16.7631
12.0416
12.0416
6.7082
5.38516
13.1529
14.0357
18.3576
10
5.83095
18.1108
19.7231
1
276.293
341.211
348.604
325.848
354.572
273.724
269.537
296.142
343.7
273.659
367.11
285.843
323
277.2
321.475
330.335
298.424
352.433
285.17
286.4
336.309
318.498
140.407
341.013
187.83
306.472
292.911
334.861
331.453
180.014
375.203
362.862
242.128
248.02
154.932
220.844
166.184
261.138
287.235
251.406
7.81025
12.2066
14.4222
3.16228
18.868
11.4018
11.0454
12
5.65685
4.24264
7.07107
14.8661
13
4.12311
8
17.0294
262.414
326.218
335.315
311.014
340.852
260.768
255.486
283.621
330.619
260.354
352.2
272.237
307.122
263.865
307.657
314.56
283.641
336.868
269.431
273.309
320.295
301.692
125.16
324.002
171.828
290.259
277.651
318.064
314.735
169.594
358.232
345.766
231.355
231.398
140.801
209.153
152.971
248.395
270.601
236.072
12.6491
6.7082
5.38516
11.1803
3.60555
6.40312
7.81025
9.21954
8.544
5.38516
15.8114
11.6619
11.4018
6.7082
12.53
263.424
328.184
335.882
312.834
341.744
261.084
256.632
283.637
331.035
260.923
354.09
273.035
310.002
264.458
308.623
317.322
285.414
339.401
272.154
273.724
323.336
305.93
132.62
330.024
174.866
293.552
279.873
324.484
321.255
168.241
362.857
351.461
230.243
235.304
141.993
208.6
153.444
248.558
274.521
243.46
15.1327
13.4536
18.0278
14.0357
8.06226
7.28011
6.7082
8.06226
16.6433
3.16228
2.82843
11.4018
18.0278
9.21954
274.489
338.421
347.277
323.21
352.904
272.641
267.589
295.381
342.532
272.31
364.401
284.26
319.269
275.83
319.725
326.725
295.833
349.057
281.603
285.217
332.412
313.383
132.197
334.096
183.962
302.319
289.857
327.552
324.045
180.602
369.682
356.265
242.528
243.261
152.899
220.64
164.879
260.21
282.45
243.181
12.083
4.47214
3.16228
7.07107
8
14.4222
14.2127
11.0454
18.0278
13
17.6918
12
10.2956
265.957
331.436
338.024
315.978
344.145
263.059
259.278
285.351
333.054
263.105
357.274
275.392
313.949
266.655
311.096
321.179
288.534
343.08
276.002
275.772
327.397
310.847
139.316
336.073
179.011
297.809
283.341
330.752
327.576
168.908
368.024
357.315
231.043
240.019
144.807
209.898
155.666
250.416
279.229
250.14
16.5529
8.94427
10.198
11.4018
7.61577
6.32456
4
16.4012
13.6015
7.28011
5.09902
16.4924
261.084
325.263
333.829
310
339.485
259.187
254.207
281.938
329.079
258.863
351.216
270.83
306.545
262.383
306.315
313.933
282.606
336.146
268.784
271.765
319.789
301.735
127.236
325.006
171.304
289.862
276.796
319.32
316.057
167.451
358.469
346.578
229.297
231.277
139.517
207.27
151.427
246.759
270.49
238.076
7.61577
10.2956
10.7703
18.4391
18.3848
15.2971
20.6155
15.5242
22.0227
16.1245
11.0454
267.726
333.662
339.517
318.135
345.809
264.462
261.123
286.575
334.468
264.643
359.451
277.043
316.632
268.203
312.815
323.802
290.682
345.584
278.627
277.218
330.153
314.162
143.781
340.119
181.86
300.696
285.717
334.94
331.798
169.499
371.497
361.234
231.683
243.214
146.823
210.877
157.29
251.746
282.413
254.594
6.32456
7.61577
12.083
11.6619
8
17.1172
12.3693
14.8661
9.05539
11.3137
264.343
329.515
336.586
314.102
342.593
261.691
257.614
284.1
331.67
261.645
355.383
273.856
311.734
265.189
309.511
319.002
286.667
340.978
273.827
274.372
325.135
308.24
136.165
333.054
176.706
295.466
281.325
327.666
324.475
168.119
365.322
354.361
230.202
237.489
143.056
208.828
154.175
249.098
276.704
246.982
1.41421
8.60233
8.94427
11.6619
11
6.08276
13
13.0384
6.32456
269.817
334.574
342.243
319.23
348.129
267.421
263.03
289.933
337.38
267.286
360.484
279.415
316.294
270.823
315.013
323.633
291.812
345.743
278.469
280.071
329.601
311.878
135.768
335
181.122
299.767
286.245
329.109
325.779
174.264
368.657
356.679
236.315
241.357
148.395
214.805
159.806
254.876
280.573
246.739
8.94427
9.48683
13.0384
10.0499
5
13.6015
14.4222
5.09902
271.229
335.967
343.657
320.628
349.543
268.835
264.441
291.343
338.793
268.701
361.88
280.829
317.648
272.237
316.425
324.992
293.21
347.114
279.83
281.485
330.946
313.129
136.356
336.001
182.464
301.095
287.628
330.026
326.671
175.642
369.868
357.74
237.699
242.638
149.803
216.206
161.22
256.289
281.853
247.342
1.41421
11.4018
9.21954
8.06226
5
12.6491
13.3417
268.069
331.81
340.969
316.623
346.508
266.413
261.138
289.249
336.269
266.008
357.8
277.894
312.57
269.52
313.313
320.031
289.254
342.38
274.913
278.959
325.707
306.741
127.472
328.038
177.26
295.611
283.214
321.753
318.324
175.026
363.112
350.043
236.84
236.578
146.455
214.721
158.619
254.031
275.77
238.466
10.198
10.6301
9.21954
4.12311
11.4018
14.1421
266.655
330.412
339.556
315.221
345.094
265.002
259.725
287.842
334.857
264.594
356.4
276.48
311.207
268.106
311.899
318.663
287.851
341.001
273.542
277.546
324.353
305.477
126.874
327.024
175.901
294.272
281.823
320.825
317.421
173.666
361.889
348.97
235.468
235.281
145.041
213.328
157.207
252.622
274.476
237.857
19.7231
16.2788
11.1803
1.41421
17.8885
258.374
322.943
330.953
307.617
336.728
256.223
251.549
278.871
326.149
255.988
348.862
268.039
304.647
259.517
303.587
311.978
280.203
334.081
266.813
268.835
317.97
300.566
128.86
325.055
169.496
288.174
274.591
319.708
316.538
163.976
357.53
346.37
225.887
229.924
136.883
204.022
148.519
243.742
269.141
239.55
5.09902
13.4164
21.095
10.8167
277.276
341.006
350.139
325.83
355.709
275.545
270.352
298.329
345.419
275.174
367.001
287.085
321.622
278.69
322.518
329.109
298.464
351.501
284.004
288.106
334.718
315.298
132.28
335.181
186.301
304.554
292.385
328.39
324.815
183.698
371.436
357.526
245.605
245.312
155.666
223.66
167.765
263.137
284.486
243.214
13.0384
17.6918
6.40312
274.591
338.864
347.225
323.6
352.966
272.501
267.739
295.137
342.427
272.259
364.818
284.289
320.039
275.786
319.812
327.452
296.204
349.704
282.312
285.112
333.242
314.651
134.715
336.054
184.765
303.238
290.388
329.67
326.204
179.903
371.102
358.096
241.901
244.393
153.056
220.204
164.794
260.017
283.595
245.709
12.0416
18.2483
264.473
327.8
337.557
312.674
342.948
263.137
257.484
286.112
332.929
262.612
353.816
274.39
308.229
266.113
309.726
315.729
285.33
338.155
270.633
275.632
321.31
302.002
122.776
323.039
172.905
291.137
279.115
316.765
313.345
172.653
358.281
345.058
234.303
231.935
142.843
211.896
155.322
250.833
271.116
233.754
19.2354
256.961
321.549
329.539
306.219
335.315
254.81
250.138
277.462
324.735
254.574
347.467
266.625
303.295
258.103
302.174
310.619
278.805
332.71
265.452
267.421
316.628
299.323
128.378
324.076
168.158
286.848
273.207
318.818
315.674
162.61
356.329
345.326
224.511
228.65
135.473
202.625
147.105
242.33
267.868
239.002
275.632
340.641
347.899
325.263
353.895
273.002
268.888
295.393
342.983
272.958
366.531
285.161
322.531
276.501
320.807
329.851
297.836
351.923
284.684
285.685
335.859
318.201
140.73
341.006
187.385
306.052
292.37
334.934
331.548
179.176
374.961
362.795
241.299
247.679
154.302
220.057
165.487
260.404
286.895
251.73
73.9797
74.6257
57.5587
78.5175
23.4307
8.24621
40.5216
71.5542
15
96.7678
12.1655
83.9345
14.2127
45.2548
85.1645
34.7131
96.0469
60.8276
23.0868
98.0306
130.969
239.708
224.401
106.405
89.202
45.793
242.854
246.83
113.6
181.97
221.335
74.2159
101.39
121.631
71.5681
110.603
31.3209
105.802
265.814
60.7454
16.4924
48.8467
91.0494
77.6209
88.2326
66.2193
85.0529
26.1725
71
43.2897
82.0061
45.618
36.1386
43.382
27.4591
64.0078
80.6226
47.4236
102.84
281.441
201.457
157.686
66.0303
49.5177
225.559
231.465
187.243
133.686
188.743
145.124
119.62
187.107
145.523
179.338
103.044
97.5141
279.177
57.5674
15.2315
75.2861
82.4924
56.3649
8.06226
74.9667
61.5873
63.6003
101.39
71.4493
32.0156
95.7079
70.2567
86.5563
107.019
62.3699
107.912
161.4
312.533
260.548
180.236
121.037
87.0057
283.671
289.168
176.709
194.201
249.13
120.702
161.608
195.021
132.306
182.439
88.4081
149.777
327.124
49.0918
75.326
61.131
74.7329
61.327
69.0072
41.3401
55.1453
44.2945
66.0681
34.6554
39.8246
27.4591
40.5216
54.1202
65.5134
53.0754
104
269.92
203.158
143.753
63.561
36.7151
226.108
231.603
170.751
141.421
192.769
129.387
110.44
171.421
129.124
163.248
87.0057
93.1933
273.24
83.3547
85.7963
67.4463
23.0868
81.6088
46.6154
68.7677
91.214
78.0064
33.3017
84.7585
67.0522
73.2393
101.71
70.3278
96.2549
151.242
312.424
250.138
181.618
112.294
82.3772
273.907
279.646
185.715
181.135
237.542
131.898
157.509
200.112
141.354
188.521
96.7471
142.285
321.823
28.0179
25
70.0071
8.48528
111.018
20.2237
106.452
9.84886
52.811
106.977
56.4624
115.412
84.1487
13.0384
120.154
154.383
249.369
247.243
115.918
112.614
69.0652
265.158
268.927
102.421
205.119
244.659
54.0833
121.264
121.495
58.1808
107.815
13.4164
128.69
283.27
47.8539
79.6241
19.7231
101.39
20.3961
83.2406
20.2485
52.4976
85.3288
36.0139
98.1275
56.8507
30.4138
97.7446
127.283
231.482
219.272
98.2344
86.2844
44.0114
237.154
240.959
109.659
179.825
217.138
74.6726
94.255
114.691
69.0072
104.293
32.7567
100.767
258.118
49.7393
30.0167
103.392
29.9666
113.23
28.0713
43.566
111.772
64.3506
114.948
98.4784
17.4642
125.363
166.712
274.332
262.652
140.812
123.988
80.4301
282.064
286.295
121.017
213.038
257.614
64.5136
141.908
145.437
76.8375
131.015
35.5106
144.402
305.897
70.4344
68.9638
60.0333
105.551
67.0075
32
100.344
71.0282
92.6553
108.462
57.3149
112.898
165.315
310.644
264.462
177.792
124.278
88.278
287.169
292.515
170.578
199.902
253.797
113.719
162.111
190.688
126.246
177.654
82.8794
152.191
328.002
106.099
14.3178
98.4886
3.60555
49.6488
99.2975
48.7032
108.665
75.6637
13.9284
112.361
145.911
244.976
238.824
111.324
104.202
60.7454
256.86
260.68
105.309
196.881
236.174
60.6712
113.547
120.254
61.6847
107.48
18
120.254
276.366
91.7824
62.5859
102.772
60.0333
53.9351
68.7968
33.2415
89.3085
99.3227
61.0082
118.106
306.79
214.159
183.853
86.5852
75.6637
239.57
245.961
210.345
138.235
198.275
164.438
144.014
212.758
167.601
204.472
123.794
118.6
300.262
87.3212
11.0454
36.0555
87.3212
37.2156
95.1893
68.8186
13.4536
100.648
137.931
251.746
232.998
118.33
95.483
51.6236
252.163
256.353
119.403
186.657
228.712
74.2428
112.588
131.643
75.9605
119.754
32.1403
114.586
277.519
96.6075
78.0064
8.94427
50.1199
33.2866
38.2753
100.17
15
60.0833
248.823
159.176
135.326
24.0416
39.6232
182.694
188.452
187.003
99.8098
148.519
157.801
84.8116
173.612
150.615
169.859
115.169
56.0446
237.693
46.0652
97.1442
46.6154
105.929
75.0067
11.1803
110.309
145.041
247.681
238.6
114.018
103.078
59.4054
256.944
260.862
108.853
195.359
235.493
63.3877
114.481
123.693
65.146
111.018
21.095
120
277.894
74.3303
39.0512
72.9452
76.6551
40.2616
87.6926
136.473
280.777
235.262
149.003
94.4299
56.4358
257.189
262.292
154.845
176.071
226.338
104.938
130.138
166.883
110.86
155.567
66.1287
121.037
296.002
50.5964
24.4131
45.1774
99.7296
13.6015
66.7083
257.606
165.387
142.888
32.8938
43.0116
189.423
195.351
191.212
101.912
153.473
159.364
93.6002
180.014
153.639
175.602
116.482
64.846
246.337
62.1289
37.855
50.2195
63.6946
102.616
245.978
199.822
117.444
59.8164
17.72
220.565
225.322
145.169
149.513
193.499
108.908
91.351
143.962
105.019
135.956
65.9697
83.2166
257.018
67.8012
105.991
28.1603
85.0059
282.002
181.033
165.653
56.7979
60.7454
206.342
212.72
207.041
107.898
165.849
169.307
118.004
200.532
167.108
194.813
126.57
88.3912
268.972
82.201
52.6308
70.4344
217.513
164.195
97.9081
30.6757
20.2237
183.831
188.311
151.476
124.615
160.515
129.769
56.3205
135.359
118.296
132.019
89.4036
46.0652
220.275
113.177
151.38
258.822
246.343
125.16
108.904
65.0538
265.324
269.436
115.412
199.73
242.165
65.123
124.455
133.6
71.1126
120.341
26.4197
127.863
288.513
57.1402
258.26
154.538
148.486
31.8277
54.4518
179.254
185.443
202.002
88.4138
141.326
172.122
94.7523
187.926
165.469
184.545
129.341
61.7738
241.108
221
99.1615
136.444
42.8019
86.3713
122.723
128.655
213.476
60.1332
90.9065
199.492
71.7008
184.024
185.648
186.188
159.806
34.1321
187.968
213.467
133.664
226.497
233.206
202.094
197.497
199.1
268.062
239.46
246.008
164.012
143.59
219.021
161.608
241.05
198.035
111
191.024
140.872
182.65
27.8927
35.7351
284.522
90.956
30.4138
285.727
135.602
240.554
266.957
249.104
250.234
118.6
132.91
118.849
108.208
198.04
198.668
96.8969
196.125
202.773
121.565
65.0077
50
95.5196
58.5235
108.374
102.956
179.234
43.8634
162.926
168.238
181.339
94.0213
133.686
160.103
62.9365
161.012
148.96
159.531
119.038
32.0156
213.776
203.059
207.74
148.216
136.191
177.234
118.68
75.1332
139.989
111.018
134.082
76.4853
65.5515
240.133
8.06226
293.804
118.849
56.4358
300.376
148.6
246.333
280.014
256.564
267.03
137.768
111.647
294.869
126.649
64.4981
303.066
151.212
246.457
282.243
257.158
270.44
142.271
104.709
272.683
292.527
62.2013
150.27
57.3847
44.4185
40.8167
89.0056
179.981
270.969
66.0303
254.049
131.137
244.1
242.638
246.272
212.532
94.2603
213.214
287.237
142.271
252.771
270.697
259.48
249.227
117.444
163.132
151.855
104.087
27.0185
86.4928
42.9535
169.806
300.222
113.745
131.643
118.14
120.768
39.2173
166.075
77.666
18.0278
109.932
150
214.394
60.4401
44.7772
154.052
274.643
95.6033
152.069
230.152
132.231
279.732
181.838
