60
220.229
36.3593
27.2947
273.761
288.312
104.561
11.1803
89.9611
268.362
214.374
227.985
241.599
140.428
161.805
226.279
172.627
169.189
87.8009
95.5667
461.525
246.295
374.422
447.613
342.831
260.346
334.648
315.778
336.43
336.61
206.886
237.876
466.177
348.725
303.585
168.908
252.121
234.293
211.028
325.26
590.208
749.595
666.817
685.584
658.071
724.289
671.873
563.067
618.787
633.86
747.87
661.695
657.615
765.86
653.437
721.932
695.507
719.618
672.846
637.897
184.133
239.921
161.208
186.024
173.632
209.275
308.415
197.568
288.196
245.552
268.024
148.03
106.066
334.013
56.7186
345.129
238.046
139.032
495.308
317.052
443.762
521.536
455.95
321.977
368.543
470.664
456.09
422.513
232.562
397.786
534.464
430.488
355.928
267.067
279.292
334.168
377.131
479.505
391.152
557.549
476.783
495.736
501.025
518.383
460.185
378.114
412.778
463.643
559.914
497.487
451.276
570.118
450.139
540.693
508.127
539.538
493.377
473.381
59.9083
248.115
264.594
82.4924
25.2389
126.115
248.032
217.039
219.939
236.144
119.105
128.472
237.2
137.906
194.815
91.6788
62.0725
464.053
250.05
381.903
457.193
358.264
262.865
334.51
339.426
353.074
346.468
198.806
261.276
474.975
358.046
305.944
173.954
247.413
243.797
235.281
348.901
557.929
718.734
636.089
654.93
632.244
691.158
637.709
532.752
585.499
605.977
717.647
634.818
624.331
734.439
620.634
692.688
665.255
690.545
643.73
610.872
278.729
291.295
131.795
37.0135
68.6003
268.486
198.215
218.929
230.489
144.101
187.808
205.117
189.497
142.338
108.977
121.342
443.847
229.059
354.244
426.138
318.911
243.731
319.127
289.131
312.026
315.33
198.225
211.405
445.055
327.674
286.714
152.069
240.354
213.827
184.396
298.605
601.606
758.871
676.018
694.665
661.695
736.805
686.166
571.909
631.661
639.726
756.335
666.418
670.439
775.861
665.523
729.236
704.069
726.722
680.062
642.819
24.8395
287.179
266.308
339.063
49.163
202.082
138.521
156.732
134.629
247.342
256.182
143.293
317.317
333.793
241.599
351.241
218.563
320.688
394
358.232
215.928
236.178
402.235
362.836
311.777
139.531
344.723
403.227
316.158
236.053
208.435
164.073
250.711
333.431
409.464
335.172
483.976
401.36
419.631
384.419
473.068
433.001
297.136
371.712
361.006
479.854
388.022
409.334
502.667
400.945
451.253
427.926
448.559
402.061
364.299
307.878
281.476
349.178
36.2491
196.224
131.061
146.895
147.959
270.749
250.204
166.433
318.969
352.07
262.086
329.826
209.287
304.007
375.826
346.365
204.978
218.387
395.373
351.791
297.836
135.801
341.463
384.251
301.398
221.305
208.062
152.778
243.731
332.032
402.226
333.864
477.611
395.466
413.402
370.401
471.782
435.165
291.796
372.404
350.191
472.327
375.494
409.337
497.257
399.81
442.188
420.84
439.22
393.093
352.087
96.1665
184.532
299.541
296.299
290.689
309.104
178.037
77.8332
319.338
149.857
273.485
67.897
45.8912
541.577
329.56
462.564
538.535
440.756
341.568
410.76
419.634
435.525
428.095
270.143
341.541
555.993
439.477
384.194
254.796
320.849
325.601
314.986
429.121
564.514
730.264
648.914
667.888
662.397
691.842
632.508
548.513
586.326
629.858
731.85
661.711
624.758
743.377
623.77
710.904
679.78
709.417
662.861
637.528
101.134
262.551
215.502
225.858
240.302
133.959
151.083
229.993
162.188
177.341
86.4523
84.7231
462.958
247.843
377.302
451.19
348.106
261.543
335.148
323.514
342.067
340.178
204.688
245.459
469.527
352.142
304.81
170.602
251.078
237.588
218.833
333
580.706
740.592
657.853
676.646
650.724
714.499
661.708
554.229
608.935
625.838
739.083
654.007
647.767
756.668
643.758
713.471
686.706
711.214
664.422
630.157
322.95
222.767
259.307
266.047
205.643
250.14
212.445
258.01
119.004
138.975
184.678
456.257
248.713
359.562
424.924
308.457
264.569
340.588
259.625
299.055
317.322
240.277
186.938
444.994
330.248
305.138
178.34
274.029
223.329
159.862
268.755
666.843
822.001
739.179
757.682
718.283
802.776
753.33
634.894
697.97
699.272
818.633
724.462
736.68
839.677
731.23
790.299
766.541
787.561
741.111
701.178
160.181
94.8947
110.725
129.004
271.28
214.084
167.815
285.603
338.001
253.734
304.238
173.104
271.533
344.942
310.871
169.098
187.107
359.135
316.033
263.287
100.658
305.851
354.391
267.367
187.216
174
116.914
207.511
297.088
365.978
368.756
509.598
427.908
445.588
395.38
506.537
471
324.84
407.913
378.809
503.477
402.226
444.609
529.854
434.688
472.144
452.411
468.943
423.249
379.258
65.4599
55.8032
143.569
309.963
54.1295
235.262
141.51
301.803
259.717
247.493
33.3017
167.2
244.624
167.967
46.0435
120.934
200.18
169.047
137.383
63.3246
146.755
261.008
147.177
89.3085
46.2385
58.1808
49.2443
141.651
207.523
527.8
662.148
581.953
598.953
531.173
665.169
631.136
480.763
567.768
524.307
653.992
542.531
604.14
683.781
593.619
619.873
604.293
616.106
571.953
521.138
22.4722
116.675
287.587
119.202
198.245
198.962
310.744
248.6
256.971
80.4114
198.275
275.986
221.815
80.0062
126.016
264.426
225.428
180.114
21.1896
211.929
289.171
186.762
110.386
88.1419
34
112.73
205.105
271.413
462.411
598.352
517.697
534.889
472.07
599.864
565.723
415.974
502.309
462.317
590.762
482.105
538.697
619.621
528.255
557.409
540.634
553.802
509.141
460.185
137.441
308.702
106.527
220.531
195.921
326.038
267.86
235.85
62.3939
175.824
253.513
201.814
59.4138
104.484
249.243
206.119
158.455
39.598
201.537
266.738
164.757
87.9204
89.4427
12.0416
98.4733
197.426
255.812
474.663
606.803
526.901
543.769
475.568
611.601
579.525
426.269
515.481
468.534
598.429
486.763
551.374
628.637
540.32
564.145
548.897
560.357
516.294
465.34
171.327
186.424
92.7793
205.828
209.745
133.959
373.289
174.771
306.946
385.177
309.685
182.483
241.878
323.215
309.071
280.589
97.949
252.01
400.146
289.795
221.35
119.038
149.482
187.299
233.24
331.943
462.131
616.367
533.54
552.055
518.125
598.847
552.327
429.261
494.818
495.631
613.176
522.433
533.319
634.073
527.003
585.452
561.022
582.864
536.263
498.788
343.926
104.389
320.755
145.726
66.4831
544.5
342.654
476.366
554.301
468.7
351.979
413.176
461.979
465.626
446.942
269.268
384.401
570.019
457.089
392.103
275.363
320.74
347.761
359.58
471.365
495.227
662.36
582.093
601.019
606.083
619.468
558.355
484.066
514.467
569.566
665.277
603.136
552.558
674.199
552.635
646.613
613.655
645.508
599.401
578.999
279.202
109.018
313.536
287.793
243.846
51
149.513
221.335
124.92
65.192
134.004
146.185
123
110.345
117.047
95.7758
240.01
122.577
97.0052
68.9638
105.38
12.0416
96.2549
153.688
580.897
712.765
633.193
649.942
577.243
718.011
684.869
532.786
621.267
573.132
703.958
589.802
657.438
734.834
646.63
669.041
654.795
665.111
621.55
568.958
288.647
206.497
106.963
453.035
265.347
394.978
473.152
402.245
271.536
323.631
414.309
401.812
371.26
183.068
341.123
487.045
379.859
307.747
211.533
232.243
279.973
320.414
423.2
422.21
585.385
503.239
522.185
512.544
554.063
499.841
401.299
448.291
480.485
585.677
511.977
487.103
599.954
484.004
563.107
533.376
561.4
514.69
487.8
246.333
255.766
346.439
156.179
246.4
307.73
189.621
171.828
243.019
146.932
180.056
202.97
186.4
69.9714
328.101
215.968
206.002
112.004
199.625
121.037
42.5441
156.387
652.173
794.997
713.484
731.095
670.788
790.142
749.637
610.393
688.988
660.985
788.301
681.065
726.65
815.443
718.048
755.733
737.61
752.24
707.221
659.13
100.319
549.156
333.946
462.088
534.799
427.649
347.829
421.599
392.684
420.462
423.869
289.56
316.291
553.543
436.094
391.092
256.587
337.001
321.823
288.877
402.061
626.994
791.44
709.504
728.464
715.466
756.191
698.115
607.793
650.471
685.922
792.077
716.417
689.072
805.434
687.37
769.551
739.806
767.795
721.053
692.303
502.207
292.985
426.864
503.843
411.461
304.041
370.85
398.83
407.357
394.392
228.484
320.861
520.632
405.278
345.984
220.81
279.761
292.92
295.435
408.271
526.69
691.185
609.331
628.296
618.686
656.299
599.083
507.909
550.527
587.388
691.99
618.635
589.186
705.116
587.235
669.92
639.757
668.261
621.576
594.471
215.23
102.396
90.6091
185.559
201.457
131.552
279.33
199.7
146.113
275.392
299.713
81.8413
133.634
158.218
292.617
223.808
233.225
317.796
277.908
576.585
659.4
593.633
605.739
490.494
698.024
689.545
514.198
623.272
511.544
643.542
511.974
651.503
685.589
634.972
602.492
604.15
597.181
563.355
498.197
134.034
211.684
142.056
16.0312
91.9239
187.449
145.121
105.948
86.1452
146.014
227.846
115.039
57.6975
77.3886
57.9828
40.2244
147.167
193.776
535.569
664.109
585.139
601.641
526.608
672.031
641.264
485.72
576.923
523.436
654.836
539.478
612.5
686.536
601.043
619.465
606.083
615.452
572.242
518.833
78.2624
88.3912
124.531
86.7006
181.604
102.181
43.9318
211.929
197.345
93.8136
31.257
87.9318
207.966
164.842
140.417
215.956
181.554
596.846
701.19
628.736
642.956
542.654
726.891
708.19
538.855
641.879
553.912
687.922
560.985
673.891
726.1
659.421
648.68
643.952
643.834
605.457
544.008
122.711
202.714
157.835
209.774
135.595
111.018
290.084
249.018
20.8806
99.1564
165.641
283.769
242.297
213.663
271.978
206.197
651.92
743.89
675.51
688.461
577.735
777.628
764.446
591.346
697.964
595.83
728.857
598.389
728.089
769.692
712.461
688.288
687.815
683.108
647.714
583.584
142.411
151.03
93.9415
14.1421
57.3149
228.002
127.012
143.59
63.0079
129.711
193.848
194.18
122.483
151.268
93.3006
660.547
775.201
700.046
715.189
622.312
794.071
769.675
605.799
704.06
629.385
763.237
639.241
737.916
799.33
724.765
725.074
717.432
720.467
680.336
621.076
76.243
195.305
146.986
100.807
89.4986
158.685
218.048
108.522
43.2666
91.7061
52.2015
53.7122
161.385
201.102
527.774
653.862
575.417
591.714
514.219
663.724
634.414
476.807
569.692
512.275
644.184
527.564
604.884
676.574
593.033
608.39
595.814
604.293
561.45
507.185
230.801
161.524
94.0479
143.934
216.375
167.869
92.1303
37.054
167.156
92.4554
122
225.575
233.951
513.163
624.216
549.474
564.427
472.451
645.012
623.771
456.668
557.647
478.377
612.209
488.759
590.425
648.433
576.542
574.126
566.485
569.552
529.306
470.287
79.8311
144.506
263.23
78.1601
230.254
153.574
200.998
205.353
245.416
151.7
104.752
9.48683
722.873
847.783
770.102
786.148
702.069
859.015
828.677
672.06
764.37
704.45
837.346
717.32
799.878
870.913
788.239
800.596
789.746
796.283
754.418
697.943
68.884
230.367
115.603
156.467
75.8024
138.062
191.846
199.123
121.926
140.663
79.3788
668.768
785.247
709.62
724.928
633.568
802.816
777.406
614.654
711.969
639.801
773.544
650.201
746.126
809.212
733.224
735.615
727.407
731.057
690.603
631.81
190.252
153.639
129.727
13
76.9025
173.678
149.054
102.728
172.026
145.89
605.648
718.238
643.47
658.466
565.014
738.39
715.489
550.045
649.619
572.224
706.12
581.93
682.994
742.48
669.491
667.856
660.524
663.231
623.246
563.802
205.798
304.113
197.952
124.78
74.4043
51.6236
112.539
196.431
270.703
469.384
608.83
527.592
545.055
486.569
607.19
570.811
425.019
508.206
474.826
601.928
495.768
545.092
629.572
535.322
569.382
551.34
565.926
520.83
473.511
269.818
166.09
180.613
138.539
201.062
105.802
27.4591
87.6413
674.283
808.275
728.431
745.303
672.61
811.791
776.59
627.493
713.762
668.907
799.636
685.438
750.405
830.173
740.152
764.809
750.337
760.884
717.279
664.677
117.456
179.335
301.219
255.265
231.948
292.643
226.497
652.432
740.152
673.167
685.689
572.128
776.418
765.205
591.082
698.76
592.16
724.61
593.384
728.155
766.187
712.144
683.723
684.533
678.455
644.023
579.25
80.1561
184.805
154.829
114.56
184.835
154.353
605.151
715.28
641.194
655.959
560.33
737.138
715.493
548.797
649.463
568.81
702.8
577.7
682.444
739.736
668.644
664.218
657.691
659.522
620.02
559.923
134.826
76.922
85.0235
188.862
205.061
530.879
648.444
572.071
587.603
501.124
664.754
639.988
476.606
574.349
504.034
637.348
516.345
608.247
672.09
595.214
600.108
590.493
595.713
554.374
497.101
96.2549
72.45
125.096
213.841
541.872
683.077
601.685
619.229
560.062
679.818
641.418
498.824
579.718
549.156
676.299
569.739
617.01
703.66
607.811
643.779
625.645
640.312
595.234
547.618
96.3328
198.595
251.668
477.598
607.405
527.987
544.656
473.525
614.138
583.358
428.077
518.955
467.975
598.588
485.334
554.518
629.554
543.096
563.802
549.426
559.915
516.218
464.2
107.703
158.773
573.135
703.6
624.309
640.945
566.832
710.018
677.762
524.322
613.881
563.398
694.553
579.652
649.838
725.844
638.781
659.382
645.598
655.403
612.04
558.951
114.232
665.796
803.376
722.801
739.98
672.055
803.62
766.317
620.898
704.28
665.956
795.49
683.898
741.357
824.724
731.738
761.515
745.598
757.755
713.55
662.651
728.857
852.649
775.258
791.2
705.836
864.782
835.024
677.608
770.569
708.929
842.005
721.361
805.931
875.914
794.135
805.047
794.627
800.69
759.052
702.16
168.074
93.4345
111.041
196.657
137.975
112.969
65.192
47.0956
137.902
174.287
174.977
77.3692
179.003
65.9469
166.904
126.479
168.122
131.183
160.031
82.8553
64.3506
177.553
99.0051
164.247
187.107
162.693
148.061
23.7697
151.855
135.163
27.2947
123.321
63.0079
58.0517
69.0072
96.1769
161.756
18.9737
140.428
110.005
139.943
104.307
106
90.05
83.1986
113.547
97.2008
101.98
77.3369
74.3303
33.0606
76.3217
51.6236
110.887
142.042
105.38
145.245
122.801
119.013
97.1648
64.3273
114.756
104.69
84.8999
86.2148
59.9416
17
62.9682
50.8035
116.069
247.421
278.41
151.605
231.353
58.7963
157.892
27.2947
234.401
204.841
213.806
115.694
132.306
109.895
91.2414
36.8782
73.6817
188.353
105.816
200.01
121.165
220.132
67.1193
85.9593
72.1249
149.412
116.482
154.738
156.179
220.384
176.726
66.4831
222.991
183.33
252.248
44.2719
156.869
64.846
201.527
160.963
205.798
191.565
245.552
112.018
97.1442
184.895
135.93
137.317
205.602
121.116
162.595
132.503
161.447
115.624
115.412
173.104
174.957
207.251
38.833
166.433
40.1123
178.899
135.989
181.596
153.912
195.888
134.034
38.9102
178.732
174.049
158.146
96.1665
92.9731
92.0217
51.8845
22.8254
133.135
151.003
49.2544
136.971
42.2019
52.3927
48.0521
82.9759
145.362
208.425
179.078
187.883
91.1811
105.119
85.6154
63.9531
24.1868
134.373
20.6155
163.221
121.165
166.964
148.691
201.316
126.321
90.1388
82.1523
96.1301
122.25
188.489
145.609
103.005
149.03
128.6
180.712
42.9418
6
49.1935
104.848
46.0435
42.4264
109.659
46.8188
99.8649
67.2681
