60
190.394
220.429
122.483
175.642
203.823
72.8354
158.316
105.589
56.8859
66.1891
278.412
15.1327
123.069
164.344
110.259
153.844
283.558
70.1783
209.23
123.693
237.023
235.85
169.402
237.2
162.985
236.231
177.406
230.217
186.207
140.584
131.484
144.253
194.427
276.293
269.03
247.324
121.511
243.239
237.592
545.839
508.812
476.894
554.833
524.109
503.012
548.206
509.156
586.366
568.452
526.186
500.058
494.292
523.539
570.729
492.49
570.174
515.288
556.354
489.516
146.25
118.119
170
228.022
125.32
67.1863
209.402
226.685
197.436
144.959
198.567
187.072
136.781
169.284
120.075
99.0202
191.638
211.606
305.369
426.298
406.971
357.347
413.176
352.298
426.62
335.966
420.298
373.729
322.047
302.552
334.079
384.775
460.964
457.577
437.457
308.974
431.932
420.595
471.052
405.882
377.86
449.989
433.866
421.807
442.922
407.296
505.693
478.84
440.593
395.99
407.462
414.238
473.795
393.314
487.594
410.21
469.659
384.676
98.6154
66.3099
109.877
197.2
92.9139
162.099
220.275
180.178
77.5242
218.284
126.921
57.4282
124.016
66.8506
153.935
172.186
85.8021
289.456
415.924
360.436
347.667
372.871
368.989
428.672
285.465
428.057
360.943
302.789
272.809
335.037
391.02
432.834
441.679
432.453
304.164
418.399
391.971
340.125
291.11
259.825
337.136
310.801
293.319
330.335
291.741
378.19
356.013
314.86
281.966
281.897
304.555
355.563
275.61
360.867
297.128
344.988
271.118
70.6824
122.483
104.35
55.1543
94.1116
131.795
93.9202
158.003
121.807
68.9638
46.0109
51.8556
31.7805
185.551
86.3771
114.232
208.082
334.763
297.955
264.97
306.663
277.218
342.656
224.27
339.991
279.902
223.432
198.116
247.76
302.926
360.544
363.385
349.252
218.341
338.687
319.356
433.149
389.179
357.628
435.24
407.156
388.001
428.49
389.71
472.471
452.097
410.358
380.158
377.774
403.02
452.763
373.363
455.601
395.353
440.586
369.4
58.0517
173.623
103.392
99
163.248
123.762
143.558
169.956
64.1249
33.2415
67.4166
51.0098
207.8
116.09
44.1475
227.02
352.366
294.151
285.112
306.741
311.541
367.005
219.228
367.491
297.673
239.47
208.504
274.804
330.733
367.2
377.18
369.542
243.526
354.38
326.497
370.375
335.44
303.266
381.243
348.855
327.391
374.775
335.574
410.761
392.983
350.648
327.054
318.944
351.336
395.841
318.653
394.533
342.257
380.789
316.866
218.625
161.245
104.848
175.328
141.227
184.946
194.487
80.8084
91.2414
96.2549
108.462
261.199
135.207
25.2389
222.648
340.993
267.711
278.347
282.843
315.778
360.856
195.829
364.022
288.383
231.836
198.595
274.323
328.637
346.575
362.001
359.907
243.214
341.375
307.47
350.617
330.675
298.563
375.073
337.12
312.386
369.121
330.261
392.272
379.096
336.618
323.373
307.104
348.897
385.253
313.002
377.404
338.186
366.019
314.239
113.653
144.014
123.665
112.178
238.466
85.276
143.837
150.073
124.724
133.66
223.087
110.887
215.448
196.237
308.449
307.132
241.76
309.382
228.869
305.064
244.626
297.532
258.643
213.178
201.646
215.541
263.008
349.052
340.846
317.616
194.165
315.04
310.427
536.143
487.406
456.518
533.285
508.001
490.131
526.396
488.185
574.891
553.206
511.95
478.06
479.051
499.77
552.577
472.327
557.743
493.114
542.112
467.039
149.241
180.499
145.413
124.92
161.941
123.004
70.1783
106.888
52.9528
132.004
138.423
146.003
258.712
384.13
352.405
314.256
360.555
319.931
389.329
279.122
385.269
329.795
274.642
251.078
294.64
348.543
412.885
413.769
397.508
266.595
388.661
371.831
431.616
376.651
346.439
422.232
399.712
383.96
415.271
377.614
468.825
445.055
404.712
367.11
371.528
388.032
442.922
362.229
451.214
382.008
434.615
355.958
70.4911
39.4462
236.123
93.7443
35.2278
108.157
43.2666
110.476
278.805
36.0555
117.175
128.035
253.9
205.119
186.172
215.112
214.646
268.007
130.668
268.673
199.008
140.801
110.856
176.255
232.045
272.303
279.664
270.74
144.886
256.301
231.164
454.943
429.526
397.247
474.802
439.182
415.48
468.569
429.401
496.427
482.026
439.483
421.603
409.099
446.509
487.008
412.249
481.237
436.689
469.192
411.831
40.1123
288.363
41.7732
100.568
163.049
96.8762
158.619
311.925
48.0937
186.979
78.8923
203.686
184.285
133.795
188.096
148.862
210.924
121.462
208.777
149.308
95.4149
78.4092
116.108
171.657
234.389
233.335
217.598
86.5852
208.166
193.912
525.304
497.749
465.489
543.297
508.694
485.412
536.956
497.743
566.721
551.85
509.309
489.59
478.62
514.164
556.345
480.677
551.415
504.747
539.12
479.585
248.938
54.4059
62.6498
123.004
56.8859
119.218
277.417
8
150.233
114.162
240.934
209.538
171.231
216.206
188.958
250.056
139.463
248.453
186.011
129.619
105.948
155.544
211.341
267.479
269.474
255.766
125.3
244.773
226.418
488.971
458.904
426.677
504.584
470.826
448.112
498.182
458.965
530.136
514.339
471.832
450.627
440.783
475.035
518.267
441.96
514.534
465.812
501.774
440.519
279.303
201.457
128.062
195.351
129.757
101.045
241.002
159.962
361.454
488.525
437.251
419.402
449.227
435.165
498.993
362.155
497.133
433.417
375.618
346.879
404.401
460.014
508.214
515.405
504.216
374.222
491.565
467.158
328.495
260.931
233.026
305.197
289.394
278.744
298.136
262.338
361.809
334.187
296.602
251.048
263.651
269.652
328.842
248.421
343.6
265.324
325.314
239.735
114.215
161.4
103.247
152.411
289.689
59.4643
201.4
111.072
227.774
222.158
159.223
224.109
157.991
228.98
162.585
223.913
175.841
128.035
117.239
135.565
187.555
265.045
259.307
239.015
110.941
233.585
225.816
539.256
504.62
472.573
550.568
518.811
497.132
544.008
504.873
580.045
562.893
520.516
496.009
488.895
519.802
565.743
488.083
564.065
511.239
550.622
485.593
73.9256
20.025
78.6003
248.928
55.7584
87.6641
163.15
289.126
237.531
221.326
248.455
247.891
303.007
162.496
303.371
234.233
176.028
145.911
210.687
266.608
306.757
314.771
305.943
179.402
291.494
265.707
426.354
397.2
364.936
442.73
408.377
385.498
436.394
397.183
467.492
451.774
409.255
389.076
378.319
413.731
455.923
380.111
451.885
404.223
439.172
379.12
67.6018
18.6815
179.805
115.004
76.2365
233.788
360.723
311.262
291.894
322.374
311.642
372.293
236.144
371.264
305.63
247.695
218.826
278.259
334.181
380.433
387.363
376.747
247.584
363.61
339.313
387.191
344.82
313.058
390.877
361.78
342.243
384.194
345.249
426.617
406.607
364.742
335.954
332.277
359.255
407.707
328.732
409.816
351.177
394.975
325.332
67.624
235.601
49.0306
99.0858
166.208
293.205
248.359
224.294
258.118
245.717
304.795
173.925
304.041
238.101
180.269
152.109
211.021
267.007
314.396
320.156
309.147
180.178
296.22
273.183
436.033
402.856
370.682
448.657
415.915
393.954
442.191
402.99
476.798
459.831
417.412
394.458
385.946
418.686
463.06
386.063
460.831
409.664
447.487
384.246
170.59
111.306
94.6414
232.362
359.477
315.425
290.064
325.583
306.007
369.265
240.626
367.396
304.396
246.982
219.572
274.643
330.276
381.976
387.083
374.787
244.518
362.857
340.755
402.631
357.472
325.969
403.529
375.822
357.05
396.769
358.022
441.662
420.84
379.226
348.428
346.539
371.248
421.246
341.716
424.672
363.618
409.441
337.654
270.407
238.55
390.468
515.155
483.456
445.394
492.164
446.534
518.614
409.441
513.491
461.172
406.518
383.021
424.53
477.243
544.883
545.241
527.856
397.397
519.979
503.834
418.718
341.141
317.158
382.001
374.835
368.635
375
343.093
448.54
417.968
383.824
331.157
351.957
345.407
409.137
331.507
430.183
343.996
410.805
320.077
143.422
121.758
248.646
215.523
178.997
222.623
196.919
257.992
144.589
256.439
193.68
137.058
112.681
163.518
219.329
274.592
277.027
263.591
133.222
252.4
233.48
482.084
451.363
419.148
497.076
463.548
440.985
490.658
451.443
523.179
507.15
464.656
443.054
433.518
467.412
510.93
434.457
507.505
458.246
494.628
432.917
240.352
361.199
291.122
297.069
305.805
331.217
379.676
218.358
382.064
307.86
250.569
217.745
291.122
346.157
369.005
383.221
379.697
259.788
362.006
329.462
338.746
313.115
280.865
358.108
322.008
298.439
351.967
312.879
379.971
364.918
322.374
305.439
291.925
330.654
369.855
295.67
364.507
320.426
352.149
295.941
127.122
114.127
58.2151
113.719
97.6524
140.089
75
141.718
72.0347
16.9706
29.7321
52.7731
105.991
155.596
155.322
143.014
24.8395
130.648
115.421
570.088
553.088
520.899
597.679
559.48
534.125
591.684
552.742
612.069
600.841
558.502
545.595
529.525
570.926
607.684
535.494
597.972
560.509
587.553
536.218
108.19
69.8928
89.1964
94.8262
36.6742
151.529
52.4976
55.109
113.137
144.125
92.9139
57.0088
59.2115
33.3017
21.095
117.784
10.0499
54.2033
678.852
670.667
638.78
714.213
673.47
646.678
708.527
670.072
720.875
712.956
671.193
663.718
643.904
689.427
721.709
652.823
708.001
678.347
699.315
654.86
99.6092
19.7231
163.368
143.283
75.1532
156.605
89.9889
98.4327
105.891
128
140.631
83.7437
111.364
128.818
126.846
102.176
55
586.656
588.103
557.004
629.813
586.4
558.342
624.584
587.167
628.371
623.549
582.75
582.008
557.584
608.003
634.237
570.106
616.663
596.068
609.676
574.022
89.202
64.846
82.6075
103.586
86.3308
16.9706
46.5296
79.8311
31.0161
54.0833
108.467
100.24
84.8528
48.3735
74.686
73.7902
622.711
609.016
576.91
653.269
614.108
588.18
647.38
608.583
664.762
654.801
612.638
601.708
584.269
627.186
662.369
591.321
651.126
616.533
641.365
592.504
150.851
124.808
87.8009
138.679
77.2334
97.0979
110.635
119.218
125.228
65.3758
91.6788
109.604
122.772
82.807
35.4683
605.221
605.364
574.125
647.364
604.293
576.39
642.067
604.477
646.991
641.774
600.826
599.141
575.355
625.115
652.212
587.376
635.133
613.294
627.925
591.021
78.7464
163.049
68.9638
73.6817
96.1665
126.823
45.9674
38.6005
151.162
127.424
95.7758
73.9256
104.216
127.475
665.474
644.113
611.837
689.281
652.731
628.16
683.094
643.953
707.348
694.874
652.396
636.234
622.676
661.154
700.765
626.777
692.856
651.308
681.776
626.477
178.466
17
73.3757
129.124
162.262
94.921
42.0595
92.6553
58.3095
22.0907
124.788
45.5412
90.4268
703.651
691.492
659.41
735.639
696.113
669.928
729.784
691.035
745.71
736.468
694.413
684.229
666.335
709.734
744.382
673.772
732.356
699.031
722.961
675.059
186.432
106.33
68.4763
50.01
117.644
157.433
150.748
168.077
172.029
98.2344
149.907
112.004
527.376
521.775
490.181
564.639
522.954
495.8
559.122
521.035
569.387
561.894
520.312
515.19
493.579
541.069
571.126
503.838
556.619
529.589
548.198
506.72
80.1311
132.439
165.94
93.0215
37.1214
109.554
75.2396
39.0512
124.036
61.8466
105.119
709.03
694.644
662.483
739.086
700.264
674.443
733.143
694.262
751.083
741.082
698.891
687.216
670.392
712.59
748.516
677.007
737.456
702.101
727.661
677.886
58.2151
90.1388
47.0106
53.4135
91.5478
84.0952
72
64.8999
58.8727
57.9396
630.277
618.809
586.789
662.771
622.936
596.647
656.967
618.305
672.336
663.16
621.138
611.658
593.196
637.246
671.206
601.043
658.985
626.4
649.638
602.605
33.5261
50.2096
98.2344
138.975
140.132
130.096
31.257
115.953
98.6002
577.034
562.51
530.396
606.805
567.826
542.042
600.901
562.085
619.068
608.699
566.48
555.188
537.956
580.659
616.078
544.825
605.272
570.019
595.303
545.976
81.2712
131.674
162.561
168.87
162.077
54.5619
145.88
121.334
543.548
529.235
497.148
573.446
534.335
508.52
567.565
528.787
585.577
575.175
532.962
521.967
504.477
547.482
582.591
511.525
571.757
536.77
561.778
512.814
56.0089
138.004
125.419
103.47
31.4006
99.6393
104.695
622.644
604.206
571.969
649.031
611.406
586.299
642.963
603.931
664.604
653.028
610.637
596.561
581.409
621.743
659.564
586.704
650.404
611.543
639.794
587.031
114.978
89.0674
57.3149
87.2067
66.7308
96.7471
675.214
659.042
626.841
703.666
665.375
639.86
697.665
658.709
717.24
706.555
664.267
651.512
635.441
676.799
713.595
641.464
703.363
666.444
693.213
642.087
38.0132
71.1969
154.935
49.163
41.2311
670.38
670.585
639.282
712.686
669.669
641.758
707.37
669.718
712.107
707.107
666.191
664.301
640.722
690.262
717.586
652.601
700.357
678.498
693.25
656.11
36.2215
148.607
25.807
57.8705
693.992
689.792
658.138
732.716
690.873
663.521
727.195
689.073
735.905
729.414
688.021
683.138
661.569
708.984
739.003
671.867
723.578
697.585
715.657
674.57
131.042
27.0185
74.2765
699.166
689.995
658.046
733.715
693.283
666.636
727.981
689.438
741.202
732.986
691.148
682.956
663.658
708.611
741.537
672.182
728.223
697.637
719.375
674.007
123.004
117.154
592.079
572.892
540.649
617.761
580.332
555.367
611.677
572.63
634.003
622.097
579.677
565.223
550.318
590.385
628.466
555.407
619.681
580.215
608.905
555.673
47.3814
677.207
670.436
638.631
713.76
672.611
645.614
708.133
669.795
719.201
711.77
670.129
663.597
643.133
689.362
720.82
652.559
706.51
678.16
698.087
654.847
636.366
633.53
602.018
676.132
633.861
606.331
670.689
632.748
678.251
672.086
630.817
627.034
604.669
652.939
681.934
615.575
666.033
641.377
658.301
618.634
95.6347
105.906
90.4434
53.4603
50.0899
91.9239
92.5419
42.0595
47.0106
40.05
103.121
67.3573
108.522
68.4105
95.2575
31.1448
98.8433
35.4683
111.041
32.28
46.0652
42.19
59.9083
39.3954
3.16228
111.826
78
55.7315
10
44.5533
21.9317
68.2495
18
94.1488
8.24621
73.7564
21.2603
78
57.7062
59.0339
71.5122
32.311
131.488
101.4
67.6757
25.02
40.0125
51
96.5401
15.8114
113.146
39.6232
93.6483
18.3848
49.6588
79.4796
7.07107
45.6946
87.8237
52.1728
60.4649
55.2268
73.6817
36.6197
32.0624
62.6259
74.0405
40.2244
56.7979
66.2873
30.0832
47.7074
39.1152
73.7902
45.3431
13.9284
50.04
30.0832
56.3649
48.2701
44.2719
55.4617
45.607
36.0555
58.8558
76.922
56.8595
84.8999
66.7308
24.5153
63.9766
19.0263
79.3095
76.0592
52.2015
67.624
66.2193
53.7122
68.6804
39.2173
92.2659
56.3205
59.5483
48.3735
69.6348
29.6816
37.6563
56.3205
77.666
33.2866
59.4643
59.3633
109.202
75.6439
52.6118
12.083
41.7732
24.1868
66.6033
17.2627
91.444
10.2956
71.0634
23.0217
36.0139
65.215
121.165
98.2344
117.346
56.7539
117.784
18.3576
111.987
38.2753
131.244
42.5441
87.7268
74.3303
81.6149
23.0217
86.5332
22.3607
77.201
14
98.387
63.0714
33.2415
70.2638
52.0384
55.7315
47.0106
59.4811
30.2324
71.1758
46.8722
26.0192
78.2432
14.4222
103.325
15.2315
82.9699
11.3137
65.6049
78.1601
34.0147
80.1561
51.8556
63.1269
50.3289
66.1287
39.0512
101
13.8924
81.0987
34.7131
80.8084
45.2769
65.192
33.0151
89.4986
99.5389
26.0768
79.6241
16.4924
94.7629
20.3961
113.225
74.4312
26.0768
92.9731
