50
116.103
265.398
110.223
127.311
187.275
21.1896
146.4
207.454
136.132
242.739
217.506
245.725
109.293
189.19
166.676
823.226
789.514
836.833
806.292
794.916
801.302
794.499
801.559
804.87
799.702
819.625
812.267
832.705
824.064
816.374
780.401
164.879
142.042
246.868
177.071
233.908
273.47
235.671
265.096
123.033
126.59
234.386
167.296
175.103
203.049
241.118
251.024
225.229
104.652
281.46
29.2746
116.927
106.019
107.019
141.411
308.196
208.279
299.363
311.642
258.954
83.9345
276.588
212.474
786.873
754.615
791.963
769.895
753.299
760.774
759.495
763.427
767.521
754.382
773.308
770.006
790.595
787.778
776.82
740.592
90.2718
54.3323
172.256
61.2046
186.132
194.879
166.111
174.642
19.105
37.054
206.952
65.5134
194.445
189.042
191.003
168.241
157.835
65.6049
252.192
164.985
219.317
283.099
140.161
232.562
154.013
100.13
210.021
22.561
198.225
179.981
105.475
576.192
541.679
599.27
559.645
554.401
559.333
546.667
556.871
559.26
563.716
584.391
572.085
591.849
576.945
572.931
538.12
371.517
335.744
453.03
301.851
465.473
474.175
447.501
449.222
300.541
317.788
480.001
342.987
437.649
454.688
470.967
446.996
439.295
330.024
87.8009
87.2067
106.48
112.178
289.154
184.621
272.171
290.63
229.682
55.0273
254.421
185.219
762.502
729.984
769.005
745.51
729.729
737.033
734.886
739.304
743.28
731.454
750.585
746.567
767.157
763.398
752.942
716.706
119.507
83.6002
201.308
73.3553
215.021
223.573
195.346
202.141
48.3735
66.0303
234.61
93.1075
215.824
215.058
220.02
196.759
187.107
88.6397
92.3472
138.221
25
235.315
119.616
189.447
229.706
142.594
33.2415
190.79
103.947
698.516
665.111
710.443
681.541
669.02
675.625
670.078
676.391
679.888
673.204
693.012
686.278
706.771
699.373
690.92
654.835
206.652
171.02
289.109
147.411
300.601
311.22
283.007
288.617
135.915
152.895
316.571
180.278
283.064
293.171
306.023
284.29
274.591
166.589
188.725
102.728
327.605
211.896
270.839
321.865
197.74
84.1487
282.816
190.591
682.939
651.082
686.604
665.992
648.46
656.101
655.925
659.188
663.427
649.015
667.803
665.036
685.616
683.855
672.287
636.089
184.394
150.785
252.507
91.0055
280.615
269.046
250.801
239.207
120.934
138.654
307.234
144.734
300.408
292.925
284.074
242.002
244.965
171.604
159.154
227.139
157.089
263.471
237.966
262.945
116.043
210.19
186.172
836.34
802.798
848.661
819.378
807.203
813.764
807.775
814.383
817.815
811.414
831.202
824.476
844.962
837.189
829.002
792.945
146.492
126.115
227.229
168.146
212.941
253.97
215.745
246.911
111.005
112.009
213.214
152.463
155.544
182.011
220.193
232.086
205.244
86.0523
229.996
113.283
170.485
221.563
117.72
58.1378
182.28
87.9204
677.237
643.659
690.438
660.283
648.547
654.976
648.637
655.385
658.766
653.322
673.268
665.884
686.331
678.083
670.108
634.101
231.366
195.635
313.383
168.241
325.555
335.161
307.519
311.809
160.462
177.629
341.529
204.022
306.757
317.921
330.946
308.133
299.207
191.512
116.726
140.246
27.7849
228.464
249.772
53.8516
154.467
795.638
760.995
824.457
779.642
778.54
782.562
765.906
778.36
780.052
790.016
810.812
796.196
815.343
796.312
795.05
761.442
371.962
346.383
454.274
362.432
437.676
480.917
442.884
471.704
321.014
329.196
431.449
369.043
354.866
397.19
445.189
458.345
432.381
312.014
107.117
110.168
140.716
138.134
71.5891
50.448
729.976
695.506
751.655
713.376
707.248
712.439
700.498
710.372
712.879
715.681
736.248
724.909
744.828
730.738
726.285
691.237
285.554
254.629
370.864
255.973
366.231
396.164
361.471
380.841
224.109
236.104
369.882
272.998
309.524
339.094
373.066
371.14
351.551
229.93
114.826
104.235
218.552
93.2363
86.954
655.809
621.155
684.211
639.731
638.306
642.365
626.081
638.289
640.052
649.802
670.6
655.964
675.139
656.494
654.932
621.235
383.548
350.271
468.788
336.809
469.145
492.967
460.544
473.989
317.095
331.483
475.215
364.815
416.635
445.193
475.689
466.901
451.054
331.412
207.692
247.487
39.2938
140.513
769.168
734.537
798.66
753.236
752.62
756.518
739.438
752.112
753.727
764.422
785.226
770.26
789.311
769.834
768.862
735.425
380.284
352.904
463.876
363.352
450.355
490.23
453.001
479.092
325.641
335.169
446.363
374.253
372.518
412.645
457.739
466.84
442.612
321.1
175.824
174.929
90.6863
589.756
555.36
610.942
573.094
566.552
571.79
560.357
569.891
572.483
575.003
595.587
584.209
604.149
590.529
585.721
550.594
349.044
313.249
430.475
279.501
443.157
451.616
424.973
426.719
278.04
295.327
458.039
320.426
416.944
433.04
448.612
424.438
416.789
308.002
209.576
131.826
724.99
691.862
735.046
707.995
694.335
701.189
696.811
702.477
706.142
697.663
717.252
711.462
732.007
725.86
716.71
680.541
173.442
137.873
256.189
119.52
267.421
278.598
249.904
256.813
102.84
119.683
283.933
148.003
253.693
261.262
272.809
251.782
241.423
134.213
102.02
748.184
713.53
775.264
732.006
729.647
733.959
718.471
730.282
732.184
740.422
761.191
747.329
766.689
748.883
746.802
712.787
348.804
319.977
433.296
326.602
423.098
459.296
422.963
446.467
291.359
301.877
421.9
340.207
352.434
389.076
430.303
435.215
412.724
290.663
680.391
645.973
701.463
663.745
657.18
662.456
650.969
660.576
663.157
665.418
685.965
674.83
694.795
681.162
676.406
641.263
297.523
263.797
382.545
250.697
385.149
406.444
374.649
387.072
230.326
245.018
393.721
277.894
341.646
365.234
391.465
380.237
365.329
247.146
34.6554
64.0781
17
49.0408
38.6264
29.7321
26
20.2237
71.0282
74.027
45.3431
43.0813
1
24.8395
51.0098
866.48
833.665
924.34
767.571
960.92
934.264
925.977
899.165
803.275
821.322
989.846
824.879
977.369
975.582
963.486
909.62
922.033
851.071
84.006
19.2354
47.4131
40.8044
5
25.0799
22.3607
74.2428
85.8662
55.9017
65.4905
35.3553
41.3038
36.1248
834.921
801.86
893.875
736.376
929.712
904.262
895.257
869.354
771.176
789.284
958.188
793.544
944.553
943.471
932.396
879.4
891.141
818.596
67.7422
46.9574
46.3249
81.1542
59.0085
62.2013
37.5899
21.0238
30.3645
21.0238
64.4748
43.4166
65.3911
868.043
836.436
921.256
767.954
960.692
929.424
923.874
893.748
807.527
825.222
991.485
825.62
984.782
979.356
962.761
905.654
920.624
857.016
39.8246
30.4138
14.8661
13.6015
7.07107
65.192
72.9178
42.4853
48.0104
17.8885
24.3311
36.6742
849.57
816.726
907.596
750.706
944.058
917.606
909.189
882.543
786.308
804.361
972.926
807.996
960.369
958.616
946.64
892.919
905.217
834.08
10.4403
46.8722
26.2488
32.8024
26.8328
41
17.6918
37.8021
49.98
27.0185
18.6815
831
798.822
886.487
731.384
924.546
895.559
888.617
860.163
769.237
787.099
954.48
788.928
945.275
941.385
926.854
871.324
885.024
818.039
39.3954
17.2047
23.3452
34.8281
45.1221
16.1245
32.8024
39.5601
17.1172
21.2132
838.88
806.566
894.859
739.395
932.62
904.105
896.889
868.765
776.81
794.714
962.351
796.9
952.472
949.014
934.981
879.784
893.224
825.412
22.8035
19
73.5731
84.119
53.8516
62.1289
30.4138
38.0132
37.4433
839.738
806.7
898.584
741.157
934.497
908.923
899.992
873.994
776.043
794.145
963.016
798.339
949.481
948.34
937.169
884.084
895.893
823.496
6.7082
52.0096
61.3514
31.0483
41.2311
27
17.4642
25.02
842.473
809.84
899.68
743.342
936.669
909.387
901.449
874.211
779.688
797.683
965.89
800.728
954.435
951.977
939.162
884.843
897.6
827.81
58.1378
66.3099
35.8469
43.1856
21.2132
19.0263
31.0644
846.847
814.12
904.411
747.83
941.172
914.248
906.104
879.12
783.85
801.871
970.24
805.176
958.295
956.151
943.704
889.643
902.202
831.817
20.8087
26.4008
42.0119
71.8471
46.3249
42.5793
830.48
798.852
883.912
730.415
923.195
892.216
886.468
856.584
769.938
787.633
953.927
788.076
947.241
941.767
925.286
868.371
883.178
819.446
30.4631
34.9857
74.6525
49.93
59.2115
848.842
817.416
901.462
748.642
941.225
909.438
904.191
873.712
788.737
806.371
972.249
806.328
966.401
960.421
943.231
885.767
901.024
838.459
20.5913
46.0977
20.5183
35.3553
847.342
815.294
902.273
747.599
940.681
911.112
904.528
875.637
785.861
803.688
970.824
805.181
962.178
957.952
942.93
886.995
901.02
834.82
43.4626
24.1868
53.9073
867.882
835.859
922.651
768.113
961.17
931.399
924.949
895.893
806.445
824.268
991.365
825.703
982.764
978.53
963.403
907.33
921.469
855.412
25.6125
52.0096
867.406
834.584
925.29
768.505
961.855
935.222
926.922
900.126
804.185
822.234
990.77
825.81
978.254
976.492
964.423
910.574
922.975
851.968
36.2353
855.234
822.821
911.54
755.847
949.107
920.887
913.508
885.579
792.934
810.869
978.694
813.32
968.275
965.174
951.504
896.518
909.797
841.371
819.103
786.644
875.713
719.781
913.066
885.226
877.599
849.984
756.719
774.661
942.555
777.232
932.047
928.966
915.494
860.773
873.836
805.137
36.0139
85.4225
100.703
97.0155
110.675
77.1622
100.424
71.1758
53.7587
123.483
43.4166
141.767
114.769
101.316
86.5563
68.1542
60.4401
118.929
73.6614
132.639
142.695
112.058
126.507
35.2278
18.7883
156.541
28.0713
160.24
143.21
137.179
116.846
103.576
46.0435
161.697
56.648
27.0185
14.3178
42.3792
153.444
137.641
97.8621
110.653
166.508
115.434
53.2353
19.7231
24.1661
142.801
193.352
178.101
160.639
149.111
60.6383
70.6612
223.707
57.7062
233.805
214.805
196.061
151.013
155.467
111.4
74.0608
45.2769
99.0202
167.242
149.084
41.2311
136.312
117.72
62.8013
7.81025
76.1577
43.1393
138.004
40.3113
36.3593
176.411
161.484
113.6
131.217
189.391
136.18
68.469
27.2947
50.774
169.145
55.109
147.092
130.507
86.3134
107.019
152.329
101.833
43.2782
31.7805
10.6301
132.306
157.305
144.807
140.218
109.179
206.002
156.847
95.3415
23.3452
62.1289
160.86
18.4391
188.939
48.9183
181.218
172.308
172.026
149.967
138.755
53.4135
170.511
40.7063
165.469
154.305
154.003
135.595
121.807
40.8534
166.003
89.5879
35.3836
45.3542
117.388
82.9277
150.083
182.003
158.142
139.463
104.12
100.499
74.108
55.9464
124.92
183.025
144.031
128.845
69.6348
133.507
95.1262
127.346
72.9452
43.0116
144.368
39
146.373
122.115
