50
48.2701
51.6236
49.4975
64.0078
39.9249
12.8062
10.8167
35.171
7.2111
71.1126
10
21.9317
68.884
19.6469
42.45
393.406
347.851
356.208
517.827
402.95
344.119
286.541
419.152
352.389
472.326
398.7
277.51
489.311
329.169
438.59
311.002
255.227
234.171
111.629
191.377
287.785
204.245
237.548
298.319
230.723
133.899
173.277
306.791
183.371
241.35
248.117
305.046
106.17
262.945
16.2788
18.1108
21.9317
27.8568
57.0789
41.0488
60.5392
55.0818
25
38.6005
39.0512
25.2389
51.614
46.8615
353.477
317.493
329.706
478.089
375.474
307.363
255.327
386.215
311.602
435.736
360.455
233.568
452.731
293.302
393.742
284.542
265.912
257.608
117.614
194.209
316.18
218.16
239.109
331.711
270.867
165.895
195.226
339.536
217.037
266.308
273.386
313.026
123.976
293.343
34.3657
12.6491
42.5793
57.2451
42.0476
53.4603
58.8303
35.4683
43.4166
35.6931
17.72
60.3075
35.8469
362.78
330.438
343.559
487.297
389.035
318.215
268.203
398.273
320.545
446.413
370.552
240.709
463.39
304.541
399.712
298.498
281.642
271.649
133.304
210.343
329.31
233.489
255.327
343.548
280.143
177.674
209.347
351.574
228.561
280.08
287.111
329.002
138.322
305.949
38.6394
14.4222
60.8769
45.8803
71.0282
55.0818
24.5967
39.6232
48.2597
40.8044
45.607
61.2209
344.92
304.385
315.37
469.473
361.487
296.971
242.421
374.168
303.579
425.368
350.907
228.022
442.367
282.45
389.098
270.118
248.163
241.615
99.985
176.139
301.121
200.823
221
318.057
260.21
152.751
179.234
325.652
203.973
250.599
257.721
295.061
107.935
278.887
49.7695
69.8928
54.626
65.0692
71.1969
30.8869
55.4707
48.2701
5.09902
71.4213
46.0977
353.747
324.563
338.788
478.132
383.839
310.363
262.338
391.414
311.315
438.321
362.068
230.541
455.274
297.027
388.857
293.92
286.681
279.501
138.6
214
338.096
239.46
258.38
353.362
291.342
187.489
217.113
361.248
238.562
288.231
295.312
333.254
145.839
315.184
52.3259
39.2046
67.2086
44.3847
38.9487
30.8869
44.8219
52.7731
32.249
61.7414
353.545
309.015
318.512
477.934
365
304.237
247.419
379.803
312.64
432.484
358.776
238.768
449.472
289.348
400.106
273.24
239.301
229.752
91.022
169.071
288.461
190.919
214.553
304.592
245.904
139.014
167.371
312.296
190.234
238.462
245.544
287.063
96.1353
265.831
16.0312
26.0192
12.6491
81.0987
21.5407
22.4722
74.9466
30.8869
39.1152
405.487
360.627
369.009
529.967
415.756
356.553
299.282
431.856
364.321
484.809
411.001
288.721
501.798
341.672
449.579
323.805
264.327
240.416
122.56
202.082
292.329
212.941
248.244
301.095
230.801
138.322
180.336
309.782
186.625
247.132
253.775
314.498
115.117
266.923
29.1548
17.6918
65.192
9.84886
11.4018
59.6154
28.0179
32.3883
390.8
348.208
357.599
515.35
404.144
342.568
286.568
418.847
349.435
470.924
396.698
273.19
487.92
327.886
433.896
312.335
263.685
244.174
118.6
198.404
298.263
213.038
244.524
309.071
241.479
144.471
183.003
317.522
194.093
251.509
258.312
313.193
115
273.542
38.1182
85.44
38.9487
22.8035
70.0286
54.8179
21.1896
414.011
375.299
385.561
538.624
431.928
367.441
313.402
445.189
372.136
495.852
420.843
293.552
512.851
353.142
453.03
340.284
290
266.31
146.751
226.526
317.586
238.757
272.694
325.246
252.67
163.713
206.349
334.081
211.287
272.905
279.508
340
140.801
291.899
77.4145
16.4924
28.3019
76.0592
18.6011
48.1041
397.819
350.571
358.274
522.143
405.123
347.968
289.5
422.246
357.001
476.05
402.783
282.843
493.024
332.872
444.055
313.129
251.915
229.172
109.932
189.433
282.078
200.639
235.595
292.031
223.815
128.082
168.668
300.568
177.192
236.14
242.854
302.002
102.703
257.029
61.131
64.0312
29.7321
69.8928
70.4911
328.672
295.007
308.475
453.273
353.782
283.148
232.768
362.84
286.714
411.447
335.9
208.598
428.434
269.312
368.912
263.501
262.069
260.732
115.741
187.601
321.56
216.76
231.002
340.037
284.116
175.505
198.595
347.405
226.632
270.18
277.354
307.278
127.769
300.108
20.025
60.208
19.6469
41.0122
383.964
339.676
348.632
508.434
395.258
335.049
278.183
410.643
342.838
463.327
389.464
267.642
480.318
320.206
428.674
303.384
254.443
236.254
108.908
188.693
291.204
204
234.796
303.041
237.261
137.801
174.771
311.353
187.949
243.824
250.683
303.798
106.075
266.833
53.3667
39.2046
21.095
392.011
352.495
362.862
516.624
409.187
344.942
290.601
422.428
350.304
473.355
398.549
272.619
490.355
330.553
432.726
317.586
274.467
255.556
128.655
208.37
309.634
224.002
254.421
320.22
251.909
155.801
194.33
328.71
205.295
262.909
269.713
323.79
126.036
284.86
75.743
50.8035
349.744
321.753
336.4
474.068
381.274
306.804
259.555
388.213
307.247
434.65
358.264
226.153
451.593
293.6
384.213
291.625
288.257
282.257
140.428
215.058
341.235
241.448
259.156
356.95
295.571
191.128
219.864
364.771
242.26
291.11
298.21
334.485
148.556
318.523
60.2993
382.845
333.17
340.309
506.925
387.227
332.024
272.382
405.228
342.462
459.854
387.195
270.159
476.807
316.711
431.589
295.222
235.85
216.615
92.0272
171.747
271.68
185.068
217.92
284.042
219.939
118.512
155.193
292.262
168.941
224.179
231.041
285.54
87.0057
247.455
398.6
364.343
376.247
523.13
422.158
353.638
302.185
433.001
356.387
481.923
406.236
276.395
498.908
339.779
434.954
331.035
295.332
276.525
148.946
228.475
330.142
245.002
274.418
339.912
269.824
176.173
215.39
348.518
225.204
283.782
290.558
344.489
147.085
305.133
110.887
142.843
124.615
140.46
60.8769
133.754
91.0824
43.0116
93.2309
23.1948
129.074
108.706
77.666
95.6713
150.765
369.168
428.322
337.717
320.751
487.742
369.892
317.813
527.115
522.304
420.011
395.455
528.841
453.512
440.202
445.567
372.179
366.661
484.103
34.9285
202.2
62.6498
61.2699
62.2415
74.7262
107.824
140.129
95.3834
154.467
155.631
54.9181
205.828
47.0106
266.94
331.548
267.329
230.489
387.138
276.065
217.938
428.273
434.508
341.884
308.099
428.967
367.485
343.001
347.669
264.32
294.727
386.745
221.678
47.1699
96.1769
81.1542
86.8332
142.667
156.179
125.1
186.011
169.956
89.2861
238.422
45.2769
248.163
316
267.479
221.054
368.402
263.287
202.022
410.495
423.331
336.786
298.685
410.474
357.951
327.038
331.183
240.052
293.483
370.265
192.005
177.102
246.895
135.665
166.82
67.1193
120.619
250.585
58.4123
193.662
130.782
249.064
468.538
533.739
457.388
431.057
588.878
477.821
420.107
630.315
635.001
537.425
508.016
630.817
567.107
545.202
549.855
461.532
486.067
588.939
112.004
122.642
59.0339
154.042
124.888
118.596
214.394
135.978
112.147
233.944
92.0054
287.002
356.877
314.531
265.932
406.356
306.276
243.614
449.111
466.566
382.753
343.188
448.446
402.199
367.545
371.264
273.075
340.348
410.148
72.9932
87.4643
46.6476
128.413
56.5685
106.405
145.413
17.0294
149.843
92.8009
308.65
367.448
280.451
260.094
426.954
309.079
257.109
466.245
462.252
361.448
335.257
468.001
393.615
379.326
384.692
313.338
309.222
423.228
132.883
109.179
191.379
128.062
115.802
207.964
56.0892
217.8
44.0454
237.607
294.703
211.747
187.107
354.844
236.14
185.54
393.68
389.622
290.553
262.551
395.637
321.156
306.62
312.083
246.603
240.054
350.488
116.902
69.4262
67.897
193.215
83.2166
96.5401
179.368
120.507
334.94
402.179
341.867
304.021
455.214
348.281
288.141
497.226
507.658
416.515
381.781
497.278
441.195
413.35
417.634
326.008
369.389
456.741
134.618
57.6888
86.3134
150.655
57.9828
108.688
137.186
346.619
401.609
302.015
292.166
462.949
342.243
294.389
500.919
490.613
385.628
364.589
503.302
421.584
413.628
419.357
355.017
331.014
457.281
77.8332
220.69
17
143.178
148.273
187.067
404.105
470.719
403.094
370.595
524.427
416
356.742
566.295
574.635
480.538
448.144
566.467
507.501
481.998
486.409
395.339
431.282
525.524
143.087
94.3663
73.3348
115.676
138.578
359.089
420.488
337.018
314.632
478.55
362.891
308.508
518.683
517.653
417.81
390.565
520.001
449.218
432.241
437.36
359.273
365.779
476.17
236.882
102.391
161.447
158.902
325.731
368.402
246.911
258.544
432.906
308.701
274.053
466.65
442.462
332.032
321.573
470.596
374.108
380.423
386.908
346.302
275.078
422.355
160.153
156.115
202.418
418.115
485.334
419.609
386.091
538.354
431.074
371.303
580.425
590.039
496.679
463.728
580.429
523.116
496.533
500.84
408.049
447.729
539.949
164.514
79.2086
292.474
350.708
263.752
243.148
410.468
292.226
240.759
449.589
445.225
344.524
318.234
451.426
376.586
362.604
368.014
298.283
292.479
406.492
242.621
455.306
509.624
403.113
399.712
571.399
450.032
403.071
608.987
595.424
487.904
470.523
611.557
526.409
521.671
527.505
462.796
431.904
565.184
220.955
284.693
224.199
183.698
340.908
229.055
171.304
381.749
387.625
296.387
261.398
382.624
320.807
296.196
300.945
221.416
250.874
339.991
73.0548
148.337
77.4726
120.354
52.2015
52.4786
162.373
189.362
148.223
94.0213
162.364
137.644
82.2253
85
51.264
149.215
123.406
147.027
110.494
65.2993
59.9333
114.039
99.368
116.726
105.076
62.3939
102.416
74.3034
12.083
18.6011
112.929
133.701
55.7853
79.8123
210.231
101.139
125.96
234.233
196.291
85.1469
86.5563
240.42
129.252
157.293
164.502
196.163
29
191.659
174.416
50.5668
46.1736
209.697
204.088
119.08
77.7817
212.904
137.186
122.577
128.798
119.708
91.8096
165.641
124.258
170.062
43.566
109.275
154.029
123.81
42.107
107.912
53.7587
46.7547
140.246
193.794
28.2843
64.2573
159.154
160.29
98.0051
44.5533
162.348
98.0867
72.0139
78.2943
103.407
98.0816
115.169
210.459
223.66
155.974
106.33
211.518
162.308
125.256
129.757
79.712
136.883
168.858
88.6848
165.895
148.678
10.0499
115.104
87.3155
81.6088
183.763
213.846
44.2945
112.712
127.098
98.732
69.0507
109.604
109.622
228.267
169.579
83.6002
54.2033
173.908
51.225
110.223
116.52
199.023
57.2451
129.077
154.383
59.4138
71.5891
78.7718
144.9
71.3092
105.418
123.434
90.3383
84.1724
181.025
220.737
49.0408
74.3303
78.848
184.114
104.293
81.0247
7.2111
118.714
142.695
43.9318
118.849
149.833
39.1152
199.462
152.463
172.8
