50
19.7231
258.118
141.605
38.4708
75.2396
232.215
85
78.9177
83.2166
267.854
216.622
158.051
245.734
256.07
208.655
487.1
585.352
535.84
323.014
484.108
338.904
502.415
629.23
581.875
543.435
585.5
322.444
490.658
383.262
522.817
466.245
589.143
744.748
719.618
723.65
692.792
775.549
695.371
678.333
806.901
719.213
689.847
758.781
653.391
634.039
618.686
778.232
762.001
631.516
276.366
161.236
42.4382
60.4152
249.802
97.5295
97.5141
76.5376
283.487
230.17
175.559
260.783
273.468
220.771
506.822
604.822
555.534
342.586
503.086
358.454
521.239
648.951
600.874
563.014
605.221
341.551
510.361
402.419
542.517
485.956
608.423
764.163
739.341
743.236
711.632
795.167
714.154
696.724
826.623
738.911
709.484
778.309
672.947
653.331
637.477
797.89
781.724
650.841
150.881
247.251
303.645
33.2415
191.838
179.234
275.601
72.5603
111.803
102.201
82.3772
27
133.843
268.643
340.27
325.263
102.552
230.083
177.282
246.658
402.449
327.483
345.585
364.589
198.134
281.514
236.611
311.893
243.797
338.993
496.412
493.28
481.35
436.681
534.27
438.883
420.387
579.672
485.103
450.824
513.752
410.557
383.76
362.36
539.491
534.238
381.921
152.118
210.107
139.284
125.575
80.4984
198.879
194.756
176.819
91.3017
183.175
162.012
184.805
346.655
450.281
394.453
187.984
356.821
197.434
376.968
488.895
453.398
401.868
444.668
183.831
349.378
243.939
381.494
326.588
456.856
610.044
578.89
586.376
565.601
637.678
568.842
556.435
666.067
579.724
551.711
622.383
516.763
501.367
492.544
639.598
621.332
498.414
59.4054
218.477
59.0339
75.6042
50.448
247.051
190.874
145.066
223.439
241.338
180.081
490.153
582.073
541.059
322.121
476.568
347.908
493.77
631.558
574.27
551.175
588.947
335.932
495.634
396.023
527.828
468.188
583.826
740.569
722.497
721.804
683.922
774.189
686.132
666.861
809.862
719.969
689.003
756.003
651.153
628.765
609.606
777.736
764.671
626.553
273.651
111.973
135
38.6264
296.522
236.008
201.675
271.812
295.67
221.508
549.543
640.45
600.443
381.241
533.593
406.764
550.273
690.89
631.114
610.345
648.34
393.514
555.023
453.931
587.218
527.523
641.564
798.572
781.855
780.468
740.034
832.944
742.053
721.543
869.218
779.118
747.894
814.416
709.756
686.475
665.706
836.666
824.011
684.374
161.682
154.013
244.387
59.0762
81.2712
74.2428
58.6941
24.3311
102.552
301.573
372.823
358.001
133.843
261.283
202.869
277.065
435.69
358.232
377.68
397.756
219.057
314.014
262.225
344.607
276.818
370.827
528.297
526.515
513.966
466.439
566.919
468.411
448.397
612.883
518.189
483.708
546.062
443.211
415.477
392.122
572.315
567.451
413.769
48.0104
85.1469
188.024
132.673
90.3383
164.438
183.861
123.693
444.181
530.066
497.041
273.805
421.9
310.221
438.381
584.217
519.312
509.907
542.86
304.508
451.633
362.548
483.662
421.252
530.33
687.556
675.406
670.576
628.067
723.25
630.079
609.765
762.644
670.928
638.661
703.989
599.771
575.196
553.741
727.497
717.275
573.203
119.202
193.83
150.416
80.399
173.692
178.101
148.273
414.654
508.552
465.456
247.358
405.641
273.035
423.728
556.203
503.438
475.784
513.43
263.23
420.03
322.605
452.223
392.841
511.434
667.582
647.075
647.695
614.121
699.904
616.64
599.416
734.442
644.981
614.499
682.314
577.183
556.368
539.963
703.139
689.287
553.968
262.711
200.639
175.137
237.592
265.37
185.003
528.97
614.846
581.378
358.861
505.547
391.726
521.433
669.266
602.618
593.314
627.711
382.341
535.935
441.807
568.033
506.203
614.55
771.913
760.44
755.499
710.41
808.218
712.192
690.375
847.703
756.075
723.731
788.706
684.679
659.348
636.155
812.568
802.348
657.465
65.307
115.317
25.632
45.8912
86.6083
324.025
376.113
381.65
169.056
258.645
249.002
270.416
449.471
351.283
405.532
415.524
270.681
339.949
308.104
368.592
298.573
369.2
525.33
538.658
516.377
454.01
569.281
455.101
430.174
623.254
526.089
489.041
545.8
446.562
412.569
380.592
576.39
578.177
411.647
85.703
39.8246
88.4816
22.6716
378.905
439.186
436
214.283
322.704
283.424
335.172
509.083
416.227
457.197
473.207
296.744
392.747
342.615
422.702
353.747
433.377
589.936
599.103
579.912
519.317
632.885
520.402
495.202
684.485
588.069
551.763
609.952
509.762
477.045
445.876
639.57
639.226
475.987
97.9439
98.0204
93.984
356.721
439.765
410.844
185.607
331.929
232.594
348.817
495.55
429.504
425.979
455.027
235.342
365.657
288.877
397.404
333.209
440.051
597.235
586.762
580.363
538.881
633.082
541.07
522.061
673.852
581.364
548.665
613.671
509.545
484.934
464.56
637.499
628.431
482.909
56.0446
61.6117
343.874
400.132
401.31
183.742
283.21
259.208
295.435
471.717
376.443
423.959
436.808
277.354
358.826
318.611
388.125
318.529
393.855
550.263
561.346
540.674
479.554
593.621
480.675
455.804
646.351
549.553
512.89
570.453
470.664
437.413
406.07
600.496
601.176
436.406
111.018
290.424
355.141
347.536
127.758
241.588
204.245
256.478
421.552
337.831
369.121
385.012
224.878
304.416
263.549
334.248
265.277
351.774
509.166
511.947
496.291
445.04
549.295
446.839
425.906
597.81
502.195
466.859
527.674
425.699
396.188
370.794
555.202
552.45
394.681
401.424
461.573
458.46
236.129
344.819
303.416
356.968
531.753
437.887
479.401
495.852
315.063
415.095
362.399
445.148
376.294
455.467
611.837
621.76
602.213
540.237
655.172
541.202
515.307
707.108
610.627
574.223
632.064
532.133
499.009
467.004
661.955
661.858
498.014
129.541
57.6975
171.172
133.899
158.902
150.722
142.239
172.534
86.5794
98.813
194.659
25.0799
149.933
44.9444
25.4951
152.201
278.259
232.568
246.148
269.141
294.959
274.935
285.17
319.908
233.791
209.344
284.271
181.224
186.754
214.033
295.041
274.913
181.915
131.894
262.787
119.206
280.002
114.612
100.005
66.2193
166.208
102.416
319.507
146.54
279.093
132.88
136.444
31.305
159.765
172.235
141.174
140.236
194.165
146.322
162.484
250.863
152.003
113.146
173.968
70.6045
57.2713
96.4002
200.385
207.234
52.6118
226.055
178.488
199.922
191.133
101.966
190.234
37.1618
55.3263
229.314
45.4533
175.251
13.4536
83.1925
161.22
256.143
186.625
217.113
268.927
261.105
275.496
294.376
272.837
195.164
179.07
256.158
161.818
184.228
227.009
258.275
229.002
178.718
172.142
88.6002
193.662
310.413
266.751
244.074
269.429
123.709
181.32
144.014
212.603
147.628
268.896
422.497
401.602
400.656
379.111
452.678
382.692
373.591
488.845
397.877
367.163
435.828
330.385
313.383
307.08
455.782
443.487
310.446
222.056
22.8473
206.313
97.8008
214.394
185.777
265.415
158.959
246.205
170.038
117.835
110.68
267.711
288.979
257.946
209.122
310.757
212.132
201.487
369.803
271.118
232.207
287.251
188.799
154.693
135.724
318.352
325.73
153.395
244.902
298.6
303.608
204.612
252.733
43.382
156.17
59.4138
187.537
144.499
295.237
435.543
386.339
404.98
412.549
453.785
417.336
417.171
472.759
391.495
368.246
442.922
338.869
336.18
346.439
453.441
428.785
332.074
207.964
81.3941
227.774
192.315
288.259
175.756
268.427
183.807
136.825
100.419
254.945
286.665
248.938
190.394
301.257
192.982
180.069
364.993
265.979
225.801
276.176
181.64
142.436
116.297
309.919
321.736
141.873
164.779
117.712
46.6905
330.339
142.636
277.2
112.588
163.371
128.658
161.307
91.214
117.886
201.02
159.314
208.195
239.069
178.44
93.3916
80.2808
156.697
79.2086
124.776
185.952
156.349
133.135
119.436
226.451
167.869
345.861
194.281
314.617
188.351
170.394
36.1248
174.917
227.015
174.496
112.361
225.222
116.039
114.586
297.431
199.625
157.699
197.995
113.886
65
43.0116
235.637
256.821
66.0379
75.3923
228.079
66.0984
169.729
44.4072
111.005
196.329
278.029
191.416
235.595
300.268
275.182
307.026
328.247
274.184
207.002
197.881
274.39
187.537
216.021
262.179
270.091
232.596
210.412
283.817
96.566
230.521
65.9697
121.828
133.72
203.273
134.239
162.521
227.783
205.789
234.719
259.557
221.416
140.036
124.487
201.559
112.259
144.972
197.914
203.039
176.706
139.316
188.088
60.959
217.862
183.134
336.162
472.83
415.582
440.247
453.909
487.755
458.852
459.759
500.82
423.71
402.955
478.65
375.832
376.198
388.785
486.371
457.765
371.91
138.004
32.2025
46.0109
171.54
288.21
230.358
252.958
286.775
299.723
292.828
305.491
317.128
235.85
215.342
291.686
191.512
203.081
234.957
298.329
272.837
197.975
164.985
144.838
299.608
426.169
359.611
390.565
417.58
436.111
423.08
429.16
443.708
370.397
352.751
429.421
329.342
336.364
357.472
433.526
401.429
331.634
70.3847
161.075
263.712
198.806
226.02
271.671
271.14
278.088
295.042
285.323
205.976
188.066
265.002
168.268
187
226.491
268.881
241.249
181.596
154.987
291.112
254.374
261.979
273.095
312.117
278.469
284.703
341.721
253.148
226.108
299.366
194.648
193.373
213.026
313.268
296.488
188.958
157.471
193.228
148.519
118.127
200.898
123.491
134.272
266.923
168.181
126.909
176.604
82.4924
44.9444
65.8559
209.538
224.984
42.9418
136.015
48.8365
103.812
64.3817
108.853
153.76
158.155
96.6747
81.8596
31.1448
97.0464
113.018
155.416
81.0247
135.665
114.529
88.6848
218.305
98.4124
225.142
265.936
87.367
39.8246
75.2396
114.586
114.272
168.858
233.482
86.977
42.4853
165.339
134.536
53.0094
140.911
184.133
128.32
48.8774
38.0526
39.0512
70.8308
109.554
166.784
61.2209
96.1873
108.6
167.887
7.2111
50.2494
259.557
179.847
144.9
134.733
122.201
84.7231
74.3303
183.848
230.703
90.2109
173.118
217.993
95.0368
68.884
86.0349
33.2415
123.713
160.312
213.009
17.72
81.4002
159.962
44.911
265.319
186.561
151.921
139.904
129.402
91.2688
76.6877
189.283
237.023
96.7988
309.782
228.254
191.366
184.792
162.874
115.209
71.6938
234.062
280.302
120.801
99.0202
140.064
127.393
184.448
234
294.457
77.5242
45.4533
231.905
42.0595
77.666
85.9069
137.786
200.898
63.2851
57.2451
135.059
77.1038
44.4185
95.8019
159.389
88.8369
99.2975
93.0054
105.622
133.869
182.538
50.01
107.838
134.317
55
120.017
129.835
143
51.1566
65.0308
170.652
194.92
5.65685
225.887
257.513
69.2604
65.1153
169.806
192.276
