50
320.203
229.009
340.147
332.096
66.242
87.2983
298.766
164.201
145.911
136.488
300.887
289.171
107.079
299.069
251.849
283.049
478.039
452.217
330.36
419.029
389.493
528.246
433.576
557.154
552.105
479.704
586.123
382.28
240.352
475.479
511.004
23.5372
10
28.2312
25.632
16.1555
21.4709
18.6815
23.8537
19.105
10.2956
21.9317
9.48683
10.6301
26.4764
33.9559
28.0179
21.6333
22.1359
301.869
73.5527
102.108
312.771
322.039
224.243
274.554
340
279.78
168.668
86.267
213.785
160.798
75.326
127.675
259.008
261.706
184.272
244.755
156.924
301.44
278.298
302.405
315.572
248.069
297.405
206.891
148.529
237.794
298.639
309.561
317.506
303.053
305.439
322.095
305.603
320.426
327.782
317.277
322.596
323.878
320.662
324.785
308.916
320.295
314.377
327.246
308.058
268.263
376.538
284.044
149.345
424.924
67.1193
106.042
326.745
165.027
221.714
215.984
389.283
233.257
356.561
546.452
537.034
424.454
510.539
442.041
593.6
537.331
601.992
611.147
539.604
598.369
468.817
332.8
530.906
585.534
205.507
219.146
201.683
203.931
215.337
208.753
212.198
211.981
210.642
221.027
211.073
220.656
222.396
202.544
198.177
201.613
213.694
207.183
175.328
346.468
322.572
295.427
257.049
327.674
327.232
112.681
53.3667
240.204
233.105
93.3381
198.728
324.649
331.421
257.701
316.552
226.241
363.637
350.565
357.09
374.892
311.743
337.52
279.646
212.925
300.673
363.793
325.161
335.44
318.454
321.125
338.551
322.442
336.341
342.72
333.204
340.344
339.094
338.565
342.58
323.872
332.862
328.477
342.66
324.238
304.138
359.507
137.306
335.515
391.308
249.65
265.068
181.648
228.845
73.4983
145.726
57.2451
169.921
164.402
86.3134
144.003
65.7343
217.449
176.782
232.562
236.415
163.67
254.031
105.005
100.245
155.795
209.124
328.466
332.488
322.796
324.581
338.782
323.13
338.001
346.134
335.09
337.429
342.148
335.431
339.377
328.763
342.463
334.94
344.981
326.291
151.476
247.695
217.187
210.052
75.6637
328.422
299.827
107.564
259.233
253.645
250.154
435.744
406.359
287.141
372.474
355.276
485.37
383.343
518.927
510.286
439.645
555.906
338.565
205.789
436.775
466.19
85.3815
75.1532
86.5852
85.1645
82.2982
80.0812
84.5281
90.05
84.1724
76.5376
88.1192
75.591
76.6616
88.2326
99.4032
92.1141
87.818
82.8613
356.808
92.0054
58.6941
213.378
256.628
269.216
136.473
343.017
247.291
319.399
519.463
499.1
377.18
467.6
422.497
569.548
486.963
591.481
591.531
518.024
608.938
427.987
281.745
512.044
555.325
66.0984
77.4661
65.3911
66.4831
71.5681
71.5122
68.7314
66.0303
68.2495
77.6466
66.2722
77.9295
78.4092
63.2456
53.4603
59.6657
68.0661
68.6222
368.11
404.145
174.545
359.302
282.936
222.928
64.846
230.983
96.7471
195.576
161.31
60.6053
127.193
146.014
243
135.665
283.975
269.067
203.855
338.25
100.663
95.5196
204.247
221.508
305.131
303.251
301.496
302.185
310.886
298.801
311.416
319.412
309.26
307.241
315.886
305.459
308.577
306.646
321.4
312.832
317.593
302.399
71.8053
260.317
173.254
205.119
152.118
338.355
200.504
307.976
503.989
490.634
373.738
462.213
401.155
552.596
486.837
566.202
571.925
499.065
571.197
420.752
279.315
491.302
542.233
140.684
154.538
136.341
138.741
151.476
143.391
148.314
149.121
146.455
156.895
147.719
156.32
158.446
137.786
135.192
137.568
150.632
142.127
269.765
244.461
275.147
181.218
383.854
264.851
356.972
556.429
539.231
418.822
508.945
456.098
605.979
530.617
623.751
626.72
553.283
634.232
468.312
322.87
546.386
593.553
124.724
136.125
123.649
124.92
130.05
129.988
127.283
124.036
126.905
136.132
124.615
136.499
136.781
121.84
111.987
118.36
126.151
127.201
334.574
287.946
116.211
194.743
234.957
192.899
366.546
335.036
219.009
300.945
293.466
415.477
309.724
452.04
440.955
372.001
495.008
269.268
149.486
370.163
395.176
150.243
143.628
149.03
148.6
151.38
144.014
152.899
159.831
151.644
146.373
157.08
144.972
147.085
152.611
166.193
157.892
157.699
147.435
83.5284
224.083
305.262
128.55
268.868
427.654
428.664
336.275
408.945
324.829
469.797
440.955
467.384
483.017
416.635
450.201
368.951
265.319
406.208
467.299
280.729
293.552
274.39
277.218
294.156
280.143
291.331
295.692
288.5
297.733
292.797
296.346
299.843
278.6
283.196
281.485
296.346
280.765
192.463
225.535
55.7853
189.264
344.693
345.138
255.08
325.609
241.448
387.66
357.883
387.939
401.796
334.186
377.486
285.871
192.211
324.006
384.376
273.353
284.042
266.648
269.357
286.833
270.897
284.529
290.697
281.413
288.877
287.139
287.141
291.11
271.95
280.494
276.378
290.723
272.547
206.63
148.519
184.394
383.897
362.693
240.707
331.127
289.394
434.108
350.853
458.394
456.633
383.294
482.131
291.596
145.413
377.881
419.262
100.02
105.575
94.1329
96.0469
111.162
95.0211
110.041
118.004
107.019
110.653
114.004
108.665
112.752
100.125
113.635
106.231
117.038
98
177.116
36.4005
179.011
156.083
35.3836
125.096
99.2018
229.264
148.519
259.771
253.049
181.025
300.456
84.9706
61.2944
177.634
213.019
300.433
301.533
295.677
296.939
308.65
294.457
308.521
316.76
305.93
306.105
312.923
304.171
307.787
301.365
315.919
307.69
315.243
297.919
140.801
314.949
309.593
209.06
286.568
210.212
361.087
316.948
368.908
378.048
307.05
370.697
245.459
138.091
298.027
354.419
239.069
248.129
232.433
234.957
252.058
235.637
250.138
257.117
246.976
253.16
253.308
251.289
255.384
238.145
248.646
243.288
256.78
237.811
200.125
182.858
69.1158
154.383
106.471
250.154
180.923
274.565
272.303
198.91
305.792
112.805
44.4072
193.569
236.647
281.824
284.424
276.586
278.115
291.153
276.134
290.689
298.918
287.92
289.214
294.985
287.237
291.046
282.446
296.665
288.735
297.579
279.466
42.2019
148.637
71.4703
104.738
50.2892
87.2067
89.8443
74.5453
19.9249
159.665
97.3293
239.069
31.257
39.6989
479.296
480.542
474.437
475.758
487.647
473.362
487.494
495.736
484.883
485.115
491.888
483.182
486.796
480.169
494.659
486.492
494.232
476.807
122.385
34.1321
105.19
82.6075
45.2548
130.388
109.179
59.4643
201.792
71.1196
217.368
67.6757
60.208
455.186
455.412
450.685
451.815
462.732
449.089
462.806
471.008
460.331
459.811
467.248
457.919
461.382
456.269
470.928
462.585
469.391
452.604
90.4268
85.4459
198.479
113.146
233.034
223.164
153.029
280.931
51.923
95.9635
151.268
180.646
332.866
333.314
328.325
329.474
340.577
326.792
340.595
348.811
338.09
337.769
345.029
335.863
339.377
333.924
348.57
340.243
347.22
330.297
93.4345
116.211
35.0571
161.307
142.594
84.5991
227.431
41.7253
186.253
89.4036
94.3398
422.47
422.404
418.084
419.154
429.777
416.332
429.914
438.098
427.481
426.752
434.366
424.873
428.292
423.615
438.31
429.923
436.45
419.863
151.727
128.472
169.098
170.883
97.9439
201.556
66.0984
150.053
90.3383
144.257
387.831
390.749
382.46
384.068
397.404
382.228
396.873
405.088
394.069
395.567
401.138
393.585
397.417
388.361
402.435
394.624
403.788
385.519
121.491
55.9017
26.6833
54.037
139.284
146.813
289.353
63.6553
26.6271
529.583
530.796
524.726
526.047
537.912
523.646
537.767
546.008
535.161
535.36
542.163
533.429
537.034
530.457
544.949
536.78
544.5
527.092
173.185
148
104.69
246.868
72.0139
208.195
112.446
95.8801
438.719
437.639
434.71
435.588
445.18
432.464
445.543
453.635
443.262
441.78
450.014
439.957
443.199
440.06
454.82
446.319
451.885
436.039
37
80.3057
85
183.883
316.812
82.1523
82.0731
556.389
558.839
551.132
552.675
565.643
550.694
565.22
573.454
562.466
563.586
569.528
561.616
565.383
557.001
571.181
563.285
572.095
554.03
73.5391
121.852
171.843
312.501
80.6226
52.3927
552.9
554.437
547.932
549.313
561.478
547.022
561.26
569.506
558.613
559.051
565.637
557.109
560.758
553.705
568.124
560.022
568.035
550.442
143.22
103.586
239.635
12.1655
52.9245
479.985
481.805
474.937
476.362
488.771
474.157
488.488
496.734
485.808
486.467
492.846
484.514
488.206
480.738
495.101
487.049
495.298
477.554
238.717
350.121
138.232
164.027
582.053
586.413
576.254
578.122
592.615
576.834
591.761
599.854
588.817
591.373
595.86
589.374
593.337
582.241
595.702
588.361
598.752
579.94
146.25
103.586
128.736
384.635
385.199
380.033
381.215
392.445
378.583
392.44
400.661
389.919
389.667
396.869
387.758
391.281
385.659
400.281
391.981
399.081
382.079
235.153
273.923
240.402
242.217
235.44
236.812
249.147
234.542
248.853
257.099
246.175
246.911
253.211
244.951
248.676
241.205
255.644
247.524
255.666
237.952
64.846
475.203
477.347
470.052
471.535
484.228
469.439
483.873
492.115
481.154
482.056
488.206
480.094
483.827
475.888
490.168
482.188
490.718
472.807
513.273
513.931
508.608
509.825
521.168
507.244
521.147
529.371
518.614
518.402
525.572
516.493
520.017
514.263
528.855
520.586
527.8
510.73
13.9284
6.7082
4.12311
13.6015
6.40312
11.1803
18.2483
8.06226
17.2047
14.3178
16.1245
19.2094
3
16.4012
7.81025
17.72
2.82843
19.4165
16.6433
7.81025
13.4536
9.43398
16.4012
9.21954
5.09902
13.4536
3.16228
7.28011
16.7631
24.3516
18.0278
14.4222
13.0384
2.82843
20.2485
7.07107
17.8885
24.7386
14.7648
23.3452
20.8806
22.0227
25.4558
6
20.2485
12.1655
24.3516
6.40312
17.4929
5.09902
15.2315
22.3607
12.083
20.5183
18.4391
19.2094
22.6274
4.47214
19.2354
10.7703
21.8403
3.60555
16.4924
3.16228
8.60233
5.65685
6.08276
5.83095
6.7082
7.07107
15.5563
18.1108
13.9284
6.7082
14.3178
15.0333
23.0217
12
18.0278
19.0263
16.4012
20.2485
8.60233
22.8035
14.2127
22.0227
3.60555
8.24621
3.16228
9
4.47214
9.21954
10.198
12.8062
15.2971
10.7703
7
12.3693
11.0454
13.6015
4
14.8661
13.4164
18.9737
13.9284
14.4222
2.23607
20.025
10.4403
7.07107
10.0499
12.083
9.89949
15.2315
9.05539
10.0499
9.21954
11.7047
2
2.23607
19.7231
24.1868
19.4165
11.4018
16.9706
12.53
12.1655
15.2315
13.0384
11.3137
3.60555
16.0312
4.12311
18.7883
24.5153
19.105
12.7279
15.6205
21.6333
25.02
20.8806
11.1803
19.105
14.7648
6.32456
18.7883
5.38516
8.60233
15.5242
19.2094
14.8661
10.6301
19.2354
