50
45.1221
186.815
107.28
51.788
251.448
36.4966
111.611
89.8109
44.9222
68.9638
281.064
11.1803
96.1509
180.014
166.973
292.043
137.383
260.526
256.205
272.36
290.642
330.711
364.446
250.402
74.8131
189.497
386.174
101.4
122.984
335
92.1358
131.061
135.118
131.061
132.378
130.587
131.488
130.25
132.823
132.823
131.484
131.609
128.413
131.034
135.118
131.529
134.164
131.488
132.004
215.407
152.345
70.3278
262.606
17.8885
156.732
96.1769
23.0217
114.018
295.264
43.8292
140.389
208.031
205.883
337.083
153.056
300.656
297.874
316.91
329.443
367.633
406.971
294.885
100.404
230.532
431.224
116.387
168.074
376.65
130.495
164.015
168.241
164.015
164.924
162.89
164.149
163.783
165.076
165.076
163.67
165.194
161.722
163.518
168.241
164.657
166.481
164.149
165.303
148.192
145.114
113.217
197.585
155.502
131.643
195.556
154.013
123.665
179.513
132.231
7.81025
69.4262
230.705
299.202
125.004
137.321
259.26
139.216
388.6
368.816
178.519
115.104
92.9139
332.099
106.104
160.975
201.814
214.525
58.4209
55.1453
58.4209
56.5685
57.8705
57.5587
60.208
55.7315
55.7315
56.8859
59.1354
61.4003
57.7062
55.1453
58.3095
54.5894
57.5587
58.2151
113.952
250.529
141.057
8.48528
143
146.986
38.3275
269.091
109.836
21.4009
144.921
92.6553
184.765
161.682
170.66
160.705
169.756
204.167
259.023
270.118
144.534
101.98
101.134
279.952
132.608
19.6977
237.626
72.8011
95.7079
97.17
95.7079
97.9439
97.949
97.0464
93.0376
99.2824
99.2824
98.8383
93.5201
93.0215
97.4936
97.17
95.2733
99.7447
97.0464
94.8472
200.09
52.4786
121.05
39.4462
50.9902
81.1542
230.489
41.1947
95.3362
137.713
142.021
290.766
187.968
237.023
237.034
283.425
263.805
362.552
383.537
243.772
30.4795
169.579
390.185
50
133.195
315.006
129.402
95.5249
99.7647
95.5249
96.1769
94.0479
95.483
95.6713
96.1665
96.1665
94.7523
97.0824
93.5094
94.7629
99.7647
96.2601
97.5807
95.483
97
245.898
258.66
166.589
239.641
244.79
36.6197
241.207
231.225
112.486
182.434
339.483
382.832
221.45
239.117
372.207
222.2
500.4
481.64
288.321
178.899
205.526
438.361
150.12
266.34
287.383
307.059
154.923
153.834
154.923
152.689
152.594
153.561
157.648
151.327
151.327
151.717
157.28
157.544
153.075
153.834
155.416
150.95
153.561
155.913
146.113
79.3095
9.89949
102.956
278.189
31.257
127.487
190.192
189.621
325.246
160.655
284.609
282.491
308.104
312.93
366.085
400.93
281.789
82.662
214.981
420.878
98.7623
157.813
361.166
127.581
146.659
150.894
146.659
147.513
145.454
146.755
146.509
147.628
147.628
146.219
147.922
144.423
146.103
150.894
147.323
149.037
146.755
147.99
150.881
152.398
43.1856
276.872
114.856
29.8329
152.427
98.1275
180.892
157.813
172.792
161.821
163.306
206.62
250.569
262.64
142.359
110.018
104.403
274.782
140.901
12.1655
237.929
69.0797
103.769
105.119
103.769
106.005
106.066
105.119
101.074
107.355
107.355
106.944
101.518
101.119
105.589
105.119
103.31
107.782
105.119
102.859
73.3485
115.109
199.1
78.7464
122.43
123.843
147.709
309.006
226.927
239.55
243.288
309.26
262.589
397.724
412.704
259.378
41.4849
177.89
410.59
25.6125
162.693
318.849
167.836
95.1893
99.0202
95.1893
94.921
92.6984
94.578
96.4624
94.3398
94.3398
93.0484
97.719
94.255
93.6376
99.0202
96.1353
95.6347
94.578
97.0824
109.225
272.443
38.1182
132.442
188.045
191.128
330.498
170.423
286.252
284.909
315.002
313.912
375.281
408.883
286.225
81.4678
217.313
426.938
94.3398
164.247
363.407
136.693
146.373
150.615
146.373
147.085
144.972
146.373
146.414
147.105
147.105
145.691
147.828
144.278
145.671
150.615
147.085
148.519
146.373
147.801
267.808
71.7008
30.4795
149.054
112.73
223.081
145.279
200.385
193.052
206.087
232.622
282.62
303.191
182.036
77.0779
129.016
317.921
110.39
55.0364
271.229
62.3618
96.1301
99.0202
96.1301
98.1835
97.3293
97.1854
94.0479
99.2472
99.2472
98.326
95.0211
93.1343
97.2522
99.0202
96.0833
100.18
97.1854
96.0469
271.223
251.086
125.22
192.211
338.053
409.191
214.953
234.691
376.889
210.09
511.614
485.372
288.617
207.06
211.192
433.761
180.624
283.383
273.942
330.106
173.925
172.07
173.925
171.712
172.047
172.662
176.46
170.449
170.449
171.094
175.841
176.774
172.351
172.07
174.244
169.815
172.662
174.568
96.7988
172.54
163.417
294.201
148.556
257.738
254.374
277.029
287.172
339.478
370.885
251.289
65.9697
187.2
389.622
91.0879
126.57
333.182
101.213
124.868
129.004
124.868
126.052
124.169
125.196
124.258
126.4
126.4
125.032
125.642
122.332
124.68
129.004
125.399
127.769
125.196
125.936
128.265
83.8153
198.081
170.485
169.921
162.69
188.247
202.272
280.401
290.3
154.506
81.1542
98.6002
295.677
111.306
40.8167
241.015
83.0542
77.1622
79.1202
77.1622
79.3788
79.1202
78.4347
74.6324
80.6536
80.6536
80.0562
75.2861
74.3303
78.7718
79.1202
76.844
81.2712
78.4347
76.5376
70.0928
234.35
294.043
131.137
142.688
261.008
146.294
388.274
370.624
182
107.824
95.3834
336.15
98.3107
158.398
208.471
210.052
53.0094
50.04
53.0094
51.0392
52.1536
52.0384
55.0091
50.0899
50.0899
51.1566
54.037
56.0089
52.0865
50.04
53
49.0408
52.0384
53.0094
170.52
253.492
95.1315
95.8593
191.384
123.762
319.453
300.987
118.258
113.635
31
273.441
124.78
100.245
173.081
164.939
53.3385
50.0899
53.3385
54.1479
56.2228
54.231
51.6236
55.0818
55.0818
56.1427
50.4876
53.7587
55.2268
50.0899
52.345
54.037
54.231
51.3517
304.948
126.621
104.69
69.4622
146.813
221
155.724
52.4976
269.151
140.52
102.961
289.56
170.3
118.609
232.246
221.472
218.979
221.472
222.767
224.589
222.612
219.203
223.913
223.913
224.742
218.358
221.045
223.6
218.979
220.484
223.09
222.612
219.495
329.387
316.242
256.02
363.6
244.295
313.115
283.028
204.247
262.208
374.593
235.44
160.328
388.326
88.8876
241.033
244.1
241.033
243.019
242.002
242.019
239.075
244.008
244.008
243.002
240.102
238.034
242.008
244.1
241.052
245.018
242.019
241.075
22.8254
179.338
34.4819
330.164
280.801
84.5281
208.147
71.5052
218.833
215.128
169.095
79.3788
241.506
144.586
140.631
144.586
144.7
146.932
145.097
143.6
145.231
145.231
146.54
142.271
145.836
146.014
140.631
143.673
143.924
145.097
142.762
156.541
53.0094
307.69
258.213
61.7414
209.308
67.6018
199.482
219.738
156.774
78.8162
229.491
148.223
144.554
148.223
148.678
150.864
148.93
146.84
149.402
149.402
150.615
145.602
149.04
149.897
144.554
147.258
148.192
148.93
146.294
205.905
153.76
109.622
94.8103
267.808
166.712
119.507
294.16
151.212
187.043
196.563
234.361
233
234.361
236.136
237.497
235.697
231.692
237.474
237.474
237.933
231.225
233.071
236.597
233
233.461
237.023
235.697
232.562
358.649
302.536
112.294
234.137
103.73
229.584
237.472
203.273
65.3758
275.507
169.198
165.052
169.198
168.964
171.19
169.499
168.63
169.284
169.284
170.66
167.242
170.848
170.344
165.052
168.36
167.908
169.499
167.523
105.683
246.449
358.638
302.352
215.407
390.825
240.169
339.607
238.606
348.725
348.862
348.725
350.865
351.518
350.139
345.897
352.278
352.278
352.241
345.938
346.554
350.828
348.862
348.037
352.321
350.139
347.351
198.399
371.317
276.116
114.756
399.626
250.567
267.675
278.18
342.864
341.716
342.864
344.71
345.974
344.224
340.147
346.071
346.071
346.458
339.756
341.422
345.099
341.716
341.99
345.689
344.224
341.116
220.422
88.0568
155.232
239.008
133.454
108.849
202.312
169.853
167.2
169.853
171.058
172.939
170.95
167.672
172.166
172.166
173.046
166.769
169.579
171.945
167.2
168.858
171.292
170.95
167.863
142.338
370.163
33.6006
121.672
286.667
134.833
65.2993
69.527
65.2993
65.8559
63.7024
65.192
65.6049
65.7951
65.7951
64.3817
67.0075
63.4114
64.4438
69.527
66.0681
67.2086
65.192
66.8431
243.263
155.425
102.84
146.185
173.459
84.214
81.0555
84.214
85.0941
87.1436
85.1469
82.3893
86.0523
86.0523
87.0919
81.3019
84.4808
86.1452
81.0555
83.2166
85.0235
85.1469
82.2192
391.847
263.213
178.362
315.298
324.359
321.908
324.359
325.678
327.483
325.51
322.064
326.833
326.833
327.649
321.237
323.883
326.497
321.908
323.373
326.021
325.51
322.386
152.122
294.498
168.36
71.5891
75.1864
71.5891
71.0634
68.884
70.8308
73.1642
70.342
70.342
69.1231
74.3303
71.0211
69.857
75.1864
72.5672
71.5681
70.8308
73.5459
231.625
72.7186
111.517
112.508
111.517
113.741
113.991
112.898
108.757
115.122
115.122
114.826
109.078
109
113.442
112.508
110.982
115.434
112.898
110.454
303.819
223.772
219.864
223.772
223.949
226.177
224.321
222.697
224.511
224.511
225.807
221.387
224.929
225.249
219.864
222.847
223.215
224.321
221.923
157.544
160.131
157.544
159.665
158.978
158.676
155.293
160.801
160.801
159.966
156.16
154.574
158.824
160.131
157.407
161.645
158.676
157.277
4.24264
0
2.23607
3.16228
1.41421
2.82843
3.60555
3.60555
3.60555
3.16228
3
2.23607
4.24264
1
4.12311
1.41421
2
4.24264
4.12311
6.32456
4.47214
5.09902
5
5
6.08276
4
6.7082
5.38516
0
3.60555
4.12311
4.47214
3.16228
2.23607
3.16228
1.41421
2.82843
3.60555
3.60555
3.60555
3.16228
3
2.23607
4.24264
1
4.12311
1.41421
2
2.23607
1
5
1.41421
1.41421
2
5
5.09902
1.41421
4.12311
2.82843
2
1
3.60555
2
5.83095
2.23607
2.23607
1
6.32456
5
1
6.32456
4.12311
3.60555
2
5.09902
4.24264
2.23607
2.23607
2.23607
4.47214
4.12311
1
4.47214
2.23607
3
0
3.16228
6.40312
6.40312
6.40312
1.41421
2.23607
5
5.09902
2.23607
6.7082
4.24264
2
0
1.41421
6.40312
6.32456
2
5
4.24264
1.41421
2.23607
5
1.41421
6.40312
6.32456
2
5
4.24264
1.41421
2.23607
5
6.7082
5.83095
1.41421
6.08276
4.47214
2.82843
2.23607
5.38516
3.60555
5.38516
4
2.23607
6.40312
4.47214
1.41421
4.47214
6.7082
3.16228
7.07107
4.12311
3.60555
5.38516
3.16228
3.16228
1
4.12311
3.60555
4.12311
4.47214
3.16228
4.47214
2.23607
1
3
5
3.16228
