80
1.41421
3.16228
4.12311
6.08276
7.28011
9.48683
10.4403
11.7047
13
15.2315
17
18.3576
19.7231
20.2485
22.2036
23.6008
24.8395
25.4951
26.8701
28.2843
29.0689
30.6105
31.4006
33.0151
33.2866
34.4819
35.3553
35.7771
36.2491
37.6962
37.9473
38.6005
39.2938
39.0512
39.6232
40.4475
40.1995
40.1123
40.0125
40
40.05
40.1995
40.3113
40.6079
39.8121
39.2938
39.5601
38.8973
38.2753
38.0789
36.6742
36.2353
35.8469
34.9857
33.8378
33.6006
32.0156
31.241
29.7321
28.2843
27.5862
26.2488
25.6125
24.4131
23.0217
21.095
20.5913
19.2354
17.8885
16.1555
13.9284
12.6491
11.4018
10.4403
8.24621
7.07107
5.09902
4.12311
2.23607
2
3
5
6.08276
8.24621
9.21954
10.4403
11.7047
13.9284
15.6525
17
18.3576
18.868
20.8087
22.2036
23.4307
24.0832
25.4558
26.8701
27.6586
29.2062
30
31.6228
31.9061
33.121
34
34.4384
34.9285
36.4005
36.6879
37.3631
38.0789
37.855
38.4708
39.3192
39.1152
39.0512
39
39.0128
39.1152
39.3192
39.4588
39.8121
39.0512
38.6005
38.8973
38.2753
37.6962
37.5766
36.2353
35.8469
35.5106
34.6699
33.6006
33.4215
31.8904
31.1448
29.6985
28.3196
27.6586
26.4008
25.807
24.6982
23.3238
21.4709
21.0238
19.6977
18.3848
16.7631
14.5602
13.3417
12.1655
11.1803
9.05539
8
6
5
3
1
3
4.12311
6.32456
7.28011
8.544
9.84886
12.083
13.8924
15.2643
16.6433
17.2047
19.2094
20.6155
21.9317
22.6274
24.0832
25.4951
26.4008
28.0179
28.8444
30.5287
30.8869
32.2025
33.1059
33.6155
34.176
35.7351
36.1386
36.8782
37.6563
37.4833
38.2099
39.1152
39.0128
39
39.0512
39.1152
39.3192
39.6232
39.8121
40.2616
39.5601
39.2173
39.5601
39
38.4838
38.4708
37.2156
36.8917
36.6197
35.805
34.8281
34.7131
33.2415
32.5269
31.1448
29.8329
29.2062
28.0179
27.4591
26.4197
25.0599
23.2594
22.8473
21.5407
20.2485
18.6815
16.4924
15.2971
14.1421
13.1529
11.0454
10
8
7
5
2
3.16228
5.38516
6.32456
7.61577
8.94427
11.1803
13.0384
14.4222
15.8114
16.4012
18.4391
19.8494
21.2132
21.9317
23.4307
24.8395
25.807
27.4591
28.3019
30.0167
30.4138
31.7805
32.6956
33.2415
33.8378
35.4401
35.9026
36.6742
37.4833
37.3363
38.1182
39.0512
39
39.0128
39.1152
39.2046
39.4588
39.8121
40.025
40.5216
39.8497
39.5601
39.9249
39.3954
38.9102
38.9487
37.7359
37.4433
37.2022
36.4005
35.4683
35.3836
33.9411
33.2415
31.8904
30.6105
30
28.8444
28.3019
27.2947
25.9422
24.1661
23.7697
22.4722
21.1896
19.6469
17.4642
16.2788
15.1327
14.1421
12.0416
11
9
8
6
1.41421
3.60555
4.47214
5.83095
7.2111
9.43398
11.4018
12.8062
14.2127
14.8661
16.9706
18.3848
19.8494
20.6155
22.2036
23.6008
24.6982
26.4197
27.2947
29.0689
29.5466
31.0161
31.9531
32.573
33.2415
34.9285
35.5106
36.3456
37.2156
37.1214
38.0132
39
39.0512
39.1152
39.3192
39.4588
39.8121
40.2616
40.5216
41.1096
40.4969
40.3113
40.7185
40.2492
39.8246
39.9625
38.833
38.6005
38.4187
37.6431
36.7967
36.7696
35.3836
34.7131
33.4215
32.2025
31.6228
30.5287
30.0167
29.0689
27.7308
26
25.632
24.3516
23.0868
21.587
19.4165
18.2483
17.1172
16.1245
14.0357
13
11
10
8
2.23607
3.16228
4.47214
5.83095
8.06226
10
11.4018
12.8062
13.4536
15.5563
16.9706
18.4391
19.2094
20.8087
22.2036
23.3238
25.0599
25.9422
27.7308
28.2312
29.7321
30.6757
31.3209
32.0156
33.7343
34.3657
35.2278
36.1248
36.0555
37
38.0132
38.1182
38.2099
38.4708
38.6394
39.0512
39.5601
39.8497
40.4969
39.9249
39.8121
40.2492
39.8246
39.4462
39.6611
38.6005
38.4187
38.2884
37.5366
36.7696
36.7967
35.4683
34.8281
33.6006
32.45
31.9061
30.8869
30.4138
29.5466
28.2312
26.5707
26.2488
25
23.7697
22.3607
20.2237
19.105
18.0278
17.0294
15
14.0357
12.0416
11.0454
9.05539
1
2.23607
3.60555
5.83095
7.81025
9.21954
10.6301
11.3137
13.4536
14.8661
16.4012
17.2047
18.868
20.2485
21.4709
23.2594
24.1661
26
26.5707
28.1603
29.1204
29.8329
30.5941
32.3883
33.1361
34.0588
35.0143
35
36.0555
37.1214
37.3363
37.4833
37.855
38.0789
38.6005
39.2173
39.5601
40.3113
39.8121
39.8246
40.3113
39.9625
39.6611
40
39.0512
38.9487
38.8973
38.1838
37.5366
37.6431
36.4005
35.805
34.6699
33.6155
33.121
32.2025
31.7805
31.0161
29.7321
28.1603
27.8927
26.6833
25.4951
24.1868
22.0907
21.0238
20
19
17.0294
16.1245
14.1421
13.1529
11.1803
1.41421
2.82843
5
7.07107
8.48528
9.89949
10.6301
12.8062
14.2127
15.8114
16.6433
18.3576
19.7231
21.0238
22.8473
23.7697
25.632
26.2488
27.8927
28.8617
29.6142
30.4138
32.249
33.0606
34.0147
35
35.0143
36.1248
37.2156
37.4833
37.6563
38.0789
38.3275
38.8973
39.5601
39.9249
40.7185
40.2492
40.3113
40.8167
40.4969
40.2244
40.6079
39.6989
39.6232
39.598
38.8973
38.2884
38.4187
37.2022
36.6197
35.5106
34.4819
34
33.1059
32.6956
31.9531
30.6757
29.1204
28.8617
27.6586
26.4764
25.1794
23.0868
22.0227
21
20
18.0278
17.1172
15.1327
14.1421
12.1655
1.41421
3.60555
5.65685
7.07107
8.48528
9.21954
11.4018
12.8062
14.4222
15.2643
17
18.3576
19.6977
21.5407
22.4722
24.3516
25
26.6833
27.6586
28.4429
29.2746
31.1448
32.0156
33
34.0147
34.0588
35.2278
36.3456
36.6742
36.8782
37.3631
37.6431
38.2753
39
39.3954
40.2492
39.8246
39.9625
40.4969
40.2244
40
40.4599
39.6232
39.598
39.6232
38.9487
38.4187
38.6005
37.4433
36.8917
35.8469
34.8855
34.4384
33.6155
33.2415
32.573
31.3209
29.8329
29.6142
28.4429
27.2947
26.0768
24.0208
23
22.0227
21.0238
19.105
18.2483
16.2788
15.2971
13.3417
2.23607
4.24264
5.65685
7.07107
7.81025
10
11.4018
13.0384
13.8924
15.6525
17
18.3848
20.2485
21.1896
23.0868
23.7697
25.4951
26.4764
27.2947
28.1603
30.0666
31
32.0156
33.0606
33.1361
34.3657
35.5106
35.9026
36.1386
36.6879
37
37.6962
38.4838
38.9102
39.8246
39.4462
39.6611
40.2244
40
39.8246
40.3609
39.598
39.6232
39.6989
39.0512
38.6005
38.833
37.7359
37.2156
36.2353
35.3412
34.9285
34.176
33.8378
33.2415
32.0156
30.5941
30.4138
29.2746
28.1603
27.0185
25
24.0208
23.0868
22.0907
20.2237
19.4165
17.4642
16.4924
14.5602
2.23607
3.60555
5
5.83095
8.06226
9.43398
11.1803
12.083
13.9284
15.2315
16.7631
18.6815
19.6469
21.587
22.3607
24.1868
25.1794
26.0768
27.0185
29
30.0666
31.1448
32.249
32.3883
33.7343
34.9285
35.4401
35.7351
36.4005
36.7696
37.5766
38.4708
38.9487
39.9625
39.6611
40
40.6079
40.4599
40.3609
41.0122
40.3609
40.4599
40.6079
40
39.6611
39.9625
38.9487
38.4708
37.5766
36.7696
36.4005
35.7351
35.4401
34.9285
33.7343
32.3883
32.249
31.1448
30.0666
29
27.0185
26.0768
25.1794
24.1868
22.3607
21.587
19.6469
18.6815
16.7631
1.41421
2.82843
3.60555
5.83095
7.2111
8.94427
9.84886
11.7047
13
14.5602
16.4924
17.4642
19.4165
20.2237
22.0907
23.0868
24.0208
25
27.0185
28.1603
29.2746
30.4138
30.5941
32.0156
33.2415
33.8378
34.176
34.9285
35.3412
36.2353
37.2156
37.7359
38.833
38.6005
39.0512
39.6989
39.6232
39.598
40.3609
39.8246
40
40.2244
39.6611
39.4462
39.8246
38.9102
38.4838
37.6962
37
36.6879
36.1386
35.9026
35.5106
34.3657
33.1361
33.0606
32.0156
31
30.0666
28.1603
27.2947
26.4764
25.4951
23.7697
23.0868
21.1896
20.2485
18.3848
1.41421
2.23607
4.47214
5.83095
7.61577
8.544
10.4403
11.7047
13.3417
15.2971
16.2788
18.2483
19.105
21.0238
22.0227
23
24.0208
26.0768
27.2947
28.4429
29.6142
29.8329
31.3209
32.573
33.2415
33.6155
34.4384
34.8855
35.8469
36.8917
37.4433
38.6005
38.4187
38.9487
39.6232
39.598
39.6232
40.4599
40
40.2244
40.4969
39.9625
39.8246
40.2492
39.3954
39
38.2753
37.6431
37.3631
36.8782
36.6742
36.3456
35.2278
34.0588
34.0147
33
32.0156
31.1448
29.2746
28.4429
27.6586
26.6833
25
24.3516
22.4722
21.5407
19.6977
1
3.16228
4.47214
6.32456
7.28011
9.21954
10.4403
12.1655
14.1421
15.1327
17.1172
18.0278
20
21
22.0227
23.0868
25.1794
26.4764
27.6586
28.8617
29.1204
30.6757
31.9531
32.6956
33.1059
34
34.4819
35.5106
36.6197
37.2022
38.4187
38.2884
38.8973
39.598
39.6232
39.6989
40.6079
40.2244
40.4969
40.8167
40.3113
40.2492
40.7185
39.9249
39.5601
38.8973
38.3275
38.0789
37.6563
37.4833
37.2156
36.1248
35.0143
35
34.0147
33.0606
32.249
30.4138
29.6142
28.8617
27.8927
26.2488
25.632
23.7697
22.8473
21.0238
2.23607
3.60555
5.38516
6.32456
8.24621
9.48683
11.1803
13.1529
14.1421
16.1245
17.0294
19
20
21.0238
22.0907
24.1868
25.4951
26.6833
27.8927
28.1603
29.7321
31.0161
31.7805
32.2025
33.121
33.6155
34.6699
35.805
36.4005
37.6431
37.5366
38.1838
38.8973
38.9487
39.0512
40
39.6611
39.9625
40.3113
39.8246
39.8121
40.3113
39.5601
39.2173
38.6005
38.0789
37.855
37.4833
37.3363
37.1214
36.0555
35
35.0143
34.0588
33.1361
32.3883
30.5941
29.8329
29.1204
28.1603
26.5707
26
24.1661
23.2594
21.4709
1.41421
3.16228
4.12311
6.08276
7.28011
9.05539
11.0454
12.0416
14.0357
15
17.0294
18.0278
19.105
20.2237
22.3607
23.7697
25
26.2488
26.5707
28.2312
29.5466
30.4138
30.8869
31.9061
32.45
33.6006
34.8281
35.4683
36.7967
36.7696
37.5366
38.2884
38.4187
38.6005
39.6611
39.4462
39.8246
40.2492
39.8121
39.9249
40.4969
39.8497
39.5601
39.0512
38.6394
38.4708
38.2099
38.1182
38.0132
37
36.0555
36.1248
35.2278
34.3657
33.7343
32.0156
31.3209
30.6757
29.7321
28.2312
27.7308
25.9422
25.0599
23.3238
2
3
5
6.08276
8
10
11
13
14.0357
16.1245
17.1172
18.2483
19.4165
21.587
23.0868
24.3516
25.632
26
27.7308
29.0689
30.0167
30.5287
31.6228
32.2025
33.4215
34.7131
35.3836
36.7696
36.7967
37.6431
38.4187
38.6005
38.833
39.9625
39.8246
40.2492
40.7185
40.3113
40.4969
41.1096
40.5216
40.2616
39.8121
39.4588
39.3192
39.1152
39.0512
39
38.0132
37.1214
37.2156
36.3456
35.5106
34.9285
33.2415
32.573
31.9531
31.0161
29.5466
29.0689
27.2947
26.4197
24.6982
1
3
4.12311
6
8
9
11
12.0416
14.1421
15.1327
16.2788
17.4642
19.6469
21.1896
22.4722
23.7697
24.1661
25.9422
27.2947
28.3019
28.8444
30
30.6105
31.8904
33.2415
33.9411
35.3836
35.4683
36.4005
37.2022
37.4433
37.7359
38.9487
38.9102
39.3954
39.9249
39.5601
39.8497
40.5216
40.025
39.8121
39.4588
39.2046
39.1152
39.0128
39
39.0512
38.1182
37.3363
37.4833
36.6742
35.9026
35.4401
33.8378
33.2415
32.6956
31.7805
30.4138
30.0167
28.3019
27.4591
25.807
2
3.16228
5
7
8
10
11.0454
13.1529
14.1421
15.2971
16.4924
18.6815
20.2485
21.5407
22.8473
23.2594
25.0599
26.4197
27.4591
28.0179
29.2062
29.8329
31.1448
32.5269
33.2415
34.7131
34.8281
35.805
36.6197
36.8917
37.2156
38.4708
38.4838
39
39.5601
39.2173
39.5601
40.2616
39.8121
39.6232
39.3192
39.1152
39.0512
39
39.0128
39.1152
38.2099
37.4833
37.6563
36.8782
36.1386
35.7351
34.176
33.6155
33.1059
32.2025
30.8869
30.5287
28.8444
28.0179
26.4008
1.41421
3
5
6
8
9.05539
11.1803
12.1655
13.3417
14.5602
16.7631
18.3848
19.6977
21.0238
21.4709
23.3238
24.6982
25.807
26.4008
27.6586
28.3196
29.6985
31.1448
31.8904
33.4215
33.6006
34.6699
35.5106
35.8469
36.2353
37.5766
37.6962
38.2753
38.8973
38.6005
39.0512
39.8121
39.4588
39.3192
39.1152
39.0128
39
39.0512
39.1152
39.3192
38.4708
37.855
38.0789
37.3631
36.6879
36.4005
34.9285
34.4384
34
33.121
31.9061
31.6228
30
29.2062
27.6586
2.23607
4.12311
5.09902
7.07107
8.24621
10.4403
11.4018
12.6491
13.9284
16.1555
17.8885
19.2354
20.5913
21.095
23.0217
24.4131
25.6125
26.2488
27.5862
28.2843
29.7321
31.241
32.0156
33.6006
33.8378
34.9857
35.8469
36.2353
36.6742
38.0789
38.2753
38.8973
39.5601
39.2938
39.8121
40.6079
40.3113
40.1995
40.05
40
40.0125
40.1123
40.1995
40.4475
39.6232
39.0512
39.2938
38.6005
37.9473
37.6962
36.2491
35.7771
35.3553
34.4819
33.2866
33.0151
31.4006
30.6105
29.0689
2
3
5
6.08276
8.24621
9.21954
10.4403
11.7047
13.9284
15.6525
17
18.3576
18.868
20.8087
22.2036
23.4307
24.0832
25.4558
26.1725
27.6586
29.2062
30
31.6228
31.9061
33.121
34
34.4384
34.9285
36.4005
36.6879
37.3631
38.0789
37.855
38.4708
39.3192
39.1152
39.0512
39
39.0512
39.1152
39.3192
39.4588
39.8121
39.0512
38.6005
38.8973
38.2753
37.6962
37.5766
36.2353
35.8469
35.5106
34.6699
33.6006
33.4215
31.8904
31.1448
29.6985
1
3
4.12311
6.32456
7.28011
8.544
9.84886
12.083
13.8924
15.2643
16.6433
17.2047
19.2094
20.6155
21.9317
22.6274
24.0832
24.8395
26.4008
28.0179
28.8444
30.5287
30.8869
32.2025
33.1059
33.6155
34.176
35.7351
36.1386
36.8782
37.6563
37.4833
38.2099
39.1152
39.0128
39
39.0512
39.2046
39.3192
39.6232
39.8121
40.2616
39.5601
39.2173
39.5601
39
38.4838
38.4708
37.2156
36.8917
36.6197
35.805
34.8281
34.7131
33.2415
32.5269
31.1448
2
3.16228
5.38516
6.32456
7.61577
8.94427
11.1803
13.0384
14.4222
15.8114
16.4012
18.4391
19.8494
21.2132
21.9317
23.4307
24.2074
25.807
27.4591
28.3019
30.0167
30.4138
31.7805
32.6956
33.2415
33.8378
35.4401
35.9026
36.6742
37.4833
37.3363
38.1182
39.0512
39
39.0128
39.1152
39.3192
39.4588
39.8121
40.025
40.5216
39.8497
39.5601
39.9249
39.3954
38.9102
38.9487
37.7359
37.4433
37.2022
36.4005
35.4683
35.3836
33.9411
33.2415
31.8904
1.41421
3.60555
4.47214
5.83095
7.2111
9.43398
11.4018
12.8062
14.2127
14.8661
16.9706
18.3848
19.8494
20.6155
22.2036
23.0217
24.6982
26.4197
27.2947
29.0689
29.5466
31.0161
31.9531
32.573
33.2415
34.9285
35.5106
36.3456
37.2156
37.1214
38.0132
39
39.0512
39.1152
39.3192
39.6232
39.8121
40.2616
40.5216
41.1096
40.4969
40.3113
40.7185
40.2492
39.8246
39.9625
38.833
38.6005
38.4187
37.6431
36.7967
36.7696
35.3836
34.7131
33.4215
2.23607
3.16228
4.47214
5.83095
8.06226
10
11.4018
12.8062
13.4536
15.5563
16.9706
18.4391
19.2094
20.8087
21.6333
23.3238
25.0599
25.9422
27.7308
28.2312
29.7321
30.6757
31.3209
32.0156
33.7343
34.3657
35.2278
36.1248
36.0555
37
38.0132
38.1182
38.2099
38.4708
38.833
39.0512
39.5601
39.8497
40.4969
39.9249
39.8121
40.2492
39.8246
39.4462
39.6611
38.6005
38.4187
38.2884
37.5366
36.7696
36.7967
35.4683
34.8281
33.6006
1
2.23607
3.60555
5.83095
7.81025
9.21954
10.6301
11.3137
13.4536
14.8661
16.4012
17.2047
18.868
19.7231
21.4709
23.2594
24.1661
26
26.5707
28.1603
29.1204
29.8329
30.5941
32.3883
33.1361
34.0588
35.0143
35
36.0555
37.1214
37.3363
37.4833
37.855
38.3275
38.6005
39.2173
39.5601
40.3113
39.8121
39.8246
40.3113
39.9625
39.6611
40
39.0512
38.9487
38.8973
38.1838
37.5366
37.6431
36.4005
35.805
34.6699
1.41421
2.82843
5
7.07107
8.48528
9.89949
10.6301
12.8062
14.2127
15.8114
16.6433
18.3576
19.2354
21.0238
22.8473
23.7697
25.632
26.2488
27.8927
28.8617
29.6142
30.4138
32.249
33.0606
34.0147
35
35.0143
36.1248
37.2156
37.4833
37.6563
38.0789
38.6005
38.8973
39.5601
39.9249
40.7185
40.2492
40.3113
40.8167
40.4969
40.2244
40.6079
39.6989
39.6232
39.598
38.8973
38.2884
38.4187
37.2022
36.6197
35.5106
1.41421
3.60555
5.65685
7.07107
8.48528
9.21954
11.4018
12.8062
14.4222
15.2643
17
17.8885
19.6977
21.5407
22.4722
24.3516
25
26.6833
27.6586
28.4429
29.2746
31.1448
32.0156
33
34.0147
34.0588
35.2278
36.3456
36.6742
36.8782
37.3631
37.9473
38.2753
39
39.3954
40.2492
39.8246
39.9625
40.4969
40.2244
40
40.4599
39.6232
39.598
39.6232
38.9487
38.4187
38.6005
37.4433
36.8917
35.8469
2.23607
4.24264
5.65685
7.07107
7.81025
10
11.4018
13.0384
13.8924
15.6525
16.5529
18.3848
20.2485
21.1896
23.0868
23.7697
25.4951
26.4764
27.2947
28.1603
30.0666
31
32.0156
33.0606
33.1361
34.3657
35.5106
35.9026
36.1386
36.6879
37.3363
37.6962
38.4838
38.9102
39.8246
39.4462
39.6611
40.2244
40
39.8246
40.3609
39.598
39.6232
39.6989
39.0512
38.6005
38.833
37.7359
37.2156
36.2353
2.23607
3.60555
5
5.83095
8.06226
9.43398
11.1803
12.083
13.9284
14.8661
16.7631
18.6815
19.6469
21.587
22.3607
24.1868
25.1794
26.0768
27.0185
29
30.0666
31.1448
32.249
32.3883
33.7343
34.9285
35.4401
35.7351
36.4005
37.1618
37.5766
38.4708
38.9487
39.9625
39.6611
40
40.6079
40.4599
40.3609
41.0122
40.3609
40.4599
40.6079
40
39.6611
39.9625
38.9487
38.4708
37.5766
1.41421
2.82843
3.60555
5.83095
7.2111
8.94427
9.84886
11.7047
12.6491
14.5602
16.4924
17.4642
19.4165
20.2237
22.0907
23.0868
24.0208
25
27.0185
28.1603
29.2746
30.4138
30.5941
32.0156
33.2415
33.8378
34.176
34.9285
35.7771
36.2353
37.2156
37.7359
38.833
38.6005
39.0512
39.6989
39.6232
39.598
40.3609
39.8246
40
40.2244
39.6611
39.4462
39.8246
38.9102
38.4838
37.6962
1.41421
2.23607
4.47214
5.83095
7.61577
8.544
10.4403
11.4018
13.3417
15.2971
16.2788
18.2483
19.105
21.0238
22.0227
23
24.0208
26.0768
27.2947
28.4429
29.6142
29.8329
31.3209
32.573
33.2415
33.6155
34.4384
35.3553
35.8469
36.8917
37.4433
38.6005
38.4187
38.9487
39.6232
39.598
39.6232
40.4599
40
40.2244
40.4969
39.9625
39.8246
40.2492
39.3954
39
38.2753
1
3.16228
4.47214
6.32456
7.28011
9.21954
10.198
12.1655
14.1421
15.1327
17.1172
18.0278
20
21
22.0227
23.0868
25.1794
26.4764
27.6586
28.8617
29.1204
30.6757
31.9531
32.6956
33.1059
34
34.9857
35.5106
36.6197
37.2022
38.4187
38.2884
38.8973
39.598
39.6232
39.6989
40.6079
40.2244
40.4969
40.8167
40.3113
40.2492
40.7185
39.9249
39.5601
38.8973
2.23607
3.60555
5.38516
6.32456
8.24621
9.21954
11.1803
13.1529
14.1421
16.1245
17.0294
19
20
21.0238
22.0907
24.1868
25.4951
26.6833
27.8927
28.1603
29.7321
31.0161
31.7805
32.2025
33.121
34.1321
34.6699
35.805
36.4005
37.6431
37.5366
38.1838
38.8973
38.9487
39.0512
40
39.6611
39.9625
40.3113
39.8246
39.8121
40.3113
39.5601
39.2173
38.6005
1.41421
3.16228
4.12311
6.08276
7.07107
9.05539
11.0454
12.0416
14.0357
15
17.0294
18.0278
19.105
20.2237
22.3607
23.7697
25
26.2488
26.5707
28.2312
29.5466
30.4138
30.8869
31.9061
33.0151
33.6006
34.8281
35.4683
36.7967
36.7696
37.5366
38.2884
38.4187
38.6005
39.6611
39.4462
39.8246
40.2492
39.8121
39.9249
40.4969
39.8497
39.5601
39.0512
2
3
5
6
8
10
11
13
14.0357
16.1245
17.1172
18.2483
19.4165
21.587
23.0868
24.3516
25.632
26
27.7308
29.0689
30.0167
30.5287
31.6228
32.8024
33.4215
34.7131
35.3836
36.7696
36.7967
37.6431
38.4187
38.6005
38.833
39.9625
39.8246
40.2492
40.7185
40.3113
40.4969
41.1096
40.5216
40.2616
39.8121
1
3
4
6
8
9
11
12.0416
14.1421
15.1327
16.2788
17.4642
19.6469
21.1896
22.4722
23.7697
24.1661
25.9422
27.2947
28.3019
28.8444
30
31.241
31.8904
33.2415
33.9411
35.3836
35.4683
36.4005
37.2022
37.4433
37.7359
38.9487
38.9102
39.3954
39.9249
39.5601
39.8497
40.5216
40.025
39.8121
39.4588
2
3
5
7
8
10
11.0454
13.1529
14.1421
15.2971
16.4924
18.6815
20.2485
21.5407
22.8473
23.2594
25.0599
26.4197
27.4591
28.0179
29.2062
30.4795
31.1448
32.5269
33.2415
34.7131
34.8281
35.805
36.6197
36.8917
37.2156
38.4708
38.4838
39
39.5601
39.2173
39.5601
40.2616
39.8121
39.6232
39.3192
1
3
5
6
8
9.05539
11.1803
12.1655
13.3417
14.5602
16.7631
18.3848
19.6977
21.0238
21.4709
23.3238
24.6982
25.807
26.4008
27.6586
29
29.6985
31.1448
31.8904
33.4215
33.6006
34.6699
35.5106
35.8469
36.2353
37.5766
37.6962
38.2753
38.8973
38.6005
39.0512
39.8121
39.4588
39.3192
39.1152
2
4
5
7
8.06226
10.198
11.1803
12.3693
13.6015
15.8114
17.4642
18.7883
20.1246
20.5913
22.4722
23.8537
25
25.6125
26.9072
28.2843
29
30.4795
31.241
32.8024
33.0151
34.1321
34.9857
35.3553
35.7771
37.1618
37.3363
37.9473
38.6005
38.3275
38.833
39.6232
39.3192
39.2046
39.0512
2
3
5
6.08276
8.24621
9.21954
10.4403
11.7047
13.9284
15.6525
17
18.3576
18.868
20.8087
22.2036
23.4307
24.0832
25.4558
26.9072
27.6586
29.2062
30
31.6228
31.9061
33.121
34
34.4384
34.9285
36.4005
36.6879
37.3631
38.0789
37.855
38.4708
39.3192
39.1152
39.0512
39
1
3
4.12311
6.32456
7.28011
8.544
9.84886
12.083
13.8924
15.2643
16.6433
17.2047
19.2094
20.6155
21.9317
22.6274
24.0832
25.6125
26.4008
28.0179
28.8444
30.5287
30.8869
32.2025
33.1059
33.6155
34.176
35.7351
36.1386
36.8782
37.6563
37.4833
38.2099
39.1152
39.0128
39
39.0512
2
3.16228
5.38516
6.32456
7.61577
8.94427
11.1803
13.0384
14.4222
15.8114
16.4012
18.4391
19.8494
21.2132
21.9317
23.4307
25
25.807
27.4591
28.3019
30.0167
30.4138
31.7805
32.6956
33.2415
33.8378
35.4401
35.9026
36.6742
37.4833
37.3363
38.1182
39.0512
39
39.0128
39.1152
1.41421
3.60555
4.47214
5.83095
7.2111
9.43398
11.4018
12.8062
14.2127
14.8661
16.9706
18.3848
19.8494
20.6155
22.2036
23.8537
24.6982
26.4197
27.2947
29.0689
29.5466
31.0161
31.9531
32.573
33.2415
34.9285
35.5106
36.3456
37.2156
37.1214
38.0132
39
39.0512
39.1152
39.3192
2.23607
3.16228
4.47214
5.83095
8.06226
10
11.4018
12.8062
13.4536
15.5563
16.9706
18.4391
19.2094
20.8087
22.4722
23.3238
25.0599
25.9422
27.7308
28.2312
29.7321
30.6757
31.3209
32.0156
33.7343
34.3657
35.2278
36.1248
36.0555
37
38.0132
38.1182
38.2099
38.4708
1
2.23607
3.60555
5.83095
7.81025
9.21954
10.6301
11.3137
13.4536
14.8661
16.4012
17.2047
18.868
20.5913
21.4709
23.2594
24.1661
26
26.5707
28.1603
29.1204
29.8329
30.5941
32.3883
33.1361
34.0588
35.0143
35
36.0555
37.1214
37.3363
37.4833
37.855
1.41421
2.82843
5
7.07107
8.48528
9.89949
10.6301
12.8062
14.2127
15.8114
16.6433
18.3576
20.1246
21.0238
22.8473
23.7697
25.632
26.2488
27.8927
28.8617
29.6142
30.4138
32.249
33.0606
34.0147
35
35.0143
36.1248
37.2156
37.4833
37.6563
38.0789
1.41421
3.60555
5.65685
7.07107
8.48528
9.21954
11.4018
12.8062
14.4222
15.2643
17
18.7883
19.6977
21.5407
22.4722
24.3516
25
26.6833
27.6586
28.4429
29.2746
31.1448
32.0156
33
34.0147
34.0588
35.2278
36.3456
36.6742
36.8782
37.3631
2.23607
4.24264
5.65685
7.07107
7.81025
10
11.4018
13.0384
13.8924
15.6525
17.4642
18.3848
20.2485
21.1896
23.0868
23.7697
25.4951
26.4764
27.2947
28.1603
30.0666
31
32.0156
33.0606
33.1361
34.3657
35.5106
35.9026
36.1386
36.6879
2.23607
3.60555
5
5.83095
8.06226
9.43398
11.1803
12.083
13.9284
15.8114
16.7631
18.6815
19.6469
21.587
22.3607
24.1868
25.1794
26.0768
27.0185
29
30.0666
31.1448
32.249
32.3883
33.7343
34.9285
35.4401
35.7351
36.4005
1.41421
2.82843
3.60555
5.83095
7.2111
8.94427
9.84886
11.7047
13.6015
14.5602
16.4924
17.4642
19.4165
20.2237
22.0907
23.0868
24.0208
25
27.0185
28.1603
29.2746
30.4138
30.5941
32.0156
33.2415
33.8378
34.176
34.9285
1.41421
2.23607
4.47214
5.83095
7.61577
8.544
10.4403
12.3693
13.3417
15.2971
16.2788
18.2483
19.105
21.0238
22.0227
23
24.0208
26.0768
27.2947
28.4429
29.6142
29.8329
31.3209
32.573
33.2415
33.6155
34.4384
1
3.16228
4.47214
6.32456
7.28011
9.21954
11.1803
12.1655
14.1421
15.1327
17.1172
18.0278
20
21
22.0227
23.0868
25.1794
26.4764
27.6586
28.8617
29.1204
30.6757
31.9531
32.6956
33.1059
34
2.23607
3.60555
5.38516
6.32456
8.24621
10.198
11.1803
13.1529
14.1421
16.1245
17.0294
19
20
21.0238
22.0907
24.1868
25.4951
26.6833
27.8927
28.1603
29.7321
31.0161
31.7805
32.2025
33.121
1.41421
3.16228
4.12311
6.08276
8.06226
9.05539
11.0454
12.0416
14.0357
15
17.0294
18.0278
19.105
20.2237
22.3607
23.7697
25
26.2488
26.5707
28.2312
29.5466
30.4138
30.8869
31.9061
2
3
5
7
8
10
11
13
14.0357
16.1245
17.1172
18.2483
19.4165
21.587
23.0868
24.3516
25.632
26
27.7308
29.0689
30.0167
30.5287
31.6228
1
3
5
6
8
9
11
12.0416
14.1421
15.1327
16.2788
17.4642
19.6469
21.1896
22.4722
23.7697
24.1661
25.9422
27.2947
28.3019
28.8444
30
2
4
5
7
8
10
11.0454
13.1529
14.1421
15.2971
16.4924
18.6815
20.2485
21.5407
22.8473
23.2594
25.0599
26.4197
27.4591
28.0179
29.2062
2
3
5
6
8
9.05539
11.1803
12.1655
13.3417
14.5602
16.7631
18.3848
19.6977
21.0238
21.4709
23.3238
24.6982
25.807
26.4008
27.6586
1
3
4
6
7.07107
9.21954
10.198
11.4018
12.6491
14.8661
16.5529
17.8885
19.2354
19.7231
21.6333
23.0217
24.2074
24.8395
26.1725
2
3
5
6.08276
8.24621
9.21954
10.4403
11.7047
13.9284
15.6525
17
18.3576
18.868
20.8087
22.2036
23.4307
24.0832
25.4558
1
3
4.12311
6.32456
7.28011
8.544
9.84886
12.083
13.8924
15.2643
16.6433
17.2047
19.2094
20.6155
21.9317
22.6274
24.0832
2
3.16228
5.38516
6.32456
7.61577
8.94427
11.1803
13.0384
14.4222
15.8114
16.4012
18.4391
19.8494
21.2132
21.9317
23.4307
1.41421
3.60555
4.47214
5.83095
7.2111
9.43398
11.4018
12.8062
14.2127
14.8661
16.9706
18.3848
19.8494
20.6155
22.2036
2.23607
3.16228
4.47214
5.83095
8.06226
10
11.4018
12.8062
13.4536
15.5563
16.9706
18.4391
19.2094
20.8087
1
2.23607
3.60555
5.83095
7.81025
9.21954
10.6301
11.3137
13.4536
14.8661
16.4012
17.2047
18.868
1.41421
2.82843
5
7.07107
8.48528
9.89949
10.6301
12.8062
14.2127
15.8114
16.6433
18.3576
1.41421
3.60555
5.65685
7.07107
8.48528
9.21954
11.4018
12.8062
14.4222
15.2643
17
2.23607
4.24264
5.65685
7.07107
7.81025
10
11.4018
13.0384
13.8924
15.6525
2.23607
3.60555
5
5.83095
8.06226
9.43398
11.1803
12.083
13.9284
1.41421
2.82843
3.60555
5.83095
7.2111
8.94427
9.84886
11.7047
1.41421
2.23607
4.47214
5.83095
7.61577
8.544
10.4403
1
3.16228
4.47214
6.32456
7.28011
9.21954
2.23607
3.60555
5.38516
6.32456
8.24621
1.41421
3.16228
4.12311
6.08276
2
3
5
1
3
2
