80
50.04
100.319
150.083
200.569
249.852
299.301
348.21
396.558
443.59
490.846
537.792
582.74
627.262
671.107
713.623
754.477
795.252
834.098
871.816
907.925
942.584
975.971
1007.5
1038.12
1066.97
1094.38
1119.7
1143.56
1165.12
1185
1204.14
1220.68
1235.29
1248.39
1259.07
1267.56
1274.74
1279.91
1282.97
1284
1283.01
1279.99
1274.86
1267.72
1259.26
1248.62
1235.29
1220.68
1204.14
1185
1165.12
1143.56
1119.7
1094.38
1066.97
1038.12
1007.5
975.971
942.584
907.925
871.816
834.098
795.252
754.477
713.623
671.107
627.262
582.74
537.792
490.846
443.59
396.558
348.21
300.273
250.833
201.556
151.076
101.316
51.0392
50.3587
100.285
151.01
200.584
250.41
299.79
348.669
396.308
444.272
491.955
537.708
583.124
627.921
671.472
713.417
755.352
795.397
834.386
871.816
907.855
942.686
975.703
1007.89
1038.3
1067.35
1094.36
1119.93
1143.23
1164.93
1185.89
1204.25
1220.74
1235.73
1248.32
1258.73
1267.87
1274.98
1280
1282.97
1283.98
1282.92
1279.72
1274.56
1268.03
1259.33
1247.88
1235.16
1220.47
1203.19
1185.15
1165.35
1143.26
1119.66
1093.93
1066.7
1037.69
1007.7
975.807
942.584
907.855
871.468
833.881
794.332
754.635
713.222
670.398
626.841
582.769
536.636
490.163
443.813
396.073
348.695
299.708
250.801
200.639
151.119
101
50.01
100.896
150.685
200.811
250.587
299.923
348.098
396.699
445.048
491.538
537.782
583.466
627.989
670.966
714.004
755.19
795.397
834.098
871.468
907.696
942.16
975.871
1007.81
1038.46
1067.13
1094.39
1119.39
1142.88
1165.65
1185.81
1204.15
1221.03
1235.54
1247.85
1258.95
1268
1274.98
1279.91
1282.92
1283.83
1282.6
1279.43
1274.85
1268.11
1258.57
1247.77
1234.97
1219.58
1203.43
1185.45
1165.15
1143.33
1119.33
1093.77
1066.43
1038.03
1007.7
975.971
942.686
907.696
871.436
833.184
794.714
754.475
712.748
670.231
627.111
581.868
536.257
490.667
443.615
396.873
348.421
299.962
250.2
201
151.119
50.9608
100.881
151.222
201.308
251.016
299.641
348.794
397.725
444.87
491.859
538.347
583.761
627.692
671.751
714.004
755.352
795.252
833.881
871.436
907.278
942.446
975.857
1008.04
1038.31
1067.19
1093.86
1119.08
1143.61
1165.52
1185.68
1204.4
1220.78
1234.97
1248
1258.95
1267.87
1274.74
1279.72
1282.6
1283.32
1282.13
1279.5
1274.71
1267.08
1258.22
1247.3
1233.83
1219.58
1203.42
1184.95
1164.93
1142.68
1118.82
1093.19
1066.43
1037.69
1007.5
975.703
942.16
907.278
870.378
833.19
794.185
753.616
712.203
670.099
625.815
581.138
536.378
490.087
444.055
396.215
348.281
299
250.2
200.639
49.98
100.464
150.791
200.803
249.816
299.456
348.907
396.648
444.326
491.566
537.82
582.656
627.692
670.966
713.417
754.477
794.332
833.184
870.378
906.977
941.833
975.539
1007.39
1037.89
1066.2
1093.16
1119.43
1143.1
1165.08
1185.65
1203.92
1220
1234.97
1247.85
1258.73
1267.56
1274.56
1279.43
1282.13
1282.97
1282.32
1279.54
1273.87
1266.99
1258.01
1246.5
1234.21
1219.94
1203.35
1185.2
1164.78
1142.68
1118.82
1093.77
1066.7
1038.12
1007.89
975.871
942.446
906.977
871.152
833.463
794.135
753.908
712.904
669.664
626.003
582.156
536.71
491.471
444.325
397
348.281
299.962
250.801
50.5668
101.074
151.327
200.664
250.727
300.629
348.901
397.2
445.121
492.146
537.82
583.761
627.989
671.472
713.623
754.635
794.714
833.19
871.152
907.385
942.542
975.904
1007.96
1037.85
1066.48
1094.44
1119.81
1143.55
1165.91
1186
1203.92
1220.78
1235.54
1248.32
1259.07
1268.03
1274.85
1279.5
1282.32
1283.62
1282.81
1279.06
1274.14
1267.08
1257.51
1247.14
1234.75
1220.02
1203.72
1185.11
1164.78
1142.68
1119.33
1093.93
1066.97
1038.3
1007.81
975.857
941.833
907.385
871.03
832.963
793.947
754.068
711.902
669.288
626.386
581.821
537.41
491
444.325
396.215
348.421
299.708
50.6063
101.02
150.602
201.01
251.287
300.015
348.862
397.394
445.121
491.566
538.347
583.466
627.921
671.107
713.222
754.475
794.185
833.463
871.03
907.596
942.436
976.005
1007.45
1037.72
1067.34
1094.38
1119.86
1144
1165.91
1185.65
1204.4
1221.03
1235.73
1248.39
1259.33
1268.11
1274.71
1279.54
1282.81
1283.99
1282.2
1279.26
1274.15
1266.55
1258.17
1247.68
1234.87
1220.47
1203.72
1185.2
1164.93
1143.33
1119.66
1094.38
1067.35
1038.46
1008.04
975.539
942.542
907.596
870.869
833.142
794.466
753.457
711.973
670.099
626.499
583
537.41
491.471
444.055
396.873
348.695
50.4777
100.21
150.864
201.42
250.511
299.813
348.862
397.2
444.326
491.859
537.782
583.124
627.262
670.398
712.748
753.616
794.135
832.963
870.869
907.121
942.142
975.078
1006.94
1038.16
1066.83
1094
1119.86
1143.55
1165.08
1185.68
1204.15
1220.74
1235.29
1248.18
1258.91
1267.46
1274.29
1279.52
1282.69
1282.86
1281.91
1278.76
1273.16
1266.77
1258.21
1247.34
1234.87
1220.02
1203.35
1184.95
1165.15
1143.26
1119.7
1094.36
1067.13
1038.31
1007.39
975.904
942.436
907.121
870.756
833.361
793.587
753.314
712.55
670
627.498
582.818
537.703
491.074
444.595
397.045
49.8197
100.658
151.427
200.818
250.511
300.015
348.901
396.648
444.87
491.538
537.708
582.74
626.841
670.231
712.203
753.908
793.947
833.142
870.756
907.182
941.566
974.967
1007.75
1038
1066.83
1094.38
1119.81
1143.1
1165.52
1185.81
1204.25
1220.68
1235.5
1248.16
1258.64
1267.45
1274.63
1279.78
1281.91
1282.95
1281.76
1278.16
1273.75
1267.14
1258.21
1247.68
1234.75
1219.94
1203.42
1185.45
1165.35
1143.56
1119.93
1094.39
1067.19
1037.89
1007.96
976.005
942.142
907.182
871.111
832.62
793.606
754
712.55
671.096
627.379
583.144
537.358
491.639
444.775
50.9313
101.823
151.427
201.42
251.287
300.629
348.907
397.725
445.048
491.955
537.792
582.769
627.111
670.099
712.904
754.068
794.466
833.361
871.111
906.863
941.727
976
1007.75
1038.16
1067.34
1094.44
1119.43
1143.61
1165.65
1185.89
1204.14
1220.85
1235.38
1247.76
1258.5
1267.6
1274.7
1278.76
1281.76
1282.5
1280.88
1278.45
1273.75
1266.77
1258.17
1247.14
1234.21
1219.58
1203.43
1185.15
1165.12
1143.23
1119.39
1093.86
1066.2
1037.85
1007.45
975.078
941.566
906.863
869.705
832
793.606
753.314
712.966
670.275
626.984
582.11
537.22
491.114
50.9313
100.658
150.864
201.01
250.727
299.456
348.794
396.699
444.272
490.846
536.636
581.868
625.815
669.664
711.902
753.457
793.587
832.62
869.705
906
941.727
974.967
1006.94
1037.72
1066.48
1093.16
1119.08
1142.88
1164.93
1185
1203.61
1220.03
1234.32
1247.03
1258.06
1267.14
1273.16
1278.16
1280.88
1281.28
1280.88
1278.16
1273.16
1266.55
1257.51
1246.5
1233.83
1219.58
1203.19
1185
1164.93
1142.88
1119.08
1093.16
1066.48
1037.72
1006.94
974.967
941.727
906
869.705
832.62
793.587
754.444
712.882
670.636
626.777
582.818
537.573
49.8197
100.21
150.602
200.664
249.816
299.641
348.098
396.308
443.59
490.163
536.257
581.138
626.003
669.288
711.973
753.314
793.606
832
869.705
906.863
941.566
975.078
1007.45
1037.85
1066.2
1093.86
1119.39
1143.23
1165.12
1185.6
1203.92
1220.1
1234.77
1247.73
1258.79
1266.77
1273.75
1278.45
1280.88
1282.5
1281.76
1278.76
1274.15
1267.08
1258.01
1247.3
1234.97
1220.47
1204.14
1185.89
1165.65
1143.61
1119.43
1094.44
1067.34
1038.16
1007.75
976
941.727
906.863
871.111
833.361
795.447
755.04
713.866
671.05
628.049
583.693
50.4777
101.02
151.327
200.803
251.016
299.923
348.669
396.558
443.813
490.667
536.378
582.156
626.386
670.099
712.55
754
793.606
832.62
871.111
907.182
942.142
976.005
1007.96
1037.89
1067.19
1094.39
1119.93
1143.56
1165.84
1185.97
1203.98
1220.53
1235.36
1248.33
1258.21
1267.14
1273.75
1278.16
1281.76
1282.95
1281.91
1279.26
1274.14
1266.99
1258.22
1247.77
1235.16
1220.68
1204.25
1185.81
1165.52
1143.1
1119.81
1094.38
1066.83
1038
1007.75
974.967
941.566
907.182
870.756
834.114
794.909
754.86
713.141
671.155
627.749
50.6063
101.074
150.791
201.308
250.587
299.79
348.21
396.073
443.615
490.087
536.71
581.821
626.499
670
712.55
753.314
793.587
833.361
870.756
907.121
942.436
975.904
1007.39
1038.31
1067.13
1094.36
1119.7
1143.78
1165.7
1185.53
1203.97
1220.67
1235.54
1247.34
1258.21
1266.77
1273.16
1278.76
1281.91
1282.86
1282.2
1279.06
1273.87
1267.08
1258.57
1247.88
1235.29
1220.74
1204.15
1185.68
1165.08
1143.55
1119.86
1094
1066.83
1038.16
1006.94
975.078
942.142
907.121
871.831
833.914
795.073
754.54
713.656
671.289
50.5668
100.464
151.222
200.811
250.41
299.301
347.714
395.885
443.062
490.474
536.411
582
626.499
670.099
711.973
753.457
794.466
833.142
870.869
907.596
942.542
975.539
1008.04
1038.46
1067.35
1094.38
1120.22
1143.92
1165.55
1185.85
1204.4
1221.17
1234.87
1247.68
1258.17
1266.55
1274.15
1279.26
1282.2
1283.53
1282.39
1279.16
1274.37
1267.8
1259.06
1248.39
1235.73
1221.03
1204.4
1185.65
1165.91
1144
1119.86
1094.38
1067.34
1037.72
1007.45
976.005
942.436
908.547
871.968
834.387
795.093
755.366
714.094
49.98
100.881
150.685
200.584
249.852
298.721
347.428
395.218
443.326
490
536.411
581.821
626.386
669.288
711.902
754.068
793.947
832.963
871.03
907.385
941.833
975.857
1007.81
1038.3
1066.97
1094.51
1119.95
1143.33
1165.46
1185.82
1204.46
1220.02
1234.75
1247.14
1257.51
1267.08
1274.14
1279.06
1282.39
1283.24
1281.97
1279.19
1274.58
1267.8
1259.07
1248.32
1235.54
1220.78
1203.92
1186
1165.91
1143.55
1119.81
1094.44
1066.48
1037.85
1007.96
975.904
943.48
908.309
872.06
834.08
795.586
755.487
50.9608
100.896
151.01
200.569
249.808
298.965
347.282
396
443.326
490.474
536.71
582.156
626.003
669.664
712.904
753.908
794.135
833.463
871.152
906.977
942.446
975.871
1007.89
1038.12
1067.32
1094.42
1119.5
1143.39
1165.51
1185.96
1203.35
1219.94
1234.21
1246.5
1258.01
1266.99
1273.87
1279.16
1281.97
1282.66
1281.86
1279.2
1274.36
1267.56
1258.73
1247.85
1234.97
1220
1203.92
1185.65
1165.08
1143.1
1119.43
1093.16
1066.2
1037.89
1007.39
976.463
942.741
907.868
871.25
834.037
795.164
50.01
100.285
150.083
199.642
249.201
298
347.282
395.218
443.062
490.087
536.378
581.138
625.815
670.099
712.203
753.616
794.185
833.19
870.378
907.278
942.16
975.703
1007.5
1038.34
1067.11
1093.89
1119.56
1143.44
1165.72
1184.95
1203.42
1219.58
1233.83
1247.3
1258.22
1267.08
1274.37
1279.19
1281.86
1283.09
1282.41
1279.57
1274.74
1267.87
1258.95
1248
1234.97
1220.78
1204.4
1185.68
1165.52
1143.61
1119.08
1093.86
1067.19
1038.31
1008.95
976.748
943.319
908.13
872.267
834.689
50.3587
100.319
150.12
200
249.201
298.965
347.428
395.885
443.615
490.667
536.257
581.868
627.111
670.231
712.748
754.475
794.714
833.184
871.436
907.696
942.686
975.971
1008.38
1038.74
1067.16
1094.53
1120.11
1144.14
1165.15
1185.45
1203.43
1219.58
1234.97
1247.77
1258.57
1267.8
1274.58
1279.2
1282.41
1283.68
1282.8
1279.91
1274.98
1268
1258.95
1247.85
1235.54
1221.03
1204.15
1185.81
1165.65
1142.88
1119.39
1094.39
1067.13
1039.36
1008.69
976.724
942.991
908.505
872.253
50.04
100
150.12
199.642
249.808
298.721
347.714
396.073
443.813
490.163
536.636
582.769
626.841
670.398
713.222
754.635
794.332
833.881
871.468
907.855
942.584
976.515
1008.43
1038.45
1067.48
1094.74
1120.49
1143.26
1165.35
1185.15
1203.19
1220.47
1235.16
1247.88
1259.06
1267.8
1274.36
1279.57
1282.8
1283.9
1282.97
1280
1274.98
1267.87
1258.73
1248.32
1235.73
1220.74
1204.25
1185.89
1164.93
1143.23
1119.93
1094.36
1068.23
1039.16
1008.72
976.512
943.471
908.615
50.04
100.319
150.083
200.569
249.852
299.301
348.21
396.558
443.59
490.846
537.792
582.74
627.262
671.107
713.623
754.477
795.252
834.098
871.816
907.925
943.318
976.732
1008.29
1038.93
1067.8
1095.24
1119.7
1143.56
1165.12
1185
1204.14
1220.68
1235.29
1248.39
1259.07
1267.56
1274.74
1279.91
1282.97
1284
1282.97
1279.91
1274.74
1267.56
1259.07
1248.39
1235.29
1220.68
1204.14
1185
1165.12
1143.56
1119.7
1095.24
1067.8
1038.93
1008.29
976.732
943.318
50.3587
100.285
151.01
200.584
250.41
299.79
348.669
396.308
444.272
491.955
537.708
583.124
627.921
671.472
713.417
755.352
795.397
834.386
871.816
908.615
943.471
976.512
1008.72
1039.16
1068.23
1094.36
1119.93
1143.23
1164.93
1185.89
1204.25
1220.74
1235.73
1248.32
1258.73
1267.87
1274.98
1280
1282.97
1283.9
1282.8
1279.57
1274.36
1267.8
1259.06
1247.88
1235.16
1220.47
1203.19
1185.15
1165.35
1143.26
1120.49
1094.74
1067.48
1038.45
1008.43
976.515
50.01
100.896
150.685
200.811
250.587
299.923
348.098
396.699
445.048
491.538
537.782
583.466
627.989
670.966
714.004
755.19
795.397
834.098
872.253
908.505
942.991
976.724
1008.69
1039.36
1067.13
1094.39
1119.39
1142.88
1165.65
1185.81
1204.15
1221.03
1235.54
1247.85
1258.95
1268
1274.98
1279.91
1282.8
1283.68
1282.41
1279.2
1274.58
1267.8
1258.57
1247.77
1234.97
1219.58
1203.43
1185.45
1165.15
1144.14
1120.11
1094.53
1067.16
1038.74
1008.38
50.9608
100.881
151.222
201.308
251.016
299.641
348.794
397.725
444.87
491.859
538.347
583.761
627.692
671.751
714.004
755.352
795.252
834.689
872.267
908.13
943.319
976.748
1008.95
1038.31
1067.19
1093.86
1119.08
1143.61
1165.52
1185.68
1204.4
1220.78
1234.97
1248
1258.95
1267.87
1274.74
1279.57
1282.41
1283.09
1281.86
1279.19
1274.37
1267.08
1258.22
1247.3
1233.83
1219.58
1203.42
1184.95
1165.72
1143.44
1119.56
1093.89
1067.11
1038.34
49.98
100.464
150.791
200.803
249.816
299.456
348.907
396.648
444.326
491.566
537.82
582.656
627.692
670.966
713.417
754.477
795.164
834.037
871.25
907.868
942.741
976.463
1007.39
1037.89
1066.2
1093.16
1119.43
1143.1
1165.08
1185.65
1203.92
1220
1234.97
1247.85
1258.73
1267.56
1274.36
1279.2
1281.86
1282.66
1281.97
1279.16
1273.87
1266.99
1258.01
1246.5
1234.21
1219.94
1203.35
1185.96
1165.51
1143.39
1119.5
1094.42
1067.32
50.5668
101.074
151.327
200.664
250.727
300.629
348.901
397.2
445.121
492.146
537.82
583.761
627.989
671.472
713.623
755.487
795.586
834.08
872.06
908.309
943.48
975.904
1007.96
1037.85
1066.48
1094.44
1119.81
1143.55
1165.91
1186
1203.92
1220.78
1235.54
1248.32
1259.07
1267.8
1274.58
1279.19
1281.97
1283.24
1282.39
1279.06
1274.14
1267.08
1257.51
1247.14
1234.75
1220.02
1204.46
1185.82
1165.46
1143.33
1119.95
1094.51
50.6063
101.02
150.602
201.01
251.287
300.015
348.862
397.394
445.121
491.566
538.347
583.466
627.921
671.107
714.094
755.366
795.093
834.387
871.968
908.547
942.436
976.005
1007.45
1037.72
1067.34
1094.38
1119.86
1144
1165.91
1185.65
1204.4
1221.03
1235.73
1248.39
1259.06
1267.8
1274.37
1279.16
1282.39
1283.53
1282.2
1279.26
1274.15
1266.55
1258.17
1247.68
1234.87
1221.17
1204.4
1185.85
1165.55
1143.92
1120.22
50.4777
100.21
150.864
201.42
250.511
299.813
348.862
397.2
444.326
491.859
537.782
583.124
627.262
671.289
713.656
754.54
795.073
833.914
871.831
907.121
942.142
975.078
1006.94
1038.16
1066.83
1094
1119.86
1143.55
1165.08
1185.68
1204.15
1220.74
1235.29
1247.88
1258.57
1267.08
1273.87
1279.06
1282.2
1282.86
1281.91
1278.76
1273.16
1266.77
1258.21
1247.34
1235.54
1220.67
1203.97
1185.53
1165.7
1143.78
49.8197
100.658
151.427
200.818
250.511
300.015
348.901
396.648
444.87
491.538
537.708
582.74
627.749
671.155
713.141
754.86
794.909
834.114
870.756
907.182
941.566
974.967
1007.75
1038
1066.83
1094.38
1119.81
1143.1
1165.52
1185.81
1204.25
1220.68
1235.16
1247.77
1258.22
1266.99
1274.14
1279.26
1281.91
1282.95
1281.76
1278.16
1273.75
1267.14
1258.21
1248.33
1235.36
1220.53
1203.98
1185.97
1165.84
50.9313
101.823
151.427
201.42
251.287
300.629
348.907
397.725
445.048
491.955
537.792
583.693
628.049
671.05
713.866
755.04
795.447
833.361
871.111
906.863
941.727
976
1007.75
1038.16
1067.34
1094.44
1119.43
1143.61
1165.65
1185.89
1204.14
1220.47
1234.97
1247.3
1258.01
1267.08
1274.15
1278.76
1281.76
1282.5
1280.88
1278.45
1273.75
1266.77
1258.79
1247.73
1234.77
1220.1
1203.92
1185.6
50.9313
100.658
150.864
201.01
250.727
299.456
348.794
396.699
444.272
490.846
537.573
582.818
626.777
670.636
712.882
754.444
793.587
832.62
869.705
906
941.727
974.967
1006.94
1037.72
1066.48
1093.16
1119.08
1142.88
1164.93
1185
1203.19
1219.58
1233.83
1246.5
1257.51
1266.55
1273.16
1278.16
1280.88
1281.28
1280.88
1278.16
1273.16
1267.14
1258.06
1247.03
1234.32
1220.03
1203.61
49.8197
100.21
150.602
200.664
249.816
299.641
348.098
396.308
443.59
491.114
537.22
582.11
626.984
670.275
712.966
753.314
793.606
832
869.705
906.863
941.566
975.078
1007.45
1037.85
1066.2
1093.86
1119.39
1143.23
1165.12
1185.15
1203.43
1219.58
1234.21
1247.14
1258.17
1266.77
1273.75
1278.45
1280.88
1282.5
1281.76
1278.76
1274.7
1267.6
1258.5
1247.76
1235.38
1220.85
50.4777
101.02
151.327
200.803
251.016
299.923
348.669
396.558
444.775
491.639
537.358
583.144
627.379
671.096
712.55
754
793.606
832.62
871.111
907.182
942.142
976.005
1007.96
1037.89
1067.19
1094.39
1119.93
1143.56
1165.35
1185.45
1203.42
1219.94
1234.75
1247.68
1258.21
1267.14
1273.75
1278.16
1281.76
1282.95
1281.91
1279.78
1274.63
1267.45
1258.64
1248.16
1235.5
50.6063
101.074
150.791
201.308
250.587
299.79
348.21
397.045
444.595
491.074
537.703
582.818
627.498
670
712.55
753.314
793.587
833.361
870.756
907.121
942.436
975.904
1007.39
1038.31
1067.13
1094.36
1119.7
1143.26
1165.15
1184.95
1203.35
1220.02
1234.87
1247.34
1258.21
1266.77
1273.16
1278.76
1281.91
1282.86
1282.69
1279.52
1274.29
1267.46
1258.91
1248.18
50.5668
100.464
151.222
200.811
250.41
299.301
348.695
396.873
444.055
491.471
537.41
583
626.499
670.099
711.973
753.457
794.466
833.142
870.869
907.596
942.542
975.539
1008.04
1038.46
1067.35
1094.38
1119.66
1143.33
1164.93
1185.2
1203.72
1220.47
1234.87
1247.68
1258.17
1266.55
1274.15
1279.26
1282.2
1283.99
1282.81
1279.54
1274.71
1268.11
1259.33
49.98
100.881
150.685
200.584
249.852
299.708
348.421
396.215
444.325
491
537.41
581.821
626.386
669.288
711.902
754.068
793.947
832.963
871.03
907.385
941.833
975.857
1007.81
1038.3
1066.97
1093.93
1119.33
1142.68
1164.78
1185.11
1203.72
1220.02
1234.75
1247.14
1257.51
1267.08
1274.14
1279.06
1282.81
1283.62
1282.32
1279.5
1274.85
1268.03
50.9608
100.896
151.01
200.569
250.801
299.962
348.281
397
444.325
491.471
536.71
582.156
626.003
669.664
712.904
753.908
794.135
833.463
871.152
906.977
942.446
975.871
1007.89
1038.12
1066.7
1093.77
1118.82
1142.68
1164.78
1185.2
1203.35
1219.94
1234.21
1246.5
1258.01
1266.99
1273.87
1279.54
1282.32
1282.97
1282.13
1279.43
1274.56
50.01
100.285
150.083
200.639
250.2
299
348.281
396.215
444.055
490.087
536.378
581.138
625.815
670.099
712.203
753.616
794.185
833.19
870.378
907.278
942.16
975.703
1007.5
1037.69
1066.43
1093.19
1118.82
1142.68
1164.93
1184.95
1203.42
1219.58
1233.83
1247.3
1258.22
1267.08
1274.71
1279.5
1282.13
1283.32
1282.6
1279.72
50.3587
100.319
151.119
201
250.2
299.962
348.421
396.873
443.615
490.667
536.257
581.868
627.111
670.231
712.748
754.475
794.714
833.184
871.436
907.696
942.686
975.971
1007.7
1038.03
1066.43
1093.77
1119.33
1143.33
1165.15
1185.45
1203.43
1219.58
1234.97
1247.77
1258.57
1268.11
1274.85
1279.43
1282.6
1283.83
1282.92
50.04
101
151.119
200.639
250.801
299.708
348.695
396.073
443.813
490.163
536.636
582.769
626.841
670.398
713.222
754.635
794.332
833.881
871.468
907.855
942.584
975.807
1007.7
1037.69
1066.7
1093.93
1119.66
1143.26
1165.35
1185.15
1203.19
1220.47
1235.16
1247.88
1259.33
1268.03
1274.56
1279.72
1282.92
1283.98
51.0392
101.316
151.076
201.556
250.833
300.273
348.21
396.558
443.59
490.846
537.792
582.74
627.262
671.107
713.623
754.477
795.252
834.098
871.816
907.925
942.584
975.971
1007.5
1038.12
1066.97
1094.38
1119.7
1143.56
1165.12
1185
1204.14
1220.68
1235.29
1248.62
1259.26
1267.72
1274.86
1279.99
1283.01
50.3587
100.285
151.01
200.584
250.41
298.839
347.731
395.385
443.366
491.065
536.836
582.272
627.09
670.663
712.632
754.593
794.663
833.679
871.138
907.205
942.066
975.115
1007.34
1037.78
1066.87
1093.91
1119.51
1142.85
1164.58
1185.58
1203.98
1220.5
1235.73
1248.32
1258.73
1267.87
1274.98
1280
50.01
100.896
150.685
200.811
249.65
299
347.19
395.809
444.177
490.686
536.952
582.658
627.204
670.207
713.27
754.483
794.718
833.449
870.848
907.108
941.604
975.349
1007.33
1038.01
1066.71
1094
1119.05
1142.57
1165.38
1185.57
1203.96
1221.03
1235.54
1247.85
1258.95
1268
1274.98
50.9608
100.881
151.222
200.385
250.108
298.751
347.922
396.873
444.038
491.05
537.562
583.001
626.958
671.045
713.325
754.703
794.632
833.292
870.88
906.755
941.958
975.402
1007.63
1037.93
1066.85
1093.55
1118.81
1143.37
1165.32
1185.52
1204.4
1220.78
1234.97
1248
1258.95
1267.87
49.98
100.464
149.883
199.912
248.944
298.605
348.076
395.84
443.541
490.805
537.086
581.949
627.014
670.317
712.798
753.889
793.776
832.661
869.888
906.524
941.414
975.156
1007.04
1037.58
1065.93
1092.92
1119.24
1142.95
1164.97
1185.65
1203.92
1220
1234.97
1247.85
1258.73
50.5668
100.185
150.456
199.812
249.898
299.822
348.116
396.44
444.387
491.44
537.142
583.112
627.37
670.884
713.067
754.112
794.225
832.735
870.734
907.002
942.195
975.595
1007.68
1037.62
1066.29
1094.29
1119.69
1143.47
1165.91
1186
1203.92
1220.78
1235.54
1248.32
49.7393
100.17
149.773
200.205
250.503
299.256
348.129
396.688
444.443
490.918
537.729
582.879
627.366
670.585
712.733
754.021
793.766
833.081
870.684
907.287
942.165
975.771
1007.25
1037.57
1067.23
1094.31
1119.83
1144
1165.91
1185.65
1204.4
1221.03
1235.73
50.4777
100.21
150.864
201.42
250.511
299.813
348.862
397.2
444.326
491.859
537.782
583.124
627.262
670.398
712.748
753.616
794.135
832.963
870.869
907.121
942.142
975.078
1006.94
1038.16
1066.83
1094
1119.83
1143.47
1164.97
1185.52
1203.96
1220.5
49.8197
100.658
151.427
200.818
250.511
300.015
348.901
396.648
444.87
491.538
537.708
582.74
626.841
670.231
712.203
753.908
793.947
833.142
870.756
907.182
941.566
974.967
1007.75
1038
1066.83
1094.31
1119.69
1142.95
1165.32
1185.57
1203.98
50.9313
101.823
151.427
201.42
251.287
300.629
348.907
397.725
445.048
491.955
537.792
582.769
627.111
670.099
712.904
754.068
794.466
833.361
871.111
906.863
941.727
976
1007.75
1038.16
1067.23
1094.29
1119.24
1143.37
1165.38
1185.58
50.9313
100.658
150.864
201.01
250.727
299.456
348.794
396.699
444.272
490.846
536.636
581.868
625.815
669.664
711.902
753.457
793.587
832.62
869.705
906
941.727
974.967
1006.94
1037.57
1066.29
1092.92
1118.81
1142.57
1164.58
49.8197
100.21
150.602
200.664
249.816
299.641
348.098
396.308
443.59
490.163
536.257
581.138
626.003
669.288
711.973
753.314
793.606
832
869.705
906.863
941.566
975.078
1007.25
1037.62
1065.93
1093.55
1119.05
1142.85
50.4777
101.02
151.327
200.803
251.016
299.923
348.669
396.558
443.813
490.667
536.378
582.156
626.386
670.099
712.55
754
793.606
832.62
871.111
907.182
942.142
975.771
1007.68
1037.58
1066.85
1094
1119.51
50.6063
101.074
150.791
201.308
250.587
299.79
348.21
396.073
443.615
490.087
536.71
581.821
626.499
670
712.55
753.314
793.587
833.361
870.756
907.121
942.165
975.595
1007.04
1037.93
1066.71
1093.91
50.5668
100.464
151.222
200.811
250.41
299.301
347.714
395.885
443.062
490.474
536.411
582
626.499
670.099
711.973
753.457
794.466
833.142
870.869
907.287
942.195
975.156
1007.63
1038.01
1066.87
49.98
100.881
150.685
200.584
249.852
298.721
347.428
395.218
443.326
490
536.411
581.821
626.386
669.288
711.902
754.068
793.947
832.963
870.684
907.002
941.414
975.402
1007.33
1037.78
50.9608
100.896
151.01
200.569
249.808
298.965
347.282
396
443.326
490.474
536.71
582.156
626.003
669.664
712.904
753.908
794.135
833.081
870.734
906.524
941.958
975.349
1007.34
50.01
100.285
150.083
199.642
249.201
298
347.282
395.218
443.062
490.087
536.378
581.138
625.815
670.099
712.203
753.616
793.766
832.735
869.888
906.755
941.604
975.115
50.3587
100.319
150.12
200
249.201
298.965
347.428
395.885
443.615
490.667
536.257
581.868
627.111
670.231
712.748
754.021
794.225
832.661
870.88
907.108
942.066
50.04
100
150.12
199.642
249.808
298.721
347.714
396.073
443.813
490.163
536.636
582.769
626.841
670.398
712.733
754.112
793.776
833.292
870.848
907.205
50.04
100.319
150.083
200.569
249.852
299.301
348.21
396.558
443.59
490.846
537.792
582.74
627.262
670.585
713.067
753.889
794.632
833.449
871.138
50.3587
100.285
151.01
200.584
250.41
299.79
348.669
396.308
444.272
491.955
537.708
583.124
627.366
670.884
712.798
754.703
794.718
833.679
50.01
100.896
150.685
200.811
250.587
299.923
348.098
396.699
445.048
491.538
537.782
582.879
627.37
670.317
713.325
754.483
794.663
50.9608
100.881
151.222
201.308
251.016
299.641
348.794
397.725
444.87
491.859
537.729
583.112
627.014
671.045
713.27
754.593
49.98
100.464
150.791
200.803
249.816
299.456
348.907
396.648
444.326
490.918
537.142
581.949
626.958
670.207
712.632
50.5668
101.074
151.327
200.664
250.727
300.629
348.901
397.2
444.443
491.44
537.086
583.001
627.204
670.663
50.6063
101.02
150.602
201.01
251.287
300.015
348.862
396.688
444.387
490.805
537.562
582.658
627.09
50.4777
100.21
150.864
201.42
250.511
299.813
348.129
396.44
443.541
491.05
536.952
582.272
49.8197
100.658
151.427
200.818
250.511
299.256
348.116
395.84
444.038
490.686
536.836
50.9313
101.823
151.427
201.42
250.503
299.822
348.076
396.873
444.177
491.065
50.9313
100.658
150.864
200.205
249.898
298.605
347.922
395.809
443.366
49.8197
100.21
149.773
199.812
248.944
298.751
347.19
395.385
50.4777
100.17
150.456
199.912
250.108
299
347.731
49.7393
100.185
149.883
200.385
249.65
298.839
50.5668
100.464
151.222
200.811
250.41
49.98
100.881
150.685
200.584
50.9608
100.896
151.01
50.01
100.285
50.3587
