80
2.23607
5.09902
8.06226
11.1803
13.3417
16.4924
18.9737
22.1359
24.6982
27.313
29.9666
32.6497
34.9857
37.7359
40.2244
42.2019
44.8219
46.7547
48.7955
50.9117
52.4023
54.6717
57.0088
58.8218
59.9083
61.9112
62.6498
64.846
65.7951
66.8506
68.0074
69.2604
69.3758
70.8308
71.1969
71.8471
72.4431
72.1734
72.0278
72
72.0625
72.2496
72.5603
72.0069
71.3863
71.0634
69.6419
69.5701
68.352
67.2309
66.2118
65.2993
63.1348
62.434
60.4649
59.4054
57.6281
55.3173
53.0754
50.9117
49.5177
47.5079
45.607
43.0116
41.0488
38.5876
35.8469
33.541
30.8707
28.2312
25.632
23.0868
19.9249
17.4642
14.3178
12.1655
9.05539
6.08276
3.16228
3
6
9.05539
11.1803
14.3178
16.7631
19.9249
22.4722
25.0799
27.7308
30.4138
32.7567
35.5106
38.0132
40
42.638
44.5982
46.669
48.7955
50.3289
52.6308
55
56.8595
57.9828
60.0333
60.8276
63.0714
64.0781
65.192
66.4078
67.72
67.9117
69.4262
69.8713
70.5762
71.2531
71.0634
71
71.0282
71.1758
71.4493
71.8471
71.3863
70.8308
70.6045
69.2604
69.2892
68.1542
67.1193
66.1891
65.3682
63.2851
62.6817
60.803
59.8164
58.1378
55.9017
53.7401
51.6624
50.3289
48.4149
46.6154
44.1022
42.19
39.8246
37.1214
34.9285
32.311
29.7321
27.2029
24.7386
21.587
19.2354
16.1245
14.0357
11
8
5
3
6.08276
8.24621
11.4018
13.9284
17.088
19.6977
22.3607
25.0599
27.7849
30.2324
33.0151
35.609
37.6431
40.3609
42.4264
44.5982
46.7547
48.4149
50.8035
53.2541
55.2268
56.4358
58.5918
59.5063
61.8466
62.9682
64.195
65.521
66.9403
67.2681
68.884
69.4622
70.2567
71.0634
71
71.0634
71.1758
71.4493
71.8471
72.3671
72.0347
71.5681
71.4703
70.2282
70.3847
69.3542
68.4251
67.6018
66.888
64.8999
64.405
62.6259
61.7171
60.1415
57.9828
55.9017
53.9073
52.6308
50.8035
49.0918
46.6476
44.7772
42.4853
39.8121
37.6962
35.1141
32.573
30.0832
27.6586
24.5153
22.2036
19.105
17.0294
14
11
8
3.16228
5.38516
8.544
11.1803
14.3178
17
19.7231
22.4722
25.2389
27.8029
30.6105
33.3017
35.3836
38.1838
40.3609
42.638
44.8219
46.6154
49.0918
51.6236
53.7122
55.0091
57.2713
58.3095
60.7454
61.9839
63.3246
64.7611
66.2873
66.7533
68.469
69.1809
70.0643
71
71.0634
71.2531
71.4493
71.8471
72.3671
73.0068
72.8011
72.4224
72.45
71.3092
71.5891
70.6612
69.8355
69.1158
68.5055
66.6108
66.2193
64.5368
63.7024
62.2254
60.1415
58.1378
56.2228
55
53.2541
51.6236
49.2443
47.4131
45.1885
42.5441
40.4969
37.9473
35.4401
32.9848
30.5941
27.4591
25.1794
22.0907
20.025
17
14
11
2.23607
5.38516
8.06226
11.1803
13.8924
16.6433
19.4165
22.2036
24.8395
27.6586
30.4138
32.5269
35.3836
37.6431
40
42.2019
44.1022
46.6476
49.2443
51.4296
52.8015
55.1543
56.3028
58.8218
60.1664
61.6117
63.1506
64.7765
65.3758
67.1863
68.0294
69
70.0643
70.2567
70.5762
70.859
71.3863
72.0347
72.8011
72.7324
72.45
72.6154
71.5891
72.0069
71.1969
70.4911
69.8928
69.4046
67.624
67.3573
65.7951
65.0538
63.7024
61.7171
59.8164
58.0086
56.8595
55.2268
53.7122
51.4296
49.6588
47.5395
44.9444
43.0116
40.5216
38.0789
35.6931
33.3766
30.2655
28.0713
25.02
23
20.025
17.0294
14.0357
3.16228
5.83095
8.94427
11.6619
14.4222
17.2047
20
22.6716
25.4951
28.2843
30.4138
33.3017
35.609
38.0132
40.2244
42.19
44.7772
47.4131
49.6588
51.0784
53.4883
54.7083
57.28
58.6941
60.208
61.8142
63.5059
64.195
66.0681
67
68.0294
69.1809
69.4622
69.8713
70.214
70.8308
71.5681
72.4224
72.45
72.2357
72.4983
71.5542
72.0694
71.3442
70.7248
70.214
69.814
68.1175
67.9412
66.468
65.7951
64.5368
62.6259
60.803
59.0762
57.9828
56.4358
55.0091
52.8015
51.0784
49.0408
46.4866
44.643
42.2019
39.8121
37.4833
35.2278
32.1403
30.0167
27
25.02
22.0907
19.105
16.1245
2.82843
5.83095
8.60233
11.4018
14.2127
17.0294
19.799
22.6274
25.4951
27.6586
30.6105
33.0151
35.5106
37.7359
39.8246
42.4853
45.1885
47.5395
49.0408
51.5461
52.8867
55.5428
57.0701
58.6941
60.407
62.2013
63.0317
65
66.0681
67.1863
68.469
68.884
69.4262
69.857
70.6045
71.4703
72.45
72.6154
72.4983
72.8972
72.0694
72.7186
72.111
71.6101
71.218
70.9366
69.3542
69.2965
67.9412
67.3573
66.2193
64.405
62.6817
61.0574
60.0333
58.5918
57.2713
55.1543
53.4883
51.5461
49.0408
47.2969
44.911
42.5793
40.3113
38.1182
35.0571
33
30.0167
28.0713
25.1794
22.2036
19.2354
3.16228
5.83095
8.60233
11.4018
14.2127
16.9706
19.799
22.6716
24.8395
27.8029
30.2324
32.7567
34.9857
37.1214
39.8121
42.5441
44.9444
46.4866
49.0408
50.448
53.1507
54.7449
56.4358
58.2151
60.075
61
63.0317
64.195
65.3758
66.7533
67.2681
67.9117
68.4105
69.2604
70.2282
71.3092
71.5891
71.5542
72.0694
71.3442
72.111
71.6101
71.218
70.9366
70.7672
69.2965
69.3542
68.1175
67.624
66.6108
64.8999
63.2851
61.7738
60.8276
59.5063
58.3095
56.3028
54.7083
52.8867
50.448
48.8365
46.5296
44.2832
42.107
40.0125
37
35.0571
32.1403
30.2655
27.4591
24.5153
21.587
2.82843
5.65685
8.48528
11.3137
14.2127
17.0294
20
22.2036
25.2389
27.7849
30.4138
32.6497
34.9285
37.6962
40.4969
43.0116
44.643
47.2969
48.8365
51.6236
53.3385
55.1453
57.0351
59
60.075
62.2013
63.5059
64.7765
66.2873
66.9403
67.72
68.3081
69.2892
70.3847
71.5891
72.0069
72.0694
72.7186
72.111
73.0068
72.6223
72.3464
72.1803
72.1249
70.7672
70.9366
69.814
69.4046
68.5055
66.888
65.3682
63.9531
63.0714
61.8466
60.7454
58.8218
57.28
55.5428
53.1507
51.6236
49.366
47.1699
45.0444
43
40.0125
38.1182
35.2278
33.3766
30.5941
27.6586
24.7386
2.82843
5.65685
8.48528
11.4018
14.2127
17.2047
19.4165
22.4722
25.0599
27.7308
29.9666
32.311
35.1141
37.9473
40.5216
42.2019
44.911
46.5296
49.366
51.1566
53.0377
55
57.0351
58.2151
60.407
61.8142
63.1506
64.7611
65.521
66.4078
67.0671
68.1542
69.3542
70.6612
71.1969
71.3442
72.111
71.6101
72.6223
72.3464
72.1803
72.1249
72.1803
70.9366
71.218
70.214
69.8928
69.1158
67.6018
66.1891
64.8845
64.0781
62.9682
61.9839
60.1664
58.6941
57.0701
54.7449
53.3385
51.1566
49.0408
47
45.0444
42.107
40.3113
37.4833
35.6931
32.9848
30.0832
27.2029
2.82843
5.65685
8.60233
11.4018
14.4222
16.6433
19.7231
22.3607
25.0799
27.313
29.7321
32.573
35.4401
38.0789
39.8121
42.5793
44.2832
47.1699
49.0408
51
53.0377
55.1453
56.4358
58.6941
60.208
61.6117
63.3246
64.195
65.192
65.9242
67.1193
68.4251
69.8355
70.4911
70.7248
71.6101
71.218
72.3464
72.1803
72.1249
72.1803
72.3464
71.218
71.6101
70.7248
70.4911
69.8355
68.4251
67.1193
65.9242
65.192
64.195
63.3246
61.6117
60.208
58.6941
56.4358
55.1453
53.0377
51
49.0408
47.1699
44.2832
42.5793
39.8121
38.0789
35.4401
32.573
29.7321
2.82843
5.83095
8.60233
11.6619
13.8924
17
19.6977
22.4722
24.6982
27.2029
30.0832
32.9848
35.6931
37.4833
40.3113
42.107
45.0444
47
49.0408
51.1566
53.3385
54.7449
57.0701
58.6941
60.1664
61.9839
62.9682
64.0781
64.8845
66.1891
67.6018
69.1158
69.8928
70.214
71.218
70.9366
72.1803
72.1249
72.1803
72.3464
72.6223
71.6101
72.111
71.3442
71.1969
70.6612
69.3542
68.1542
67.0671
66.4078
65.521
64.7611
63.1506
61.8142
60.407
58.2151
57.0351
55
53.0377
51.1566
49.366
46.5296
44.911
42.2019
40.5216
37.9473
35.1141
32.311
3.16228
5.83095
8.94427
11.1803
14.3178
17.088
19.9249
22.1359
24.7386
27.6586
30.5941
33.3766
35.2278
38.1182
40.0125
43
45.0444
47.1699
49.366
51.6236
53.1507
55.5428
57.28
58.8218
60.7454
61.8466
63.0714
63.9531
65.3682
66.888
68.5055
69.4046
69.814
70.9366
70.7672
72.1249
72.1803
72.3464
72.6223
73.0068
72.111
72.7186
72.0694
72.0069
71.5891
70.3847
69.2892
68.3081
67.72
66.9403
66.2873
64.7765
63.5059
62.2013
60.075
59
57.0351
55.1453
53.3385
51.6236
48.8365
47.2969
44.643
43.0116
40.4969
37.6962
34.9285
2.82843
5.83095
8.06226
11.1803
13.9284
16.7631
18.9737
21.587
24.5153
27.4591
30.2655
32.1403
35.0571
37
40.0125
42.107
44.2832
46.5296
48.8365
50.448
52.8867
54.7083
56.3028
58.3095
59.5063
60.8276
61.7738
63.2851
64.8999
66.6108
67.624
68.1175
69.3542
69.2965
70.7672
70.9366
71.218
71.6101
72.111
71.3442
72.0694
71.5542
71.5891
71.3092
70.2282
69.2604
68.4105
67.9117
67.2681
66.7533
65.3758
64.195
63.0317
61
60.075
58.2151
56.4358
54.7449
53.1507
50.448
49.0408
46.4866
44.9444
42.5441
39.8121
37.1214
3.16228
5.38516
8.544
11.4018
14.3178
16.4924
19.2354
22.2036
25.1794
28.0713
30.0167
33
35.0571
38.1182
40.3113
42.5793
44.911
47.2969
49.0408
51.5461
53.4883
55.1543
57.2713
58.5918
60.0333
61.0574
62.6817
64.405
66.2193
67.3573
67.9412
69.2965
69.3542
70.9366
71.218
71.6101
72.111
72.7186
72.0694
72.8972
72.4983
72.6154
72.45
71.4703
70.6045
69.857
69.4262
68.884
68.469
67.1863
66.0681
65
63.0317
62.2013
60.407
58.6941
57.0701
55.5428
52.8867
51.5461
49.0408
47.5395
45.1885
42.4853
39.8246
2.23607
5.38516
8.24621
11.1803
13.3417
16.1245
19.105
22.0907
25.02
27
30.0167
32.1403
35.2278
37.4833
39.8121
42.2019
44.643
46.4866
49.0408
51.0784
52.8015
55.0091
56.4358
57.9828
59.0762
60.803
62.6259
64.5368
65.7951
66.468
67.9412
68.1175
69.814
70.214
70.7248
71.3442
72.0694
71.5542
72.4983
72.2357
72.45
72.4224
71.5681
70.8308
70.214
69.8713
69.4622
69.1809
68.0294
67
66.0681
64.195
63.5059
61.8142
60.208
58.6941
57.28
54.7083
53.4883
51.0784
49.6588
47.4131
44.7772
42.19
3.16228
6.08276
9.05539
11.1803
14.0357
17.0294
20.025
23
25.02
28.0713
30.2655
33.3766
35.6931
38.0789
40.5216
43.0116
44.9444
47.5395
49.6588
51.4296
53.7122
55.2268
56.8595
58.0086
59.8164
61.7171
63.7024
65.0538
65.7951
67.3573
67.624
69.4046
69.8928
70.4911
71.1969
72.0069
71.5891
72.6154
72.45
72.7324
72.8011
72.0347
71.3863
70.859
70.5762
70.2567
70.0643
69
68.0294
67.1863
65.3758
64.7765
63.1506
61.6117
60.1664
58.8218
56.3028
55.1543
52.8015
51.4296
49.2443
46.6476
44.1022
3
6
8.06226
11
14
17
20.025
22.0907
25.1794
27.4591
30.5941
32.9848
35.4401
37.9473
40.4969
42.5441
45.1885
47.4131
49.2443
51.6236
53.2541
55
56.2228
58.1378
60.1415
62.2254
63.7024
64.5368
66.2193
66.6108
68.5055
69.1158
69.8355
70.6612
71.5891
71.3092
72.45
72.4224
72.8011
73.0068
72.3671
71.8471
71.4493
71.2531
71.0634
71
70.0643
69.1809
68.469
66.7533
66.2873
64.7611
63.3246
61.9839
60.7454
58.3095
57.2713
55.0091
53.7122
51.6236
49.0918
46.6154
3
5.09902
8
11
14
17.0294
19.105
22.2036
24.5153
27.6586
30.0832
32.573
35.1141
37.6962
39.8121
42.4853
44.7772
46.6476
49.0918
50.8035
52.6308
53.9073
55.9017
57.9828
60.1415
61.7171
62.6259
64.405
64.8999
66.888
67.6018
68.4251
69.3542
70.3847
70.2282
71.4703
71.5681
72.0347
72.3671
71.8471
71.4493
71.1758
71.0634
71
71.0634
70.2567
69.4622
68.884
67.2681
66.9403
65.521
64.195
62.9682
61.8466
59.5063
58.5918
56.4358
55.2268
53.2541
50.8035
48.4149
2.23607
5
8
11
14.0357
16.1245
19.2354
21.587
24.7386
27.2029
29.7321
32.311
34.9285
37.1214
39.8246
42.19
44.1022
46.6154
48.4149
50.3289
51.6624
53.7401
55.9017
58.1378
59.8164
60.803
62.6817
63.2851
65.3682
66.1891
67.1193
68.1542
69.2892
69.2604
70.6045
70.8308
71.3863
71.8471
71.4493
71.1758
71.0282
71
71.0634
71.2531
70.5762
69.8713
69.4262
67.9117
67.72
66.4078
65.192
64.0781
63.0714
60.8276
60.0333
57.9828
56.8595
55
52.6308
50.3289
3.16228
6.08276
9.05539
12.1655
14.3178
17.4642
19.9249
23.0868
25.632
28.2312
30.8707
33.541
35.8469
38.5876
41.0488
43.0116
45.607
47.5079
49.5177
50.9117
53.0754
55.3173
57.6281
59.4054
60.4649
62.434
63.1348
65.2993
66.2118
67.2309
68.352
69.5701
69.6419
71.0634
71.3863
72.0069
72.5603
72.2496
72.0625
72
72.0278
72.1734
72.4431
71.8471
71.1969
70.8308
69.3758
69.2604
68.0074
66.8506
65.7951
64.846
62.6498
61.9112
59.9083
58.8218
57.0088
54.6717
52.4023
3
6
9.05539
11.1803
14.3178
16.7631
19.9249
22.4722
25.0799
27.7308
30.4138
32.7567
35.5106
38.0132
40
42.638
44.5982
46.669
48.1041
50.3289
52.6308
55
56.8595
57.9828
60.0333
60.8276
63.0714
64.0781
65.192
66.4078
67.72
67.9117
69.4262
69.8713
70.5762
71.2531
71.0634
71
71.0634
71.1758
71.4493
71.8471
71.3863
70.8308
70.6045
69.2604
69.2892
68.1542
67.1193
66.1891
65.3682
63.2851
62.6817
60.803
59.8164
58.1378
55.9017
53.7401
3
6.08276
8.24621
11.4018
13.9284
17.088
19.6977
22.3607
25.0599
27.7849
30.2324
33.0151
35.609
37.6431
40.3609
42.4264
44.5982
46.0977
48.4149
50.8035
53.2541
55.2268
56.4358
58.5918
59.5063
61.8466
62.9682
64.195
65.521
66.9403
67.2681
68.884
69.4622
70.2567
71.0634
71
71.0634
71.2531
71.4493
71.8471
72.3671
72.0347
71.5681
71.4703
70.2282
70.3847
69.3542
68.4251
67.6018
66.888
64.8999
64.405
62.6259
61.7171
60.1415
57.9828
55.9017
3.16228
5.38516
8.544
11.1803
14.3178
17
19.7231
22.4722
25.2389
27.8029
30.6105
33.3017
35.3836
38.1838
40.3609
42.638
44.2041
46.6154
49.0918
51.6236
53.7122
55.0091
57.2713
58.3095
60.7454
61.9839
63.3246
64.7611
66.2873
66.7533
68.469
69.1809
70.0643
71
71.0634
71.2531
71.5681
71.8471
72.3671
73.0068
72.8011
72.4224
72.45
71.3092
71.5891
70.6612
69.8355
69.1158
68.5055
66.6108
66.2193
64.5368
63.7024
62.2254
60.1415
58.1378
2.23607
5.38516
8.06226
11.1803
13.8924
16.6433
19.4165
22.2036
24.8395
27.6586
30.4138
32.5269
35.3836
37.6431
40
41.6173
44.1022
46.6476
49.2443
51.4296
52.8015
55.1543
56.3028
58.8218
60.1664
61.6117
63.1506
64.7765
65.3758
67.1863
68.0294
69
70.0643
70.2567
70.5762
71.0211
71.3863
72.0347
72.8011
72.7324
72.45
72.6154
71.5891
72.0069
71.1969
70.4911
69.8928
69.4046
67.624
67.3573
65.7951
65.0538
63.7024
61.7171
59.8164
3.16228
5.83095
8.94427
11.6619
14.4222
17.2047
20
22.6716
25.4951
28.2843
30.4138
33.3017
35.609
38.0132
39.6611
42.19
44.7772
47.4131
49.6588
51.0784
53.4883
54.7083
57.28
58.6941
60.208
61.8142
63.5059
64.195
66.0681
67
68.0294
69.1809
69.4622
69.8713
70.406
70.8308
71.5681
72.4224
72.45
72.2357
72.4983
71.5542
72.0694
71.3442
70.7248
70.214
69.814
68.1175
67.9412
66.468
65.7951
64.5368
62.6259
60.803
2.82843
5.83095
8.60233
11.4018
14.2127
17.0294
19.799
22.6274
25.4951
27.6586
30.6105
33.0151
35.5106
37.2156
39.8246
42.4853
45.1885
47.5395
49.0408
51.5461
52.8867
55.5428
57.0701
58.6941
60.407
62.2013
63.0317
65
66.0681
67.1863
68.469
68.884
69.4262
70.0928
70.6045
71.4703
72.45
72.6154
72.4983
72.8972
72.0694
72.7186
72.111
71.6101
71.218
70.9366
69.3542
69.2965
67.9412
67.3573
66.2193
64.405
62.6817
3.16228
5.83095
8.60233
11.4018
14.2127
16.9706
19.799
22.6716
24.8395
27.8029
30.2324
32.7567
34.4819
37.1214
39.8121
42.5441
44.9444
46.4866
49.0408
50.448
53.1507
54.7449
56.4358
58.2151
60.075
61
63.0317
64.195
65.3758
66.7533
67.2681
67.9117
68.6804
69.2604
70.2282
71.3092
71.5891
71.5542
72.0694
71.3442
72.111
71.6101
71.218
70.9366
70.7672
69.2965
69.3542
68.1175
67.624
66.6108
64.8999
63.2851
2.82843
5.65685
8.48528
11.3137
14.2127
17.0294
20
22.2036
25.2389
27.7849
30.4138
32.2025
34.9285
37.6962
40.4969
43.0116
44.643
47.2969
48.8365
51.6236
53.3385
55.1453
57.0351
59
60.075
62.2013
63.5059
64.7765
66.2873
66.9403
67.72
68.6222
69.2892
70.3847
71.5891
72.0069
72.0694
72.7186
72.111
73.0068
72.6223
72.3464
72.1803
72.1249
70.7672
70.9366
69.814
69.4046
68.5055
66.888
65.3682
2.82843
5.65685
8.48528
11.4018
14.2127
17.2047
19.4165
22.4722
25.0599
27.7308
29.5466
32.311
35.1141
37.9473
40.5216
42.2019
44.911
46.5296
49.366
51.1566
53.0377
55
57.0351
58.2151
60.407
61.8142
63.1506
64.7611
65.521
66.4078
67.4166
68.1542
69.3542
70.6612
71.1969
71.3442
72.111
71.6101
72.6223
72.3464
72.1803
72.1249
72.1803
70.9366
71.218
70.214
69.8928
69.1158
67.6018
66.1891
2.82843
5.65685
8.60233
11.4018
14.4222
16.6433
19.7231
22.3607
25.0799
26.9258
29.7321
32.573
35.4401
38.0789
39.8121
42.5793
44.2832
47.1699
49.0408
51
53.0377
55.1453
56.4358
58.6941
60.208
61.6117
63.3246
64.195
65.192
66.3099
67.1193
68.4251
69.8355
70.4911
70.7248
71.6101
71.218
72.3464
72.1803
72.1249
72.1803
72.3464
71.218
71.6101
70.7248
70.4911
69.8355
68.4251
67.1193
2.82843
5.83095
8.60233
11.6619
13.8924
17
19.6977
22.4722
24.3516
27.2029
30.0832
32.9848
35.6931
37.4833
40.3113
42.107
45.0444
47
49.0408
51.1566
53.3385
54.7449
57.0701
58.6941
60.1664
61.9839
62.9682
64.0781
65.307
66.1891
67.6018
69.1158
69.8928
70.214
71.218
70.9366
72.1803
72.1249
72.1803
72.3464
72.6223
71.6101
72.111
71.3442
71.1969
70.6612
69.3542
68.1542
3.16228
5.83095
8.94427
11.1803
14.3178
17.088
19.9249
21.8403
24.7386
27.6586
30.5941
33.3766
35.2278
38.1182
40.0125
43
45.0444
47.1699
49.366
51.6236
53.1507
55.5428
57.28
58.8218
60.7454
61.8466
63.0714
64.4127
65.3682
66.888
68.5055
69.4046
69.814
70.9366
70.7672
72.1249
72.1803
72.3464
72.6223
73.0068
72.111
72.7186
72.0694
72.0069
71.5891
70.3847
69.2892
2.82843
5.83095
8.06226
11.1803
13.9284
16.7631
18.6815
21.587
24.5153
27.4591
30.2655
32.1403
35.0571
37
40.0125
42.107
44.2832
46.5296
48.8365
50.448
52.8867
54.7083
56.3028
58.3095
59.5063
60.8276
62.2656
63.2851
64.8999
66.6108
67.624
68.1175
69.3542
69.2965
70.7672
70.9366
71.218
71.6101
72.111
71.3442
72.0694
71.5542
71.5891
71.3092
70.2282
69.2604
3.16228
5.38516
8.544
11.4018
14.3178
16.2788
19.2354
22.2036
25.1794
28.0713
30.0167
33
35.0571
38.1182
40.3113
42.5793
44.911
47.2969
49.0408
51.5461
53.4883
55.1543
57.2713
58.5918
60.0333
61.5873
62.6817
64.405
66.2193
67.3573
67.9412
69.2965
69.3542
70.9366
71.218
71.6101
72.111
72.7186
72.0694
72.8972
72.4983
72.6154
72.45
71.4703
70.6045
2.23607
5.38516
8.24621
11.1803
13.1529
16.1245
19.105
22.0907
25.02
27
30.0167
32.1403
35.2278
37.4833
39.8121
42.2019
44.643
46.4866
49.0408
51.0784
52.8015
55.0091
56.4358
57.9828
59.6406
60.803
62.6259
64.5368
65.7951
66.468
67.9412
68.1175
69.814
70.214
70.7248
71.3442
72.0694
71.5542
72.4983
72.2357
72.45
72.4224
71.5681
70.8308
3.16228
6.08276
9.05539
11.0454
14.0357
17.0294
20.025
23
25.02
28.0713
30.2655
33.3766
35.6931
38.0789
40.5216
43.0116
44.9444
47.5395
49.6588
51.4296
53.7122
55.2268
56.8595
58.6003
59.8164
61.7171
63.7024
65.0538
65.7951
67.3573
67.624
69.4046
69.8928
70.4911
71.1969
72.0069
71.5891
72.6154
72.45
72.7324
72.8011
72.0347
71.3863
3
6
8
11
14
17
20.025
22.0907
25.1794
27.4591
30.5941
32.9848
35.4401
37.9473
40.4969
42.5441
45.1885
47.4131
49.2443
51.6236
53.2541
55
56.8507
58.1378
60.1415
62.2254
63.7024
64.5368
66.2193
66.6108
68.5055
69.1158
69.8355
70.6612
71.5891
71.3092
72.45
72.4224
72.8011
73.0068
72.3671
71.8471
3
5
8
11
14
17.0294
19.105
22.2036
24.5153
27.6586
30.0832
32.573
35.1141
37.6962
39.8121
42.4853
44.7772
46.6476
49.0918
50.8035
52.6308
54.5619
55.9017
57.9828
60.1415
61.7171
62.6259
64.405
64.8999
66.888
67.6018
68.4251
69.3542
70.3847
70.2282
71.4703
71.5681
72.0347
72.3671
71.8471
71.4493
2
5
8
11
14.0357
16.1245
19.2354
21.587
24.7386
27.2029
29.7321
32.311
34.9285
37.1214
39.8246
42.19
44.1022
46.6154
48.4149
50.3289
52.345
53.7401
55.9017
58.1378
59.8164
60.803
62.6817
63.2851
65.3682
66.1891
67.1193
68.1542
69.2892
69.2604
70.6045
70.8308
71.3863
71.8471
71.4493
71.1758
3
6
9
12.0416
14.1421
17.2627
19.6469
22.8035
25.2982
27.8568
30.4631
33.1059
35.3553
38.0789
40.4969
42.4382
45
46.8615
48.8365
50.9117
52.345
54.5619
56.8507
58.6003
59.6406
61.5873
62.2656
64.4127
65.307
66.3099
67.4166
68.6222
68.6804
70.0928
70.406
71.0211
71.5681
71.2531
71.0634
3
6
9.05539
11.1803
14.3178
16.7631
19.9249
22.4722
25.0799
27.7308
30.4138
32.7567
35.5106
38.0132
40
42.638
44.5982
46.669
48.8365
50.3289
52.6308
55
56.8595
57.9828
60.0333
60.8276
63.0714
64.0781
65.192
66.4078
67.72
67.9117
69.4262
69.8713
70.5762
71.2531
71.0634
71
3
6.08276
8.24621
11.4018
13.9284
17.088
19.6977
22.3607
25.0599
27.7849
30.2324
33.0151
35.609
37.6431
40.3609
42.4264
44.5982
46.8615
48.4149
50.8035
53.2541
55.2268
56.4358
58.5918
59.5063
61.8466
62.9682
64.195
65.521
66.9403
67.2681
68.884
69.4622
70.2567
71.0634
71
71.0634
3.16228
5.38516
8.544
11.1803
14.3178
17
19.7231
22.4722
25.2389
27.8029
30.6105
33.3017
35.3836
38.1838
40.3609
42.638
45
46.6154
49.0918
51.6236
53.7122
55.0091
57.2713
58.3095
60.7454
61.9839
63.3246
64.7611
66.2873
66.7533
68.469
69.1809
70.0643
71
71.0634
71.2531
2.23607
5.38516
8.06226
11.1803
13.8924
16.6433
19.4165
22.2036
24.8395
27.6586
30.4138
32.5269
35.3836
37.6431
40
42.4382
44.1022
46.6476
49.2443
51.4296
52.8015
55.1543
56.3028
58.8218
60.1664
61.6117
63.1506
64.7765
65.3758
67.1863
68.0294
69
70.0643
70.2567
70.5762
3.16228
5.83095
8.94427
11.6619
14.4222
17.2047
20
22.6716
25.4951
28.2843
30.4138
33.3017
35.609
38.0132
40.4969
42.19
44.7772
47.4131
49.6588
51.0784
53.4883
54.7083
57.28
58.6941
60.208
61.8142
63.5059
64.195
66.0681
67
68.0294
69.1809
69.4622
69.8713
2.82843
5.83095
8.60233
11.4018
14.2127
17.0294
19.799
22.6274
25.4951
27.6586
30.6105
33.0151
35.5106
38.0789
39.8246
42.4853
45.1885
47.5395
49.0408
51.5461
52.8867
55.5428
57.0701
58.6941
60.407
62.2013
63.0317
65
66.0681
67.1863
68.469
68.884
69.4262
3.16228
5.83095
8.60233
11.4018
14.2127
16.9706
19.799
22.6716
24.8395
27.8029
30.2324
32.7567
35.3553
37.1214
39.8121
42.5441
44.9444
46.4866
49.0408
50.448
53.1507
54.7449
56.4358
58.2151
60.075
61
63.0317
64.195
65.3758
66.7533
67.2681
67.9117
2.82843
5.65685
8.48528
11.3137
14.2127
17.0294
20
22.2036
25.2389
27.7849
30.4138
33.1059
34.9285
37.6962
40.4969
43.0116
44.643
47.2969
48.8365
51.6236
53.3385
55.1453
57.0351
59
60.075
62.2013
63.5059
64.7765
66.2873
66.9403
67.72
2.82843
5.65685
8.48528
11.4018
14.2127
17.2047
19.4165
22.4722
25.0599
27.7308
30.4631
32.311
35.1141
37.9473
40.5216
42.2019
44.911
46.5296
49.366
51.1566
53.0377
55
57.0351
58.2151
60.407
61.8142
63.1506
64.7611
65.521
66.4078
2.82843
5.65685
8.60233
11.4018
14.4222
16.6433
19.7231
22.3607
25.0799
27.8568
29.7321
32.573
35.4401
38.0789
39.8121
42.5793
44.2832
47.1699
49.0408
51
53.0377
55.1453
56.4358
58.6941
60.208
61.6117
63.3246
64.195
65.192
2.82843
5.83095
8.60233
11.6619
13.8924
17
19.6977
22.4722
25.2982
27.2029
30.0832
32.9848
35.6931
37.4833
40.3113
42.107
45.0444
47
49.0408
51.1566
53.3385
54.7449
57.0701
58.6941
60.1664
61.9839
62.9682
64.0781
3.16228
5.83095
8.94427
11.1803
14.3178
17.088
19.9249
22.8035
24.7386
27.6586
30.5941
33.3766
35.2278
38.1182
40.0125
43
45.0444
47.1699
49.366
51.6236
53.1507
55.5428
57.28
58.8218
60.7454
61.8466
63.0714
2.82843
5.83095
8.06226
11.1803
13.9284
16.7631
19.6469
21.587
24.5153
27.4591
30.2655
32.1403
35.0571
37
40.0125
42.107
44.2832
46.5296
48.8365
50.448
52.8867
54.7083
56.3028
58.3095
59.5063
60.8276
3.16228
5.38516
8.544
11.4018
14.3178
17.2627
19.2354
22.2036
25.1794
28.0713
30.0167
33
35.0571
38.1182
40.3113
42.5793
44.911
47.2969
49.0408
51.5461
53.4883
55.1543
57.2713
58.5918
60.0333
2.23607
5.38516
8.24621
11.1803
14.1421
16.1245
19.105
22.0907
25.02
27
30.0167
32.1403
35.2278
37.4833
39.8121
42.2019
44.643
46.4866
49.0408
51.0784
52.8015
55.0091
56.4358
57.9828
3.16228
6.08276
9.05539
12.0416
14.0357
17.0294
20.025
23
25.02
28.0713
30.2655
33.3766
35.6931
38.0789
40.5216
43.0116
44.9444
47.5395
49.6588
51.4296
53.7122
55.2268
56.8595
3
6
9
11
14
17
20.025
22.0907
25.1794
27.4591
30.5941
32.9848
35.4401
37.9473
40.4969
42.5441
45.1885
47.4131
49.2443
51.6236
53.2541
55
3
6
8
11
14
17.0294
19.105
22.2036
24.5153
27.6586
30.0832
32.573
35.1141
37.6962
39.8121
42.4853
44.7772
46.6476
49.0918
50.8035
52.6308
3
5
8
11
14.0357
16.1245
19.2354
21.587
24.7386
27.2029
29.7321
32.311
34.9285
37.1214
39.8246
42.19
44.1022
46.6154
48.4149
50.3289
2
5
8
11.0454
13.1529
16.2788
18.6815
21.8403
24.3516
26.9258
29.5466
32.2025
34.4819
37.2156
39.6611
41.6173
44.2041
46.0977
48.1041
3
6
9.05539
11.1803
14.3178
16.7631
19.9249
22.4722
25.0799
27.7308
30.4138
32.7567
35.5106
38.0132
40
42.638
44.5982
46.669
3
6.08276
8.24621
11.4018
13.9284
17.088
19.6977
22.3607
25.0599
27.7849
30.2324
33.0151
35.609
37.6431
40.3609
42.4264
44.5982
3.16228
5.38516
8.544
11.1803
14.3178
17
19.7231
22.4722
25.2389
27.8029
30.6105
33.3017
35.3836
38.1838
40.3609
42.638
2.23607
5.38516
8.06226
11.1803
13.8924
16.6433
19.4165
22.2036
24.8395
27.6586
30.4138
32.5269
35.3836
37.6431
40
3.16228
5.83095
8.94427
11.6619
14.4222
17.2047
20
22.6716
25.4951
28.2843
30.4138
33.3017
35.609
38.0132
2.82843
5.83095
8.60233
11.4018
14.2127
17.0294
19.799
22.6274
25.4951
27.6586
30.6105
33.0151
35.5106
3.16228
5.83095
8.60233
11.4018
14.2127
16.9706
19.799
22.6716
24.8395
27.8029
30.2324
32.7567
2.82843
5.65685
8.48528
11.3137
14.2127
17.0294
20
22.2036
25.2389
27.7849
30.4138
2.82843
5.65685
8.48528
11.4018
14.2127
17.2047
19.4165
22.4722
25.0599
27.7308
2.82843
5.65685
8.60233
11.4018
14.4222
16.6433
19.7231
22.3607
25.0799
2.82843
5.83095
8.60233
11.6619
13.8924
17
19.6977
22.4722
3.16228
5.83095
8.94427
11.1803
14.3178
17.088
19.9249
2.82843
5.83095
8.06226
11.1803
13.9284
16.7631
3.16228
5.38516
8.544
11.4018
14.3178
2.23607
5.38516
8.24621
11.1803
3.16228
6.08276
9.05539
3
6
3
