80
52.0865
105.385
157.153
209.614
262.208
313.849
364.967
414.581
465.124
514.231
561.957
610.027
655.915
701.636
746.073
790.282
832.265
872.386
912.119
950.352
986.502
1022.18
1055.3
1086.72
1116.89
1145.48
1172.06
1196.33
1219.74
1241.46
1259.85
1277.29
1292.57
1306.11
1317.31
1327.24
1334.15
1339.12
1342.01
1344
1342.05
1339.2
1334.27
1327.4
1317.51
1306.34
1292.57
1277.29
1259.85
1241.46
1219.74
1196.33
1172.06
1145.48
1116.89
1086.72
1055.3
1022.18
986.502
950.352
912.119
872.386
832.265
790.282
746.073
701.636
655.915
610.027
561.957
514.231
465.124
414.581
364.967
314.821
263.188
210.602
158.146
106.381
53.0848
53.3385
105.224
157.877
210.775
262.774
314.341
364.472
415.616
465.365
513.861
562.766
609.528
656.21
701.689
747.003
790.171
831.515
872.57
912.119
949.723
986.887
1021.51
1054.49
1086.32
1116.6
1144.9
1170.92
1196.16
1219.7
1239.96
1259.33
1276.51
1292.01
1305.2
1317.15
1326.08
1333.05
1338
1342.01
1342.11
1341.34
1338.42
1333.59
1325.75
1316.61
1304.8
1291.46
1276
1259.55
1239.71
1218.19
1195.73
1170.97
1144.14
1115.73
1085.96
1054.44
1020.36
985.767
948.963
910.671
871.891
831.219
788.244
744.981
700.357
655.477
608.386
561.574
513.249
463.457
414.509
364.973
313.849
261.725
209.612
158.114
105
51.9711
104.785
157.965
210.297
262.292
312.923
364.651
415.023
464.278
514.009
561.634
609.273
655.79
702.205
746.561
789.131
831.515
872.386
911.456
950.118
986.258
1020.81
1054.34
1086.31
1116.37
1144.16
1171.25
1196.64
1218.81
1240.14
1259.26
1276.76
1291.97
1305.99
1316.99
1326
1333.05
1339.12
1341.34
1342.68
1341.83
1339.09
1333.36
1326.29
1316.5
1305.16
1291.75
1277.28
1259.38
1239.82
1219.23
1196.34
1171.33
1144.74
1116.68
1086.82
1054.39
1021.42
986.102
949.309
911.928
872.624
830.94
788.906
745.435
701.616
655.556
609.708
562.219
513.226
464.991
416.108
365.538
313.919
262.191
211
158.114
52.8867
106.254
158.827
211.154
262.191
314.403
365.301
415.217
465.672
514.062
562.555
610.01
657.423
702.864
746.561
790.171
832.265
872.7
912.76
950.32
986.351
1021.47
1055.05
1086.77
1116.23
1145.09
1172.24
1196.23
1219.45
1240.42
1259.84
1277
1293.01
1306
1316.99
1326.08
1334.15
1338.42
1341.83
1342.98
1342.3
1338.63
1333.58
1325.77
1316.4
1305
1292.5
1276.51
1258.89
1240.16
1219.13
1195.94
1171.16
1144.81
1116.62
1085.85
1054.51
1020.7
985.426
949.468
911.56
871.201
830.434
788.155
745.441
700.461
655.626
609.026
560.892
513.43
465.262
415.313
364.269
313
262.191
209.612
53.4883
106.231
158.824
210.202
262.835
314.197
364.716
415.838
464.94
514.234
562.577
610.94
657.423
702.205
747.003
790.282
832.05
873.476
912.432
949.916
986.603
1021.77
1055.14
1086.27
1116.89
1145.78
1171.6
1196.7
1219.53
1240.88
1259.99
1278
1293.01
1305.99
1317.15
1327.24
1333.59
1339.09
1342.3
1343.69
1342.13
1339.16
1333.37
1326.02
1316.68
1306.19
1292.17
1276.55
1259.74
1240.63
1219.32
1196.42
1171.84
1145.39
1116.35
1086.72
1054.49
1020.81
986.351
949.916
910.963
871.539
830.533
789.003
745.183
701.441
655.812
608.619
562.008
514.636
465.388
415
364.269
313.919
261.725
52.8015
105.546
157.156
210.098
261.819
312.834
364.516
414.229
464.226
513.36
562.577
610.01
655.79
701.689
746.073
789.096
831.812
872.092
910.963
949.156
985.853
1020.82
1053.56
1085.88
1116.49
1144.09
1171.04
1195.7
1218.95
1240
1259.99
1277
1291.97
1305.2
1317.31
1325.75
1333.36
1338.63
1342.13
1342.69
1341.82
1338.11
1332.81
1325.57
1317.14
1305.15
1291.59
1276.75
1259.62
1240.27
1219.32
1196.59
1171.95
1144.73
1116.89
1086.32
1054.34
1021.47
986.603
949.156
911.181
871.551
831.31
788.762
746.223
701.676
655.538
609.892
563.43
515
465.388
415.313
365.538
313.849
52.8394
104.623
157.813
209.831
261.283
313.465
363.728
414.365
464.226
514.234
562.555
609.273
656.21
701.636
745.853
789.797
831.342
871.539
911.181
949.346
985.845
1020.15
1054.13
1086.38
1115.72
1144.47
1170.9
1196
1218.95
1240.88
1259.84
1276.76
1292.01
1306.11
1316.61
1326.29
1333.58
1339.16
1341.82
1343.03
1341.36
1338.09
1332.95
1326.55
1316.58
1305.05
1292.18
1277.03
1259.62
1240.63
1219.75
1196.93
1171.53
1145.48
1116.6
1086.31
1055.05
1021.77
985.853
949.346
911.119
872.193
830.945
789.639
746.207
701.16
656.515
611
563.43
514.636
465.262
416.108
364.973
51.8652
105.209
157.433
209.23
261.817
312.541
363.728
414.229
464.94
514.062
561.634
609.528
655.915
701.248
746.343
789.079
830.533
871.551
911.119
949.089
984.896
1020.46
1054.32
1085.33
1115.83
1144
1170.9
1195.7
1219.53
1240.42
1259.26
1276.51
1292.57
1305.1
1316.84
1326.16
1333.79
1338.56
1341.85
1342.21
1340.99
1337.94
1333.6
1325.66
1316.2
1305.32
1292.18
1276.75
1259.74
1240.75
1219.79
1196.25
1172.06
1144.9
1116.37
1086.77
1055.14
1020.82
985.845
949.089
911.548
871.675
831.676
789.438
745.564
702
657.514
610.889
563.001
514.417
465.972
415.482
53.4135
105.759
157.813
210.718
261.817
313.465
364.516
415.838
465.672
514.009
562.766
610.027
656.385
702.54
746.379
789.003
831.31
872.193
911.548
948.773
985.848
1021.22
1053.84
1086
1115.83
1144.47
1171.04
1196.7
1219.45
1240.14
1259.33
1277.29
1291.8
1305.54
1316.82
1326.47
1333.29
1338.61
1340.99
1341.77
1340.79
1338.46
1332.54
1325.12
1316.2
1305.05
1291.59
1276.55
1259.45
1240.34
1218.68
1196.33
1170.92
1144.16
1116.23
1086.27
1053.56
1020.15
984.896
948.773
910.31
871.656
830.656
788
745.564
702.157
656.531
609.606
561.873
514.198
464.419
52.4023
104.652
157.813
209.23
261.283
312.834
364.716
415.217
464.278
513.861
561.957
609.309
656.494
701.411
745.183
788.762
830.945
871.675
910.31
948.89
985.772
1020
1053.84
1085.33
1115.72
1144.09
1171.6
1196.23
1218.81
1239.96
1259.85
1276.39
1292.17
1305.46
1317.17
1326.1
1333.5
1337.94
1340.79
1341.93
1341.7
1337.85
1332.54
1325.66
1316.58
1305.15
1292.17
1277.03
1259.86
1240.16
1219.74
1196.16
1171.25
1145.09
1116.89
1085.88
1054.13
1020.46
985.848
948.89
911.672
872
830.656
789.438
747.2
702.664
656.793
609.998
563.181
514.2
52.4023
105.759
157.433
209.831
261.819
314.197
365.301
415.023
465.365
514.231
562.512
610.659
656.588
701.441
746.223
789.639
831.676
871.656
911.672
950
985.772
1021.22
1054.32
1086.38
1116.49
1145.78
1172.24
1196.64
1219.7
1241.46
1259.97
1277.73
1292.98
1306.71
1317.69
1327.14
1333.6
1338.46
1341.7
1343.5
1341.7
1338.46
1333.6
1326.55
1317.14
1306.19
1292.98
1277.73
1259.97
1241.46
1219.7
1196.64
1172.24
1145.78
1116.49
1086.38
1054.32
1021.22
985.772
950
911.672
871.656
831.676
790.626
747.204
702.414
656.588
610.659
562.512
53.4135
105.209
157.813
210.098
262.835
314.403
364.651
415.616
465.124
514.2
563.181
609.998
655.812
701.676
746.207
789.438
830.656
872
911.672
948.89
985.848
1020.46
1054.13
1085.88
1116.89
1145.09
1171.25
1196.16
1219.74
1240.16
1259.86
1277.03
1292.73
1305.74
1317.2
1325.66
1332.54
1337.85
1341.7
1341.93
1340.79
1337.94
1332.95
1325.57
1316.68
1305.46
1292.17
1276.39
1259.85
1239.96
1218.81
1196.23
1171.6
1144.09
1115.72
1085.33
1053.84
1020
985.772
948.89
910.31
871.675
831.925
789.734
746.145
701.411
656.494
609.309
51.8652
104.623
157.156
210.202
262.191
312.923
364.472
414.581
464.419
514.198
561.873
608.619
655.538
701.16
745.564
788
830.656
871.656
910.31
948.773
984.896
1020.15
1053.56
1086.27
1116.23
1144.16
1170.92
1196.33
1218.68
1240.34
1259.45
1277.14
1292.21
1305.7
1316.2
1325.12
1332.54
1338.46
1340.79
1341.77
1340.99
1338.09
1332.81
1326.02
1316.82
1305.54
1291.8
1277.29
1259.33
1240.14
1219.45
1196.7
1171.04
1144.47
1115.83
1086
1053.84
1021.22
985.848
948.773
911.548
873.165
832.272
789.953
746.379
702.54
656.385
52.8394
105.546
158.824
211.154
262.292
314.341
364.967
415.482
465.972
514.417
562.008
609.892
656.515
702
745.564
789.438
831.676
871.675
911.548
949.089
985.845
1020.82
1055.14
1086.77
1116.37
1144.9
1172.06
1196.25
1219.79
1240.75
1260.36
1277.4
1292.86
1305.32
1316.2
1325.66
1333.6
1337.94
1340.99
1342.21
1341.36
1338.11
1333.37
1326.16
1316.84
1305.1
1292.57
1276.51
1259.26
1240.42
1219.53
1195.7
1170.9
1144
1115.83
1085.33
1054.32
1020.46
984.896
949.089
912.082
872.503
831.471
789.079
746.343
701.248
52.8015
106.231
158.827
210.297
262.774
313.849
364.973
416.108
465.262
513.639
562.43
610
656.515
701.16
746.207
789.639
830.945
872.193
911.119
949.346
985.853
1021.77
1055.05
1086.31
1116.6
1145.48
1171.53
1196.93
1219.75
1241.28
1260.3
1277.74
1292.18
1305.05
1316.58
1326.55
1332.95
1338.09
1341.36
1342.58
1341.41
1338.77
1333.58
1326.29
1316.61
1306.11
1292.01
1276.76
1259.84
1240.88
1218.95
1196
1170.9
1144.47
1115.72
1086.38
1054.13
1020.15
985.845
950.297
912.119
872.463
831.342
789.797
745.853
53.4883
106.254
157.965
210.775
262.208
313.849
365.538
415.313
464.389
514
562.43
609.892
655.538
701.676
746.223
788.762
831.31
871.551
911.181
949.156
986.603
1021.47
1054.34
1086.32
1116.89
1144.73
1171.95
1196.59
1220
1240.97
1260.36
1276.75
1291.59
1305.15
1317.14
1325.57
1332.81
1338.11
1341.41
1342.31
1341.78
1338.63
1333.36
1325.75
1317.31
1305.2
1291.97
1277
1259.99
1240
1218.95
1195.7
1171.04
1144.09
1116.49
1085.88
1053.56
1020.82
986.791
950.081
911.871
872.092
831.812
789.096
52.8867
104.785
157.877
209.614
261.725
313.919
364.269
414
464.389
513.639
562.008
608.619
655.812
701.441
745.183
789.003
830.533
871.539
910.963
949.916
986.351
1020.81
1054.49
1086.72
1116.35
1145.39
1171.84
1197.13
1220.06
1241.39
1259.74
1276.55
1292.17
1306.19
1316.68
1326.02
1333.37
1338.77
1341.78
1343.38
1342.3
1339.09
1333.59
1327.24
1317.15
1305.99
1293.01
1278
1259.99
1240.88
1219.53
1196.7
1171.6
1145.78
1116.89
1086.27
1055.14
1022.7
987.511
950.806
912.432
873.476
832.05
51.9711
105.224
157.153
209.612
262.191
313
363.27
414.316
464.269
513.43
560.892
609.026
655.626
700.461
745.441
788.155
830.434
871.201
911.56
949.468
985.426
1020.7
1054.51
1085.85
1116.62
1144.81
1171.9
1196.7
1219.92
1240.16
1258.89
1276.51
1292.5
1305
1316.4
1325.77
1333.24
1338.32
1342.03
1342.98
1341.83
1338.42
1334.15
1326.08
1316.99
1306
1293.01
1277
1259.84
1240.42
1219.45
1196.23
1172.24
1145.09
1116.23
1086.77
1055.96
1022.36
987.223
950.32
912.76
872.7
53.3385
105.385
158.114
211
262.191
312.922
364.545
415.12
464.991
513.226
562.219
609.708
655.556
701.616
745.435
788.906
830.94
872.624
911.928
949.309
986.102
1021.42
1054.39
1086.82
1116.68
1145.5
1172.12
1197.15
1219.23
1239.82
1259.38
1277.28
1291.75
1305.16
1316.5
1325.98
1333.09
1338.86
1341.83
1342.68
1341.34
1339.12
1333.05
1326
1316.99
1305.99
1291.97
1276.76
1259.26
1240.14
1218.81
1196.64
1171.25
1144.16
1116.37
1087.2
1055.21
1021.66
986.258
950.118
911.456
52.0865
105
158.114
209.612
260.732
312.861
363.992
414.509
463.457
513.249
561.574
608.386
655.477
700.357
744.981
788.244
831.219
871.891
910.671
948.963
985.767
1020.36
1054.44
1085.96
1116.52
1144.95
1171.8
1195.73
1218.19
1239.71
1259.55
1276
1291.46
1304.8
1316.34
1325.52
1333.4
1338.42
1341.34
1342.11
1342.01
1338
1333.05
1326.08
1317.15
1305.2
1292.01
1276.51
1259.33
1239.96
1219.7
1196.16
1170.92
1144.9
1117.47
1087.18
1055.32
1021.51
986.887
949.723
53.0848
106.381
158.146
209.614
262.208
313.849
364.967
414.581
465.124
514.231
561.957
610.027
655.915
701.636
746.073
790.282
832.265
872.386
912.119
950.352
986.502
1022.18
1055.3
1087.53
1117.72
1146.34
1172.06
1196.33
1219.74
1241.46
1259.85
1277.29
1292.57
1306.11
1317.31
1327.24
1334.27
1339.2
1342.05
1344
1342.01
1339.12
1334.15
1327.24
1317.31
1306.11
1292.57
1277.29
1259.85
1241.46
1219.74
1196.33
1172.06
1146.34
1117.72
1087.53
1055.3
1022.18
986.502
53.3385
105.224
156.895
209.802
261.811
313.39
363.534
414.693
464.457
512.97
561.894
608.675
655.379
700.88
746.217
789.411
830.78
871.863
911.44
949.073
986.268
1020.92
1054.76
1086.65
1116.98
1144.45
1170.5
1195.77
1219.35
1239.65
1259.06
1276.28
1291.82
1305.04
1317.03
1326.08
1333.05
1338
1342.05
1342.11
1341.34
1338.42
1333.59
1325.75
1316.61
1305.1
1291.8
1276.39
1259.97
1240.16
1218.68
1196.25
1172.36
1145.54
1117.14
1086.61
1055.12
1021.06
51.9711
103.812
157.003
209.347
261.354
312
363.743
414.132
463.406
513.157
560.803
608.464
655.005
701.445
745.827
788.424
830.837
871.737
910.838
949.531
985.702
1021.14
1054.72
1086.75
1115.95
1143.77
1170.9
1196.33
1218.54
1239.91
1259.07
1276.61
1291.86
1305.91
1316.99
1326
1333.05
1339.2
1341.34
1342.68
1341.83
1339.09
1333.36
1326.29
1316.84
1305.54
1292.17
1277.73
1259.86
1240.34
1219.79
1197.74
1172.74
1146.15
1117.35
1087.53
1055.12
51.923
105.304
157.889
210.231
261.283
313.512
364.428
414.365
464.841
513.253
561.77
609.25
656.689
702.157
745.882
789.522
831.645
872.112
912.204
949.798
986.735
1021.91
1055.54
1086.39
1115.89
1144.78
1171.97
1196
1219.26
1240.27
1259.72
1276.92
1292.97
1306
1316.99
1326.08
1334.27
1338.42
1341.83
1342.98
1342.3
1338.63
1333.58
1326.16
1316.82
1305.46
1292.98
1277.03
1259.45
1240.75
1220.54
1197.35
1172.58
1145.51
1117.35
1086.61
53.4883
106.231
158.824
210.202
262.835
314.197
364.716
415.838
464.94
514.234
562.577
610.94
657.423
702.205
747.003
790.282
832.05
873.476
912.432
950.806
987.511
1022.7
1055.14
1086.27
1116.89
1145.78
1171.6
1196.7
1219.53
1240.88
1259.99
1278
1292.97
1305.91
1317.03
1327.24
1333.4
1338.86
1342.03
1343.38
1341.78
1338.77
1333.37
1326.02
1316.68
1306.19
1292.17
1276.55
1259.74
1241.39
1220.06
1197.13
1171.84
1145.39
1116.35
52.8015
105.546
157.156
210.098
261.819
312.834
364.516
414.229
464.226
513.36
562.577
610.01
655.79
701.689
746.073
789.096
831.812
872.092
911.871
950.081
986.791
1020.82
1053.56
1085.88
1116.49
1144.09
1171.04
1195.7
1218.95
1240
1259.99
1276.92
1291.86
1305.04
1317.31
1325.52
1333.09
1338.32
1341.78
1342.31
1341.41
1338.11
1332.81
1325.57
1317.14
1305.15
1291.59
1276.75
1260.36
1240.97
1220
1196.59
1171.95
1144.73
52.8394
104.623
157.813
209.831
261.283
313.465
363.728
414.365
464.226
514.234
562.555
609.273
656.21
701.636
745.853
789.797
831.342
872.463
912.119
950.297
985.845
1020.15
1054.13
1086.38
1115.72
1144.47
1170.9
1196
1218.95
1240.88
1259.72
1276.61
1291.82
1306.11
1316.34
1325.98
1333.24
1338.77
1341.41
1342.58
1341.36
1338.09
1332.95
1326.55
1316.58
1305.05
1292.18
1277.74
1260.3
1241.28
1219.75
1196.93
1171.53
51.8652
105.209
157.433
209.23
261.817
312.541
363.728
414.229
464.94
514.062
561.634
609.528
655.915
701.248
746.343
789.079
831.471
872.503
912.082
949.089
984.896
1020.46
1054.32
1085.33
1115.83
1144
1170.9
1195.7
1219.53
1240.27
1259.07
1276.28
1292.57
1304.8
1316.5
1325.77
1333.37
1338.11
1341.36
1342.21
1340.99
1337.94
1333.6
1325.66
1316.2
1305.32
1292.86
1277.4
1260.36
1240.75
1219.79
1196.25
53.4135
105.759
157.813
210.718
261.817
313.465
364.516
415.838
465.672
514.009
562.766
610.027
656.385
702.54
746.379
789.953
832.272
873.165
911.548
948.773
985.848
1021.22
1053.84
1086
1115.83
1144.47
1171.04
1196.7
1219.26
1239.91
1259.06
1277.29
1291.46
1305.16
1316.4
1326.02
1332.81
1338.09
1340.99
1341.77
1340.79
1338.46
1332.54
1325.12
1316.2
1305.7
1292.21
1277.14
1259.45
1240.34
1218.68
52.4023
104.652
157.813
209.23
261.283
312.834
364.716
415.217
464.278
513.861
561.957
609.309
656.494
701.411
746.145
789.734
831.925
871.675
910.31
948.89
985.772
1020
1053.84
1085.33
1115.72
1144.09
1171.6
1196
1218.54
1239.65
1259.85
1276
1291.75
1305
1316.68
1325.57
1332.95
1337.94
1340.79
1341.93
1341.7
1337.85
1332.54
1325.66
1317.2
1305.74
1292.73
1277.03
1259.86
1240.16
52.4023
105.759
157.433
209.831
261.819
314.197
365.301
415.023
465.365
514.231
562.512
610.659
656.588
702.414
747.204
790.626
831.676
871.656
911.672
950
985.772
1021.22
1054.32
1086.38
1116.49
1145.78
1171.97
1196.33
1219.35
1241.46
1259.55
1277.28
1292.5
1306.19
1317.14
1326.55
1333.6
1338.46
1341.7
1343.5
1341.7
1338.46
1333.6
1327.14
1317.69
1306.71
1292.98
1277.73
1259.97
53.4135
105.209
157.813
210.098
262.835
314.403
364.651
415.616
465.124
514.2
563.181
609.998
656.793
702.664
747.2
789.438
830.656
872
911.672
948.89
985.848
1020.46
1054.13
1085.88
1116.89
1144.78
1170.9
1195.77
1219.74
1239.71
1259.38
1276.51
1292.17
1305.15
1316.58
1325.66
1332.54
1337.85
1341.7
1341.93
1340.79
1337.94
1333.5
1326.1
1317.17
1305.46
1292.17
1276.39
51.8652
104.623
157.156
210.202
262.191
312.923
364.472
414.581
464.419
514.198
561.873
609.606
656.531
702.157
745.564
788
830.656
871.656
910.31
948.773
984.896
1020.15
1053.56
1086.27
1115.89
1143.77
1170.5
1196.33
1218.19
1239.82
1258.89
1276.55
1291.59
1305.05
1316.2
1325.12
1332.54
1338.46
1340.79
1341.77
1340.99
1338.61
1333.29
1326.47
1316.82
1305.54
1291.8
52.8394
105.546
158.824
211.154
262.292
314.341
364.967
415.482
465.972
514.417
563.001
610.889
657.514
702
745.564
789.438
831.676
871.675
911.548
949.089
985.845
1020.82
1055.14
1086.39
1115.95
1144.45
1172.06
1195.73
1219.23
1240.16
1259.74
1276.75
1292.18
1305.32
1316.2
1325.66
1333.6
1337.94
1340.99
1342.21
1341.85
1338.56
1333.79
1326.16
1316.84
1305.1
52.8015
106.231
158.827
210.297
262.774
313.849
364.973
416.108
465.262
514.636
563.43
611
656.515
701.16
746.207
789.639
830.945
872.193
911.119
949.346
985.853
1021.77
1054.63
1085.86
1116.11
1145.48
1170.97
1196.34
1219.13
1240.63
1259.62
1277.03
1292.18
1305.05
1316.58
1326.55
1332.95
1338.09
1341.36
1343.03
1341.82
1339.16
1333.58
1326.29
1316.61
53.4883
106.254
157.965
210.775
262.208
313.849
365.538
415.313
465.388
515
563.43
609.892
655.538
701.676
746.223
788.762
831.31
871.551
911.181
949.156
986.603
1021.01
1053.85
1085.8
1116.89
1144.14
1171.33
1195.94
1219.32
1240.27
1259.62
1276.75
1291.59
1305.15
1317.14
1325.57
1332.81
1338.11
1341.82
1342.69
1342.13
1338.63
1333.36
1325.75
52.8867
104.785
157.877
209.614
261.725
313.919
364.269
415
465.388
514.636
562.008
608.619
655.812
701.441
745.183
789.003
830.533
871.539
910.963
949.916
985.862
1020.29
1053.93
1086.72
1115.73
1144.74
1171.16
1196.42
1219.32
1240.63
1259.74
1276.55
1292.17
1306.19
1316.68
1326.02
1333.37
1339.16
1342.13
1343.69
1342.3
1339.09
1333.59
51.9711
105.224
157.153
209.612
262.191
313
364.269
415.313
465.262
513.43
560.892
609.026
655.626
700.461
745.441
788.155
830.434
871.201
911.56
948.945
984.871
1020.11
1054.51
1085.2
1115.94
1144.1
1171.16
1195.94
1219.13
1240.16
1258.89
1276.51
1292.5
1305
1316.4
1325.77
1333.58
1338.63
1342.3
1342.98
1341.83
1338.42
53.3385
105.385
158.114
211
262.191
313.919
365.538
416.108
464.991
513.226
562.219
609.708
655.556
701.616
745.435
788.906
830.94
872.624
911.373
948.722
985.483
1021.42
1053.71
1086.12
1115.94
1144.74
1171.33
1196.34
1219.23
1239.82
1259.38
1277.28
1291.75
1305.16
1316.5
1326.29
1333.36
1339.09
1341.83
1342.68
1341.34
52.0865
105
158.114
209.612
261.725
313.849
364.973
414.509
463.457
513.249
561.574
608.386
655.477
700.357
744.981
788.244
831.219
871.303
910.052
948.313
985.767
1019.65
1053.71
1085.2
1115.73
1144.14
1170.97
1195.73
1218.19
1239.71
1259.55
1276
1291.46
1304.8
1316.61
1325.75
1333.59
1338.42
1341.34
1342.11
53.0848
106.381
158.146
210.602
263.188
314.821
364.967
414.581
465.124
514.231
561.957
610.027
655.915
701.636
746.073
790.282
831.645
871.737
911.44
950.352
985.767
1021.42
1054.51
1086.72
1116.89
1145.48
1172.06
1196.33
1219.74
1241.46
1259.85
1277.29
1292.57
1306.34
1317.51
1327.4
1334.27
1339.2
1342.05
53.3385
105.224
157.877
210.775
262.774
313.39
363.534
414.693
464.457
512.97
561.894
608.675
655.379
700.88
746.217
788.761
830.102
871.156
911.44
948.313
985.483
1020.11
1053.93
1085.8
1116.11
1144.45
1170.5
1195.77
1219.35
1239.65
1259.06
1276.28
1292.01
1305.2
1317.15
1326.08
1333.05
1338
51.9711
104.785
157.965
210.297
261.354
312
363.743
414.132
463.406
513.157
560.803
608.464
655.005
701.445
745.148
787.717
830.102
871.737
910.052
948.722
984.871
1020.29
1053.85
1085.86
1115.95
1143.77
1170.9
1196.33
1218.54
1239.91
1259.07
1276.76
1291.97
1305.99
1316.99
1326
1333.05
52.8867
106.254
158.827
210.231
261.283
313.512
364.428
414.365
464.841
513.253
561.77
609.25
656.689
701.45
745.148
788.761
831.645
871.303
911.373
948.945
985.862
1021.01
1054.63
1086.39
1115.89
1144.78
1171.97
1196
1219.26
1240.27
1259.84
1277
1293.01
1306
1316.99
1326.08
53.4883
106.231
157.918
209.313
261.964
313.345
363.886
415.03
464.155
513.474
561.843
610.234
656.01
700.795
745.598
789.694
830.664
872.101
911.071
949.461
986.185
1021.39
1054.8
1085.96
1116.61
1145.55
1171.4
1196.55
1219.41
1240.88
1259.99
1278
1293.01
1305.99
1317.15
52.8015
104.657
156.285
209.246
260.987
312.026
363.732
413.469
463.492
512.653
561.899
608.6
654.386
700.293
745.517
787.721
830.452
870.747
910.544
948.774
985.507
1020.51
1053.29
1085.65
1116.29
1143.93
1170.92
1195.62
1218.95
1240
1259.99
1277
1291.97
1305.2
51.9711
103.774
156.984
209.022
260.5
312.706
362.994
413.658
463.548
513.585
561.151
607.876
654.824
701.113
744.492
788.453
830.015
871.157
910.835
949.038
985.574
1019.92
1053.93
1086.23
1115.6
1144.39
1170.87
1196
1218.95
1240.88
1259.84
1276.76
1292.01
51.8652
105.209
157.433
209.23
261.817
312.541
363.728
414.229
464.94
513.253
560.803
608.675
655.915
700.357
745.435
788.155
830.533
871.551
911.119
949.089
984.896
1020.46
1054.32
1085.33
1115.83
1144
1170.87
1195.62
1219.41
1240.27
1259.07
1276.28
53.4135
105.759
157.813
210.718
261.817
313.465
364.516
415.838
464.841
513.157
561.894
610.027
655.477
701.616
745.441
789.003
831.31
872.193
911.548
948.773
985.848
1021.22
1053.84
1086
1115.83
1144.39
1170.92
1196.55
1219.26
1239.91
1259.06
52.4023
104.652
157.813
209.23
261.283
312.834
364.716
414.365
463.406
512.97
561.957
608.386
655.556
700.461
745.183
788.762
830.945
871.675
910.31
948.89
985.772
1020
1053.84
1085.33
1115.6
1143.93
1171.4
1196
1218.54
1239.65
52.4023
105.759
157.433
209.831
261.819
314.197
364.428
414.132
464.457
514.231
561.574
609.708
655.626
701.441
746.223
789.639
831.676
871.656
911.672
950
985.772
1021.22
1054.32
1086.23
1116.29
1145.55
1171.97
1196.33
1219.35
53.4135
105.209
157.813
210.098
262.835
313.512
363.743
414.693
465.124
513.249
562.219
609.026
655.812
701.676
746.207
789.438
830.656
872
911.672
948.89
985.848
1020.46
1053.93
1085.65
1116.61
1144.78
1170.9
1195.77
51.8652
104.623
157.156
210.202
261.283
312
363.534
414.581
463.457
513.226
560.892
608.619
655.538
701.16
745.564
788
830.656
871.656
910.31
948.773
984.896
1019.92
1053.29
1085.96
1115.89
1143.77
1170.5
52.8394
105.546
158.824
210.231
261.354
313.39
364.967
414.509
464.991
513.43
562.008
609.892
656.515
702
745.564
789.438
831.676
871.675
911.548
949.089
985.574
1020.51
1054.8
1086.39
1115.95
1144.45
52.8015
106.231
157.889
209.347
261.811
313.849
363.992
415.12
464.269
513.639
562.43
610
656.515
701.16
746.207
789.639
830.945
872.193
911.119
949.038
985.507
1021.39
1054.63
1085.86
1116.11
53.4883
105.304
157.003
209.802
262.208
312.861
364.545
414.316
464.389
514
562.43
609.892
655.538
701.676
746.223
788.762
831.31
871.551
910.835
948.774
986.185
1021.01
1053.85
1085.8
51.923
103.812
156.895
209.614
260.732
312.922
363.27
414
464.389
513.639
562.008
608.619
655.812
701.441
745.183
789.003
830.533
871.157
910.544
949.461
985.862
1020.29
1053.93
51.9711
105.224
158.146
209.612
262.191
313
364.269
415.313
465.262
514.417
561.873
609.998
656.588
701.411
746.379
789.079
830.924
871.639
911.944
949.798
985.702
1020.92
53.3385
106.381
158.114
211
262.191
313.919
365.538
416.108
465.972
514.198
563.181
610.659
656.494
702.54
746.343
789.345
831.325
872.955
912.204
949.531
986.268
53.0848
105
158.114
209.612
261.725
313.849
364.973
415.482
464.419
514.2
562.512
609.309
656.385
701.248
745.366
788.575
831.496
872.112
910.838
949.073
52.0865
105.385
157.153
209.614
262.208
313.849
364.967
414.581
465.124
514.231
561.957
610.027
655.915
701.113
745.517
789.694
831.645
871.737
911.44
53.3385
105.224
157.877
210.775
262.774
314.341
364.472
415.616
465.365
513.861
562.766
609.528
655.656
701.103
746.385
789.522
830.837
871.863
51.9711
104.785
157.965
210.297
262.292
312.923
364.651
415.023
464.278
514.009
561.634
608.685
655.172
701.556
745.882
788.424
830.78
52.8867
106.254
158.827
211.154
262.191
314.403
365.301
415.217
465.672
514.062
561.937
609.361
656.745
702.157
745.827
789.411
53.4883
106.231
158.824
210.202
262.835
314.197
364.716
415.838
464.94
513.585
561.899
610.234
656.689
701.445
746.217
52.8015
105.546
157.156
210.098
261.819
312.834
364.516
414.229
463.548
512.653
561.843
609.25
655.005
700.88
52.8394
104.623
157.813
209.831
261.283
313.465
363.728
413.658
463.492
513.474
561.77
608.464
655.379
51.8652
105.209
157.433
209.23
261.817
312.541
362.994
413.469
464.155
513.253
560.803
608.675
53.4135
105.759
157.813
210.718
261.817
312.706
363.732
415.03
464.841
513.157
561.894
52.4023
104.652
157.813
209.23
260.5
312.026
363.886
414.365
463.406
512.97
52.4023
105.759
157.433
209.022
260.987
313.345
364.428
414.132
464.457
53.4135
105.209
156.984
209.246
261.964
313.512
363.743
414.693
51.8652
103.774
156.285
209.313
261.283
312
363.534
51.9711
104.657
157.918
210.231
261.354
313.39
52.8015
106.231
158.827
210.297
262.774
53.4883
106.254
157.965
210.775
52.8867
104.785
157.877
51.9711
105.224
53.3385
