80
34.0588
69.2604
103.817
137.768
172.386
205.915
239.282
272.591
305.949
338
370.028
401.171
431.648
461.533
490.91
519.65
546.774
573.781
600.053
625.082
648.945
672.488
694.375
715.291
735.532
753.59
770.912
787.561
803.614
816.927
830.187
839.93
849.72
858.618
866.638
872.663
877.069
880.707
882.655
884
882.694
880.786
877.187
872.819
866.833
858.852
849.991
839.93
830.187
816.927
803.614
787.561
770.912
753.59
735.532
715.291
694.375
672.488
648.945
625.082
600.053
573.781
546.774
519.65
490.91
461.533
431.648
401.171
370.028
338
305.949
272.591
240.244
206.886
173.367
138.755
104.809
70.2567
35.0571
35.2278
69.8713
103.942
138.741
172.525
206.184
239.821
273.542
306.052
338.545
370.257
401.328
431.834
461.863
491.337
519.224
547.033
574.171
600.053
624.869
649.387
672.28
694.208
715.525
734.685
753.13
770.927
788.155
802.679
817.152
828.151
839.209
849.379
858.679
866.028
871.735
876.699
880
882.655
882.701
882.152
879.889
876.836
872.193
865.514
857.952
849.151
840.696
828.689
816.63
801.799
786.347
770.201
753.302
734.197
714.356
693.542
671.045
648.21
624.109
598.783
572.659
546.381
518.464
489.825
460.652
430.862
400.386
368.917
337.427
304.529
272.619
239.654
206.495
172.166
138.438
104.077
69
34.7131
68.884
103.846
137.877
171.817
205.769
239.842
272.809
305.761
338.043
369.709
400.839
431.521
461.737
490.397
519.016
547.033
573.781
599.568
625.08
648.999
671.96
694.375
714.664
734.26
753.233
771.664
787.433
803.152
815.444
827.807
839.287
849.904
858.618
865.668
872
876.699
880.707
882.152
883.009
882.13
880.439
877.187
871.861
865.647
858.157
851.038
840.334
829.579
816.022
801.819
786.901
771.21
753.293
734.577
714.885
693.485
671.727
648.602
624.271
599.077
573.691
546.642
518.787
490.368
461.308
431.539
400.671
369.778
337.38
305.941
273.403
240.635
206.62
173.142
139
104.077
34.2053
69.2604
103.465
137.615
171.814
206.167
239.52
272.861
305.64
337.831
369.515
400.78
431.669
461.034
490.397
519.224
546.774
573.468
599.908
624.792
648.726
672.18
693.542
714.233
734.328
753.908
770.873
787.789
801.331
814.956
827.703
839.598
849.641
858
865.668
871.735
877.069
879.889
882.13
882.617
882.27
880.397
876.413
871.539
865.355
859.567
850.17
840.72
828.445
815.5
801.82
787.351
770.639
753.069
734.522
714.244
693.589
671.472
648.167
623.939
599.481
573.342
546.312
518.693
490.408
461.395
431.177
400.935
369.091
338.179
306.124
273.807
240.169
207
173.142
138.438
35.1141
69.4622
103.788
138.196
172.792
206.495
240.185
273.426
306.105
338.303
370.115
401.637
431.669
461.737
491.337
519.65
547.212
574.543
600.354
625.224
649.68
672.079
693.831
715.011
735.706
753.834
771.913
786.675
801.531
815.515
828.657
840
849.641
858.618
866.028
872.663
876.836
880.439
882.27
883.249
882.734
880.078
876.53
871.639
867.167
859.065
850.91
839.91
828.218
815.771
802.519
787.01
770.585
753.183
734.031
714.482
693.377
671.107
647.853
624.333
599.114
572.923
546.117
518.623
490.38
460.834
431.26
399.992
369.628
338.08
306.235
273
240.169
206.62
172.166
34.4384
68.884
103.446
138.232
172.235
206.228
239.885
273.007
305.68
337.997
370.115
400.78
431.521
461.863
490.91
519.317
547.515
574.233
600.022
625.464
648.889
671.692
693.951
715.755
735.044
754.287
770.276
786.37
801.6
816
828.657
839.598
849.904
858.679
866.638
872.193
877.187
880.397
882.734
883.616
882.327
880.145
876.589
873.476
866.719
859.908
850.235
839.849
828.689
816.709
802.462
787.241
771.044
753.08
734.701
714.673
693.503
671.289
648.772
624.54
599.256
573.331
546.696
519.294
490.486
461.649
431.028
401.278
370.304
339
306.235
273.807
240.635
206.495
34.4819
69.1158
104.01
138.221
172.43
206.41
239.885
272.943
305.68
338.303
369.515
400.839
431.834
461.533
490.697
519.678
547.22
573.847
600.194
624.568
648.346
671.609
694.447
714.829
735.166
752.317
769.585
786
801.6
815.515
827.703
839.287
849.379
858.618
865.514
871.861
876.413
880.078
882.327
882.381
881.545
879.307
877.536
872.112
866.635
858.288
849.207
839.336
828.633
815.659
801.655
786.68
769.925
752.737
733.813
713.773
692.633
671.155
647.951
623.617
598.619
572.892
546.381
518.368
490.324
460.41
431.335
401
370.304
338.08
306.124
273.403
239.654
34.6699
69.6348
104.019
138.409
172.679
206.475
239.885
273.007
306.105
337.831
369.709
401.328
431.648
461.542
491.276
519.616
547.055
574.282
599.582
624.312
648.556
672.408
693.862
715.275
733.573
752
769.585
786.37
801.531
814.956
827.807
839.209
849.72
857.952
865.647
871.539
876.53
880.145
881.545
882.057
881.141
880.714
876.633
872.498
865.485
857.721
849.151
839.738
828.051
815.28
801.544
786.016
770.039
752.239
733.352
713.309
692.892
670.741
647.383
623.339
598.547
572.955
545.766
518.545
489.369
461
431.335
401.278
369.628
338.179
305.941
272.619
35
69.527
104.062
138.593
172.679
206.41
239.885
273.426
305.64
338.043
370.257
401.171
431.77
462.232
491.346
519.574
547.659
573.864
599.527
624.734
649.58
672.093
694.565
714
733.573
752.317
770.276
786.675
801.331
815.444
828.151
839.93
849.497
858.539
865.774
872.092
877.078
879.83
881.697
882.111
883.036
880.307
877.525
871.863
865.43
858.177
850.069
839.689
828.17
815.692
801.414
786.67
770.019
752.309
733.389
714.06
692.988
670.636
647.575
623.747
599.103
572.77
546.404
518
490.368
461.407
432.021
400.98
370.072
338.352
305.491
34.6554
69.2965
104.062
138.409
172.43
206.228
240.185
272.861
305.761
338.545
370.028
401.31
432.478
462.346
491.343
520.266
547.362
573.943
600.097
625.921
649.481
673
693.565
714.278
734.173
753.299
770.933
786.817
802.19
816.202
829.248
840.155
850.549
859.131
866.783
873.147
877.26
880.493
882.25
884.537
883.177
881.762
877.469
872.386
866.469
859.687
850.634
840.39
829.195
816.192
802.706
787.231
770.726
752.958
734.744
714.782
693.467
671.42
648.587
624.924
599.481
574
546.404
519.542
491.318
462.637
432.241
401.908
370.741
338.378
34.6554
69.527
104.019
138.221
172.235
206.495
239.52
272.809
306.052
338
369.855
401.622
432.14
461.806
491.467
519.355
546.759
573.767
600.48
625
649.481
671.096
692.869
713.841
734.063
752.861
769.91
786.481
801.741
816.002
828.199
839.898
849.786
858.735
866.443
871.891
876.466
879.546
883.177
883.177
883.122
880.196
876.466
871.891
866.443
858.735
849.786
839.898
828.199
816.002
801.741
786.481
769.91
752.861
734.063
713.841
692.869
671.096
648.482
624
599.481
572.77
546.759
519.355
491.467
461.806
432.14
401.622
369.855
35
69.6348
104.01
138.232
172.792
206.167
239.842
273.542
305.949
338.378
370.741
401.908
432.241
462.637
491.318
519.542
547.403
575
600.48
625.921
648.587
671.42
693.467
714.782
734.744
752.958
770.726
787.231
802.706
816.192
829.195
840.39
850.634
859.687
866.469
872.386
876.79
881.762
883.122
884.426
882.869
880.493
877.26
873.147
866.783
859.131
850.549
840.155
829.248
816.202
802.19
786.817
770.933
753.299
734.173
714.278
693.565
672
648.482
624.924
599.103
573.943
547.362
520.266
491.343
462.346
432.478
401.31
34.6699
69.1158
103.446
138.196
171.814
205.769
239.821
272.591
305.491
338.352
370.072
400.98
432.021
461.407
490.368
519
547.403
573.767
600.097
623.747
647.575
670.636
692.988
714.06
733.389
752.309
770.019
786.67
801.414
815.692
828.17
839.689
850.069
858.177
865.43
871.156
877.469
880.196
882.869
882.699
881.697
879.83
877.078
872.092
865.774
858.539
849.497
839.93
828.151
815.444
801.331
786.675
770.276
752.317
733.573
714
693.565
671.096
648.587
623.747
599.527
573.864
547.659
519.574
491.346
462.232
431.77
34.4819
68.884
103.788
137.615
171.817
206.184
239.282
272.619
305.941
338.179
369.628
401.278
431.335
461
490.368
519.542
546.759
573.943
598.547
623.339
647.383
670.741
692.892
713.309
733.352
752.239
770.039
786.016
801.544
815.28
828.051
839.738
849.151
857.721
864.751
872.386
876.466
880.493
881.697
882.057
881.545
880.145
876.53
871.539
865.647
857.952
849.72
839.209
827.807
814.956
801.531
786.37
769.585
752
733.573
714.278
692.869
671.42
647.575
624.312
599.582
574.282
547.055
519.616
491.276
461.542
34.4384
69.4622
103.465
137.877
172.525
205.915
239.654
273.403
306.124
338.08
370.304
401
431.335
461.407
491.318
519.355
547.362
572.892
598.619
623.617
647.951
671.155
692.633
713.773
733.813
752.737
769.925
786.68
801.655
815.659
828.633
839.336
849.207
857.527
866.469
871.891
877.26
879.83
881.545
882.381
882.327
880.078
876.413
871.861
865.514
858.618
849.379
839.287
827.703
815.515
801.6
786
769.585
752.317
734.173
713.841
693.467
670.636
648.346
624.568
600.194
573.847
547.22
519.678
490.697
35.1141
69.2604
103.846
138.741
172.386
206.495
240.635
273.807
306.235
339
370.304
401.278
432.021
462.637
491.467
520.266
546.696
573.331
599.256
624.54
648.772
671.289
693.503
714.673
734.701
753.08
771.044
787.241
802.462
816.709
828.689
839.849
849.45
859.687
866.443
873.147
877.078
880.145
882.327
883.616
882.734
880.397
877.187
872.193
866.638
858.679
849.904
839.598
828.657
816
801.6
786.37
770.276
753.299
734.063
714.782
692.988
671.692
648.889
625.464
600.022
574.233
547.515
519.317
34.2053
68.884
103.942
137.768
172.166
206.62
240.169
273
306.235
338.08
369.628
400.98
432.241
461.806
491.343
518.623
546.117
572.923
599.114
624.333
647.853
671.107
693.377
714.482
734.031
753.183
770.585
787.01
802.519
815.771
828.218
839.101
850.634
858.735
866.783
872.092
876.53
880.078
882.734
883.249
882.27
880.439
876.836
872.663
866.028
858.618
849.641
840
828.657
815.515
801.531
786.675
770.933
752.861
734.744
714.06
693.831
672.079
649.68
625.224
600.354
574.543
547.212
34.7131
69.8713
103.817
138.438
173.142
207
240.169
273.807
306.124
338.179
370.072
401.908
432.14
462.346
490.408
518.693
546.312
573.342
599.481
623.939
648.167
671.472
693.589
714.244
734.522
753.069
770.639
787.351
801.82
815.5
827.613
840.39
849.786
859.131
865.774
871.539
876.413
880.397
882.27
882.617
882.13
879.889
877.069
871.735
865.668
858
849.641
839.598
827.703
814.956
801.331
786.817
769.91
752.958
733.389
714.233
693.542
672.18
648.726
624.792
599.908
573.468
35.2278
69.2604
104.077
139
173.142
206.62
240.635
273.403
305.941
338.352
370.741
401.622
432.478
461.308
490.368
518.787
546.642
573.691
599.077
624.271
648.602
671.727
693.485
714.885
734.577
753.293
771.21
786.901
801.819
815.169
829.195
839.898
850.549
858.539
865.647
871.861
877.187
880.439
882.13
883.009
882.152
880.707
876.699
872
865.668
858.618
849.904
839.287
827.807
815.444
802.19
786.481
770.726
752.309
734.26
714.664
694.375
671.96
648.999
625.08
599.568
34.0588
69
104.077
138.438
172.166
206.495
239.654
272.619
305.491
338.378
369.855
401.31
430.862
460.652
489.825
518.464
546.381
572.659
598.783
624.109
648.21
671.045
693.542
714.356
734.197
753.302
770.201
786.347
800.926
816.192
828.199
840.155
849.497
857.952
865.514
872.193
876.836
879.889
882.152
882.701
882.655
880
876.699
871.735
866.028
858.679
849.379
839.209
828.151
816.202
801.741
787.231
770.019
753.13
734.685
715.525
694.208
672.28
649.387
624.869
35.0571
70.2567
104.809
138.755
173.367
206.886
240.244
273.542
306.888
338.923
370.937
401.171
431.648
461.533
490.91
519.65
546.774
573.781
600.053
625.082
648.945
672.488
694.375
715.291
735.532
753.59
770.912
786.67
803.125
816.385
829.595
840.239
849.991
858.852
866.833
872.819
877.187
880.786
882.694
884
882.655
880.707
877.069
872.663
866.638
858.618
849.72
839.93
829.248
816.002
802.706
786.67
770.912
753.59
735.532
715.291
694.375
672.488
648.945
35.2278
69.8713
103.942
138.741
172.525
206.184
239.821
273.542
306.052
338.545
369.385
400.476
431.003
461.053
490.552
518.464
546.298
573.464
599.374
624.22
648.769
671.693
693.653
715.003
734.197
752.677
769.601
787.231
801.741
816.202
828.151
839.209
849.379
858.679
866.028
871.735
876.699
880
882.694
882.701
882.152
879.889
876.836
872.193
865.514
857.952
849.497
840.155
828.199
816.192
801.414
786.868
770.756
753.889
734.816
715.005
694.22
671.751
34.7131
68.884
103.846
137.877
171.817
205.769
239.842
272.809
305.761
337.191
368.879
400.031
430.735
460.977
489.663
518.31
546.355
573.132
598.95
624.493
648.445
671.438
693.888
714.211
733.843
751.927
770.726
786.481
802.19
815.444
827.807
839.287
849.904
858.618
865.668
872
876.699
880.786
882.152
883.009
882.13
880.439
877.187
871.861
865.647
858.539
850.549
839.898
829.195
815.692
802.375
787.488
771.829
753.942
735.256
715.592
694.22
34.2053
69.2604
103.465
137.615
171.814
206.167
239.52
272.861
304.81
337.024
368.73
400.02
430.935
460.327
489.718
518.576
546.155
572.88
599.354
624.271
648.238
671.727
693.124
713.852
733.044
752.958
769.91
786.817
801.331
814.956
827.703
839.598
849.641
858
865.668
871.735
877.187
879.889
882.13
882.617
882.27
880.397
876.413
871.539
865.774
859.131
849.786
840.39
828.17
816.088
802.439
788.001
771.318
753.776
735.256
715.005
35.1141
69.4622
103.788
138.196
172.792
206.495
240.185
272.619
305.321
337.544
369.381
400.93
430.991
461.088
490.719
519.062
546.657
574.022
599.867
624.77
649.262
671.697
693.485
713.751
734.744
752.861
770.933
786.675
801.531
815.515
828.657
840
849.641
858.618
866.028
872.819
876.836
880.439
882.27
883.249
882.734
880.078
876.53
872.092
866.783
858.735
850.634
839.689
828.837
816.42
803.197
787.717
771.318
753.942
734.816
34.4384
68.884
103.446
138.232
172.235
206.228
239.102
272.25
304.948
337.291
369.437
400.132
430.903
461.276
490.355
518.796
547.028
573.781
599.604
625.082
648.545
671.384
692.718
714.782
734.063
753.299
770.276
786.37
801.6
816
828.657
839.598
849.904
858.679
866.833
872.193
877.187
880.397
882.734
883.616
882.327
880.145
877.078
873.147
866.443
859.687
850.069
840.498
829.367
817.415
803.197
788.001
771.829
753.889
34.4819
69.1158
104.01
138.221
172.43
205.65
239.153
272.237
305
337.654
368.896
400.251
431.279
461.01
490.209
519.224
546.803
573.464
599.848
624.26
648.075
670.403
693.467
713.841
734.173
752.317
769.585
786
801.6
815.515
827.703
839.287
849.379
858.852
865.514
871.861
876.413
880.078
882.327
882.381
881.545
879.83
877.26
871.891
866.469
858.177
849.885
840.043
829.367
816.42
802.439
787.488
770.756
34.6699
69.6348
104.019
138.409
171.945
205.769
239.207
272.356
305.485
337.243
369.153
400.805
431.158
461.088
490.857
519.234
546.708
573.973
599.31
624.079
647.38
671.42
692.869
714.278
733.573
752
769.585
786.37
801.531
814.956
827.807
839.209
849.991
857.952
865.647
871.539
876.53
880.145
881.545
882.057
881.697
880.493
876.466
872.386
865.43
858.428
849.885
840.498
828.837
816.088
802.375
786.868
35
69.527
104.062
137.888
172.003
205.762
239.266
272.839
305.085
337.52
369.769
400.716
431.351
461.85
491.001
519.265
547.387
573.631
599.333
623.59
648.587
671.096
693.565
714
733.573
752.317
770.276
786.675
801.331
815.444
828.151
840.239
849.497
858.539
865.774
872.092
877.078
879.83
881.697
882.699
882.869
880.196
877.469
871.863
866.164
858.937
850.854
840.497
829.001
816.545
802.287
34.6554
69.2965
103.392
137.768
171.817
205.643
239.633
272.342
305.275
338.095
369.611
400.93
432.134
462.04
491.073
520.035
547.169
573.788
598.987
624.924
648.482
672
693.565
714.278
734.173
753.299
770.933
786.817
802.19
816.202
829.595
840.155
850.549
859.131
866.783
873.147
877.26
880.493
882.869
884.426
883.122
881.762
877.525
873.147
867.254
860.495
851.465
841.243
830.067
817.083
34.6554
68.884
103.407
137.637
171.68
205.973
239.033
272.356
305.635
337.617
369.51
401.314
431.87
461.573
491.273
519.2
546.642
572.693
599.481
624
648.482
671.096
692.869
713.841
734.063
752.861
769.91
786.481
801.741
816.385
828.199
839.898
849.786
858.735
866.443
871.891
876.466
880.196
883.122
883.177
883.177
880.307
877.251
872.7
867.274
859.587
850.659
840.788
829.107
34.4093
69.0652
103.465
137.713
172.308
205.718
239.426
273.163
305.604
338.072
370.473
401.678
432.047
462.482
491.203
519.466
546.366
574
599.481
624.924
648.587
671.42
693.467
714.782
734.744
752.958
770.726
787.231
803.125
816.192
829.195
840.39
850.634
859.687
866.469
872.386
877.469
881.762
883.177
884.537
883.036
881.302
878.091
873.999
867.655
860.022
851.456
841.078
34.6699
69.1158
103.446
138.196
171.814
205.769
239.821
272.591
305.491
338.352
370.072
400.98
432.021
461.407
490.368
518
546.366
572.693
598.987
623.59
647.38
670.403
692.718
713.751
733.044
751.927
769.601
786.67
800.926
815.169
827.613
839.101
849.45
857.527
864.751
871.156
876.79
879.546
882.25
882.111
881.697
879.83
877.078
872.092
865.774
858.539
849.497
34.4819
68.884
103.788
137.615
171.817
206.184
239.282
272.619
305.941
338.179
369.628
401.278
431.335
461
489.369
518.469
545.649
572.8
598.352
623.106
647.112
670.433
692.547
712.927
732.934
751.785
770.039
785.493
800.988
814.691
827.432
839.088
848.472
857.013
864.751
871.737
875.847
879.905
881.141
882.057
881.545
880.145
876.53
871.539
865.647
857.952
34.4384
69.4622
103.465
137.877
172.525
205.915
239.654
273.403
306.124
338.08
370.304
401
431.335
460.41
490.209
518.212
546.188
572.659
598.348
623.308
647.606
670.773
692.215
713.32
733.324
752.737
769.369
786.092
801.035
815.01
827.954
838.629
848.472
857.527
865.85
871.303
876.704
879.307
881.545
882.381
882.327
880.078
876.413
871.861
865.514
35.1141
69.2604
103.846
138.741
172.386
206.495
240.635
273.807
306.235
339
370.304
401.278
431.028
461.494
490.292
519.062
546.425
573.022
598.91
624.158
648.353
670.835
693.014
714.15
734.701
752.493
770.425
786.591
801.784
816.001
827.954
839.088
849.45
859.098
865.887
872.624
876.589
880.145
882.327
883.616
882.734
880.397
877.187
872.193
34.2053
68.884
103.942
137.768
172.166
206.62
240.169
273
306.235
338.08
369.628
399.992
431.066
460.601
490.11
518.314
545.77
572.54
598.695
623.879
647.365
670.585
692.821
714.482
733.411
752.532
769.905
786.303
801.784
815.01
827.432
839.101
850.078
858.212
866.294
871.639
876.53
880.078
882.734
883.249
882.27
880.439
876.836
34.7131
69.8713
103.817
138.438
173.142
207
240.169
273.807
306.124
338.179
369.091
400.704
430.907
461.088
490.062
518.31
545.894
572.889
598.993
623.417
647.613
670.884
693.589
713.595
733.843
752.362
769.905
786.591
801.035
814.691
827.613
839.867
849.297
858.676
865.355
871.539
876.413
880.397
882.27
882.617
882.13
879.889
35.2278
69.2604
104.077
139
173.142
206.62
240.635
273.403
305.941
337.38
369.509
400.362
431.195
460.925
489.949
518.333
546.155
573.168
598.522
623.683
647.983
671.727
692.807
714.178
733.843
752.532
770.425
786.092
800.988
815.169
828.706
839.443
850.129
858.157
865.647
871.861
877.187
880.439
882.13
883.009
882.152
34.0588
69
104.077
138.438
172.166
206.495
239.654
272.619
304.529
337.12
368.572
400.005
430.443
460.197
489.336
517.942
545.825
572.071
598.164
623.459
648.21
670.337
692.807
713.595
733.411
752.493
769.369
785.493
800.926
815.738
827.78
839.772
849.151
857.952
865.514
872.193
876.836
879.889
882.152
882.701
35.0571
70.2567
104.809
138.755
173.367
206.886
240.244
272.591
305.604
337.617
369.611
400.716
431.158
461.01
490.355
519.062
546.155
573.132
599.374
625.082
648.21
671.727
693.589
714.482
734.701
752.737
770.039
786.67
802.706
816.002
829.248
839.93
849.991
858.852
866.833
872.819
877.187
880.786
882.694
35.2278
69.8713
103.942
138.741
172.525
206.184
238.883
272.237
304.726
337.202
368.896
399.952
430.447
460.466
489.933
517.815
545.62
572.756
599.374
623.459
647.983
670.884
692.821
714.15
733.324
751.785
769.601
786.848
801.394
815.892
827.88
839.209
849.379
858.679
866.028
871.735
876.699
880
34.7131
68.884
103.846
137.877
171.817
204.846
238.516
271.465
304.401
336.667
368.322
399.442
430.116
460.327
488.984
517.602
545.62
573.132
598.164
623.683
647.613
670.585
693.014
713.32
732.934
751.927
770.38
786.173
801.918
815.212
827.807
839.287
849.904
858.618
865.668
872
876.699
34.2053
69.2604
103.465
137.615
170.906
204.824
238.16
271.487
304.253
336.434
368.11
399.371
430.256
459.619
488.984
517.815
546.155
572.071
598.522
623.417
647.365
670.835
692.215
712.927
733.044
752.649
769.64
786.584
801.137
814.956
827.703
839.598
849.641
858
865.668
871.735
35.1141
69.4622
103.788
137.306
171.432
205.119
238.799
272.029
304.7
336.893
368.702
400.222
430.256
460.327
489.933
519.062
545.825
573.168
598.993
623.879
648.353
670.773
692.547
713.751
734.473
752.628
770.737
786.52
801.531
815.515
828.657
840
849.641
858.618
866.028
34.4384
68.884
102.577
136.858
170.848
204.832
238.481
271.597
304.266
336.583
368.702
399.371
430.116
460.466
490.355
517.942
546.155
572.889
598.695
624.158
647.606
670.433
692.718
714.55
733.869
753.143
770.16
786.37
801.6
816
828.657
839.598
849.904
858.679
34.4819
68.2642
102.626
136.825
171.026
205
238.472
271.529
304.266
336.893
368.11
399.442
430.447
461.01
489.336
518.333
545.894
572.54
598.91
623.308
647.112
670.403
693.271
713.685
734.055
752.239
769.585
786
801.6
815.515
827.703
839.287
849.379
33.8378
68.2422
102.616
137
171.266
205.061
238.472
271.597
304.7
336.434
368.322
399.952
431.158
460.197
489.949
518.31
545.77
573.022
598.348
623.106
647.38
671.263
692.752
714.199
733.535
752
769.585
786.37
801.531
814.956
827.807
839.209
34.4093
68.884
103.392
137.888
171.945
205.65
239.102
272.619
304.81
337.191
369.385
401.171
430.862
461.308
490.408
518.623
546.696
572.892
598.547
623.747
648.587
671.096
693.565
714
733.535
752.239
770.16
786.52
801.137
815.212
827.88
34.6554
69.2965
104.062
138.409
172.43
206.228
240.185
272.861
305.761
338.545
370.937
401.31
432.478
462.346
491.343
520.266
547.362
573.943
600.097
625.921
649.481
673
694.565
715.196
735.048
754.131
771.718
787.556
802.881
816.843
34.6554
69.527
104.019
138.221
172.235
206.495
239.52
272.809
306.052
338.923
369.855
401.622
432.14
461.806
491.467
519.355
546.759
573.767
600.48
625
649.481
672.093
693.745
714.673
734.85
753.601
770.602
787.125
802.333
35
69.6348
104.01
138.232
172.792
206.167
239.842
273.542
306.888
338.378
370.741
401.908
432.241
462.637
491.318
519.542
547.403
575
600.48
625.921
649.58
672.251
694.252
715.522
735.435
753.6
771.318
787.772
34.6699
69.1158
103.446
138.196
171.814
205.769
239.821
273.542
305.491
338.352
370.072
400.98
432.021
461.407
490.368
519
547.403
573.767
600.097
624.734
648.361
671.375
693.681
714.703
733.982
752.851
770.509
34.4819
68.884
103.788
137.615
171.817
206.184
240.244
272.619
305.941
338.179
369.628
401.278
431.335
461
490.368
519.542
546.759
573.943
599.527
624.079
648.075
671.384
693.485
713.852
733.843
752.677
34.4384
69.4622
103.465
137.877
172.525
206.886
239.654
273.403
306.124
338.08
370.304
401
431.335
461.407
491.318
519.355
547.362
573.864
599.31
624.26
648.545
671.697
693.124
714.211
734.197
35.1141
69.2604
103.846
138.741
173.367
206.495
240.635
273.807
306.235
339
370.304
401.278
432.021
462.637
491.467
520.266
547.659
573.973
599.848
625.082
649.262
671.727
693.888
715.003
34.2053
68.884
103.942
138.755
172.166
206.62
240.169
273
306.235
338.08
369.628
400.98
432.241
461.806
491.343
519.574
546.708
573.464
599.604
624.77
648.238
671.438
693.653
34.7131
69.8713
104.809
138.438
173.142
207
240.169
273.807
306.124
338.179
370.072
401.908
432.14
462.346
491.346
519.234
546.803
573.781
599.867
624.271
648.445
671.693
35.2278
70.2567
104.077
139
173.142
206.62
240.635
273.403
305.941
338.352
370.741
401.622
432.478
462.232
490.857
519.224
547.028
574.022
599.354
624.493
648.769
35.0571
69
104.077
138.438
172.166
206.495
239.654
272.619
305.491
338.378
369.855
401.31
431.77
461.088
490.209
518.796
546.657
572.88
598.95
624.22
34.0588
69.2604
103.817
137.768
172.386
205.915
239.282
272.591
305.949
338
370.028
401.171
431.158
461.01
490.355
519.062
546.155
573.132
599.374
35.2278
69.8713
103.942
138.741
172.525
206.184
239.821
273.542
306.052
338.545
370.257
400.805
431.279
461.276
490.719
518.576
546.355
573.464
34.7131
68.884
103.846
137.877
171.817
205.769
239.842
272.809
305.761
338.043
369.153
400.251
430.903
461.088
489.718
518.31
546.298
34.2053
69.2604
103.465
137.615
171.814
206.167
239.52
272.861
305.64
337.243
368.896
400.132
430.991
460.327
489.663
518.464
35.1141
69.4622
103.788
138.196
172.792
206.495
240.185
273.426
305.485
337.654
369.437
400.93
430.935
460.977
490.552
34.4384
68.884
103.446
138.232
172.235
206.228
239.885
272.356
305
337.291
369.381
400.02
430.735
461.053
34.4819
69.1158
104.01
138.221
172.43
206.41
239.207
272.237
304.948
337.544
368.73
400.031
431.003
34.6699
69.6348
104.019
138.409
172.679
205.769
239.153
272.25
305.321
337.024
368.879
400.476
35
69.527
104.062
138.593
171.945
205.65
239.102
272.619
304.81
337.191
369.385
34.6554
69.2965
104.062
137.644
171.642
205.419
239.353
272.007
304.889
337.654
34.6554
69.527
103.233
137.412
171.406
205.643
238.648
271.919
305.144
35
68.8186
103.175
137.379
171.919
205.275
238.933
272.617
33.8378
68.2642
102.577
137.306
170.906
204.846
238.883
34.4819
68.884
103.788
137.615
171.817
206.184
34.4384
69.4622
103.465
137.877
172.525
35.1141
69.2604
103.846
138.741
34.2053
68.884
103.942
34.7131
69.8713
35.2278
