100
23.0217
46.0977
70.3491
93.771
116.559
139.635
163.025
186.035
208.521
230.532
253.061
275.572
296.493
318.496
339.454
359.862
380.217
400.586
420.212
439.438
458.263
476.555
495.202
512.182
529.623
545.466
561.143
576.814
591.665
605.083
618.509
631.981
644.169
655.629
666.363
677.284
687.128
695.805
704.424
711.541
718.401
724.71
730.514
734.883
739.003
742.845
745.295
747.417
748.354
748.001
748.385
747.479
745.389
742.97
739.159
735.07
730.732
724.959
718.68
711.849
704.762
696.174
687.525
677.709
666.817
656.111
644.677
632.516
619.07
605.67
592.278
577.45
561.805
546.15
529.623
512.91
495.952
477.326
459.053
440.247
421.038
401.43
381.077
360.738
340.344
319.401
297.41
276.501
254.002
231.482
209.48
187.003
164
140.616
117.546
94.7629
71.3442
47.0956
24.0208
23.0868
47.3814
70.859
93.7443
116.927
140.431
163.6
186.261
208.463
231.193
253.949
275.118
297.405
318.68
339.401
360.09
380.816
400.839
420.462
439.683
458.416
477.528
494.975
512.91
529.253
545.439
561.669
577.07
591.054
605.06
619.124
631.927
644.003
655.355
666.91
677.422
686.735
696.038
703.841
711.372
718.366
724.872
729.957
734.782
739.321
742.489
745.355
747
747.385
748.477
748.281
746.938
745.242
742.133
738.757
735.141
730.08
724.498
718.349
711.961
704.071
696.072
686.941
676.702
666.631
655.833
644.308
631.476
618.678
605.875
591.622
576.563
561.443
545.422
529.253
512.79
494.662
476.861
458.481
439.701
420.523
400.562
380.592
360.544
339.954
318.284
297.659
275.443
253.16
231.387
209.122
186.317
163.086
140.161
117.516
94.1913
70.0286
47
24.3311
47.8539
70.8308
94.1116
117.72
141.039
163.866
186.253
209.172
232.166
253.576
276.139
297.725
318.751
339.768
360.843
381.257
401.269
420.88
440.048
459.619
477.528
495.952
512.79
529.48
546.265
562.211
576.758
591.339
605.991
619.407
632.096
644.063
656.25
667.428
677.374
687.36
695.848
704.049
711.728
718.936
724.736
730.267
735.503
739.39
743
745.355
746.481
748.281
748.798
748.205
747.232
744.831
742.17
739.281
734.935
730.053
724.591
718.905
711.72
704.376
695.935
686.354
676.925
666.768
655.886
643.675
631.485
619.279
605.607
591.141
576.563
561.056
545.439
529.48
511.856
494.535
476.592
458.249
439.51
419.949
400.356
380.664
360.436
339.096
318.763
296.84
274.804
253.269
231.225
208.626
185.559
162.788
140.289
117.068
93
70.0286
23.5372
46.5725
69.9214
93.6056
117.047
140.014
162.561
185.648
208.856
230.489
253.308
275.187
296.503
317.833
339.246
360.04
380.433
400.425
420.021
440.048
458.416
477.326
494.662
511.856
529.2
545.697
560.815
575.981
591.23
605.271
618.586
631.184
644.019
655.881
666.48
677.171
686.368
695.262
703.651
711.588
718.132
724.399
730.362
735
739.39
742.489
744.394
746.938
748.205
748.402
748.195
746.542
744.64
742.52
738.936
734.799
730.068
725.132
718.7
712.057
704.356
695.484
686.746
677.28
667.091
655.552
644.023
632.463
619.426
605.607
591.622
576.68
561.669
546.265
529.2
512.411
494.955
477.1
458.852
439.742
420.577
401.289
381.473
360.514
340.52
318.939
297.195
275.944
254.167
231.821
208.959
186.387
164.076
141
117.068
94.1913
23.0868
46.4866
70.2282
93.7763
116.867
139.556
162.791
186.196
208.031
231.087
253.239
274.824
296.446
318.173
339.324
360.074
380.423
400.425
420.88
439.683
459.053
476.861
494.535
512.411
529.431
545.094
560.817
576.636
591.274
605.188
618.389
631.843
644.362
655.587
666.953
676.832
686.391
695.463
704.1
711.362
718.337
725
730.362
735.503
739.321
741.978
745.242
747.232
748.195
748.728
747.8
746.633
745.258
742.412
738.999
734.979
730.77
725.069
719.108
712.127
703.946
695.881
687.088
677.575
666.694
655.809
644.881
632.463
619.279
605.875
591.488
577.07
562.211
545.697
529.431
512.455
495.082
477.319
458.656
439.915
421.029
401.622
381.041
361.386
340.147
318.699
297.733
276.226
254.136
231.487
209.117
187
164.076
140.289
117.516
23.4094
47.1699
70.7743
93.9415
116.726
140.064
163.615
185.607
208.849
231.225
253.032
274.898
296.892
318.352
339.411
360.074
380.433
401.269
420.462
440.247
458.481
476.592
494.955
512.455
528.622
544.861
561.208
576.403
590.877
604.644
618.68
631.817
643.634
655.641
666.168
676.362
686.086
695.393
703.344
711
718.337
724.399
730.267
734.782
738.171
742.133
744.831
746.542
747.8
747.584
747.14
746.499
744.382
741.685
738.369
734.882
729.91
724.63
718.368
710.879
703.489
695.374
686.543
676.327
666.095
655.809
644.023
631.485
618.678
604.861
591.054
576.758
560.815
545.094
528.622
511.755
494.502
476.313
458.024
439.568
420.601
400.431
381.147
360.285
339.167
318.522
297.321
275.525
253.126
231
209.117
186.387
162.788
140.161
23.7697
47.4236
70.6612
93.5361
116.97
140.663
162.807
186.231
208.828
230.853
252.96
275.218
296.985
318.352
339.324
360.04
381.257
400.839
421.038
439.701
458.249
477.1
495.082
511.755
528.512
545.39
561.145
576.184
590.52
605.142
618.903
631.317
643.97
655.152
665.986
676.368
686.353
695
703.344
711.362
718.132
724.736
729.957
734.088
738.757
742.17
744.64
746.633
747.14
747.429
747.533
746.156
744.186
741.585
738.832
734.599
730.011
724.481
717.697
710.994
703.569
695.432
685.894
676.327
666.694
655.552
643.675
631.476
618.243
605.06
591.339
575.981
560.817
544.861
528.512
511.781
494.079
476.254
458.24
439.724
419.977
401.075
380.601
359.825
339.511
318.628
297.136
275
253.126
231.487
208.959
185.559
163.086
23.7065
47.0106
69.9714
93.4933
117.324
139.617
163.221
186.038
208.279
230.625
253.144
275.218
296.892
318.173
339.246
360.843
380.816
401.43
420.523
439.51
458.852
477.319
494.502
511.781
529.193
545.514
561.121
576.032
591.244
605.635
618.652
631.957
643.802
655.284
666.331
677
686.353
695.393
704.1
711.588
718.936
724.872
729.756
735.141
739.281
742.52
745.258
746.499
747.533
748.392
747.767
746.536
744.662
742.653
739.173
735.288
730.502
724.436
718.433
711.709
704.278
695.432
686.543
677.575
667.091
655.886
644.308
631.672
619.124
605.991
591.23
576.636
561.208
545.39
529.193
511.989
494.64
477.08
459.025
439.714
421.203
401.128
380.706
360.734
340.178
319
297.136
275.525
254.136
231.821
208.626
186.317
23.3238
46.3249
69.8928
93.8136
116.211
139.946
162.936
185.348
207.889
230.625
252.96
274.898
296.446
317.833
339.768
360.09
381.077
400.562
419.949
439.742
458.656
476.313
494.079
511.989
528.841
544.985
560.44
576.212
591.202
604.794
618.724
631.206
643.311
655
666.331
676.368
686.086
695.463
703.651
711.728
718.366
723.99
730.08
734.935
738.936
742.412
744.382
746.156
747.767
747.894
747.402
746.257
744.995
742.273
739.097
735.063
729.725
724.431
718.42
711.709
703.569
695.374
687.088
677.28
666.768
655.833
643.817
631.927
619.407
605.271
591.274
576.403
561.145
545.514
528.841
512.001
494.927
477.37
458.53
440.447
420.811
400.78
381.189
361
340.178
318.628
297.321
276.226
254.167
231.225
209.122
23.0217
46.6154
70.6045
93.086
116.932
140.071
162.635
185.348
208.279
230.853
253.032
274.824
296.503
318.751
339.401
360.738
380.592
400.356
420.577
439.915
458.024
476.254
494.64
512.001
528.66
544.637
560.946
576.514
590.661
605.194
618.292
631
643.311
655.284
665.986
676.362
686.391
695.262
704.049
711.372
717.72
724.498
730.053
734.799
738.999
741.685
744.186
746.536
747.402
747.638
747.211
746.684
744.71
742.235
738.943
734.326
729.734
724.431
718.433
710.994
703.489
695.881
686.746
676.925
666.631
655.234
644.003
632.096
618.586
605.188
590.877
576.184
561.121
544.985
528.66
512.079
495.025
476.666
459.019
439.83
420.201
401
381.189
360.734
339.511
318.522
297.733
275.944
253.269
231.387
23.6008
47.634
70.1783
94.1116
117.38
140.071
162.936
186.038
208.828
231.225
253.239
275.187
297.725
318.68
340.344
360.544
380.664
401.289
421.029
439.568
458.24
477.08
494.927
512.079
528.557
545.382
561.507
576.189
591.305
605
618.292
631.206
643.802
655.152
666.168
676.832
686.368
695.848
703.841
710.898
718.349
724.591
730.068
734.979
738.369
741.585
744.662
746.257
747.211
747.493
747.693
746.459
744.678
742.122
738.219
734.326
729.725
724.436
717.697
710.879
703.946
695.484
686.354
676.702
665.926
655.355
644.063
631.184
618.389
604.644
590.52
576.032
560.44
544.637
528.557
512.016
494.146
476.944
458.214
439
420.201
400.78
380.706
359.825
339.167
318.699
297.195
274.804
253.16
24.0832
46.6905
70.7107
94.1116
116.932
139.946
163.221
186.231
208.849
231.087
253.308
276.139
297.405
319.401
339.954
360.436
381.473
401.622
420.601
439.724
459.025
477.37
495.025
512.016
529.367
546.06
561.289
577
591.305
605.194
618.724
631.957
643.97
655.641
666.953
677.171
687.36
696.038
703.822
711.961
718.905
725.132
730.77
734.882
738.832
742.653
744.995
746.684
747.693
748.637
748.162
747.092
745.291
742.122
738.943
735.063
730.502
724.481
718.368
712.127
704.356
695.935
686.941
676.805
666.91
656.25
644.019
631.843
618.68
605.142
591.244
576.212
560.946
545.382
529.367
512.001
495.259
477
458.214
439.83
420.811
401.128
380.601
360.285
340.147
318.939
296.84
275.443
22.6274
46.6905
70.1783
93.086
116.211
139.617
162.807
185.607
208.031
230.489
253.576
275.118
297.41
318.284
339.096
360.514
381.041
400.431
419.977
439.714
458.53
476.666
494.146
512.001
529.242
545
561.289
576.189
590.661
604.794
618.652
631.317
643.634
655.587
666.48
677.374
686.735
695.245
704.071
711.72
718.7
725.069
729.91
734.599
739.173
742.273
744.71
746.459
748.162
748.461
748.119
747.092
744.678
742.235
739.097
735.288
730.011
724.63
719.108
712.057
704.376
696.072
686.607
677.422
667.428
655.881
644.362
631.817
618.903
605.635
591.202
576.514
561.507
546.06
529.242
513
495.259
476.944
459.019
440.447
421.203
401.075
381.147
361.386
340.52
318.763
297.659
24.0832
47.634
70.6045
93.8136
117.324
140.663
163.615
186.196
208.856
232.166
253.949
276.501
297.659
318.763
340.52
361.386
381.147
401.075
421.203
440.447
459.019
476.944
495.259
513
529.242
546.06
561.507
576.514
591.202
605.635
618.903
631.817
644.362
655.881
667.428
677.422
686.607
696.072
704.376
712.057
719.108
724.63
730.011
735.288
739.097
742.235
744.678
747.092
748.119
748.461
748.162
746.459
744.71
742.273
739.173
734.599
729.91
725.069
718.7
711.72
704.071
695.245
686.735
677.374
666.48
655.587
643.634
631.317
618.652
604.794
590.661
576.189
561.289
545
529.242
512.001
494.146
476.666
458.53
439.714
419.977
400.431
381.041
360.514
339.096
318.284
23.6008
46.6154
69.8928
93.4933
116.97
140.064
162.791
185.648
209.172
231.193
254.002
275.443
296.84
318.939
340.147
360.285
380.601
401.128
420.811
439.83
458.214
477
495.259
512.001
529.367
545.382
560.946
576.212
591.244
605.142
618.68
631.843
644.019
656.25
666.91
676.805
686.941
695.935
704.356
712.127
718.368
724.481
730.502
735.063
738.943
742.122
745.291
747.092
748.162
748.637
747.693
746.684
744.995
742.653
738.832
734.882
730.77
725.132
718.905
711.961
703.822
696.038
687.36
677.171
666.953
655.641
643.97
631.957
618.724
605.194
591.305
577
561.289
546.06
529.367
512.016
495.025
477.37
459.025
439.724
420.601
401.622
381.473
360.436
339.954
23.0217
46.3249
69.9714
93.5361
116.726
139.556
162.561
186.253
208.463
231.482
253.16
274.804
297.195
318.699
339.167
359.825
380.706
400.78
420.201
439
458.214
476.944
494.146
512.016
528.557
544.637
560.44
576.032
590.52
604.644
618.389
631.184
644.063
655.355
665.926
676.702
686.354
695.484
703.946
710.879
717.697
724.436
729.725
734.326
738.219
742.122
744.678
746.459
747.693
747.493
747.211
746.257
744.662
741.585
738.369
734.979
730.068
724.591
718.349
710.898
703.841
695.848
686.368
676.832
666.168
655.152
643.802
631.206
618.292
605
591.305
576.189
561.507
545.382
528.557
512.079
494.927
477.08
458.24
439.568
421.029
401.289
380.664
360.544
23.3238
47.0106
70.6612
93.9415
116.867
140.014
163.866
186.261
209.48
231.387
253.269
275.944
297.733
318.522
339.511
360.734
381.189
401
420.201
439.83
459.019
476.666
495.025
512.079
528.66
544.985
561.121
576.184
590.877
605.188
618.586
632.096
644.003
655.234
666.631
676.925
686.746
695.881
703.489
710.994
718.433
724.431
729.734
734.326
738.943
742.235
744.71
746.684
747.211
747.638
747.402
746.536
744.186
741.685
738.999
734.799
730.053
724.498
717.72
711.372
704.049
695.262
686.391
676.362
665.986
655.284
643.311
631
618.292
605.194
590.661
576.514
560.946
544.637
528.66
512.001
494.64
476.254
458.024
439.915
420.577
400.356
380.592
23.7065
47.4236
70.7743
93.7763
117.047
141.039
163.6
187.003
209.122
231.225
254.167
276.226
297.321
318.628
340.178
361
381.189
400.78
420.811
440.447
458.53
477.37
494.927
512.001
528.841
545.514
561.145
576.403
591.274
605.271
619.407
631.927
643.817
655.833
666.768
677.28
687.088
695.374
703.569
711.709
718.42
724.431
729.725
735.063
739.097
742.273
744.995
746.257
747.402
747.894
747.767
746.156
744.382
742.412
738.936
734.935
730.08
723.99
718.366
711.728
703.651
695.463
686.086
676.368
666.331
655
643.311
631.206
618.724
604.794
591.202
576.212
560.44
544.985
528.841
511.989
494.079
476.313
458.656
439.742
419.949
400.562
23.7697
47.1699
70.2282
93.6056
117.72
140.431
164
186.317
208.626
231.821
254.136
275.525
297.136
319
340.178
360.734
380.706
401.128
421.203
439.714
459.025
477.08
494.64
511.989
529.193
545.39
561.208
576.636
591.23
605.991
619.124
631.672
644.308
655.886
667.091
677.575
686.543
695.432
704.278
711.709
718.433
724.436
730.502
735.288
739.173
742.653
744.662
746.536
747.767
748.392
747.533
746.499
745.258
742.52
739.281
735.141
729.756
724.872
718.936
711.588
704.1
695.393
686.353
677
666.331
655.284
643.802
631.957
618.652
605.635
591.244
576.032
561.121
545.514
529.193
511.781
494.502
477.319
458.852
439.51
420.523
23.4094
46.4866
69.9214
94.1116
116.927
140.616
163.086
185.559
208.959
231.487
253.126
275
297.136
318.628
339.511
359.825
380.601
401.075
419.977
439.724
458.24
476.254
494.079
511.781
528.512
544.861
560.817
575.981
591.339
605.06
618.243
631.476
643.675
655.552
666.694
676.327
685.894
695.432
703.569
710.994
717.697
724.481
730.011
734.599
738.832
741.585
744.186
746.156
747.533
747.429
747.14
746.633
744.64
742.17
738.757
734.088
729.957
724.736
718.132
711.362
703.344
695
686.353
676.368
665.986
655.152
643.97
631.317
618.903
605.142
590.52
576.184
561.145
545.39
528.512
511.755
495.082
477.1
458.249
439.701
23.0868
46.5725
70.8308
93.7443
117.546
140.161
162.788
186.387
209.117
231
253.126
275.525
297.321
318.522
339.167
360.285
381.147
400.431
420.601
439.568
458.024
476.313
494.502
511.755
528.622
545.094
560.815
576.758
591.054
604.861
618.678
631.485
644.023
655.809
666.095
676.327
686.543
695.374
703.489
710.879
718.368
724.63
729.91
734.882
738.369
741.685
744.382
746.499
747.14
747.584
747.8
746.542
744.831
742.133
738.171
734.782
730.267
724.399
718.337
711
703.344
695.393
686.086
676.362
666.168
655.641
643.634
631.817
618.68
604.644
590.877
576.403
561.208
544.861
528.622
512.455
494.955
476.592
458.481
23.5372
47.8539
70.859
94.7629
117.516
140.289
164.076
187
209.117
231.487
254.136
276.226
297.733
318.699
340.147
361.386
381.041
401.622
421.029
439.915
458.656
477.319
495.082
512.455
529.431
545.697
562.211
577.07
591.488
605.875
619.279
632.463
644.881
655.809
666.694
677.575
687.088
695.881
703.946
712.127
719.108
725.069
730.77
734.979
738.999
742.412
745.258
746.633
747.8
748.728
748.195
747.232
745.242
741.978
739.321
735.503
730.362
725
718.337
711.362
704.1
695.463
686.391
676.832
666.953
655.587
644.362
631.843
618.389
605.188
591.274
576.636
560.817
545.094
529.431
512.411
494.535
476.861
24.3311
47.3814
71.3442
94.1913
117.068
141
164.076
186.387
208.959
231.821
254.167
275.944
297.195
318.939
340.52
360.514
381.473
401.289
420.577
439.742
458.852
477.1
494.955
512.411
529.2
546.265
561.669
576.68
591.622
605.607
619.426
632.463
644.023
655.552
667.091
677.28
686.746
695.484
704.356
712.057
718.7
725.132
730.068
734.799
738.936
742.52
744.64
746.542
748.195
748.402
748.205
746.938
744.394
742.489
739.39
735
730.362
724.399
718.132
711.588
703.651
695.262
686.368
677.171
666.48
655.881
644.019
631.184
618.586
605.271
591.23
575.981
560.815
545.697
529.2
511.856
494.662
23.0868
47.0956
70.0286
93
117.068
140.289
162.788
185.559
208.626
231.225
253.269
274.804
296.84
318.763
339.096
360.436
380.664
400.356
419.949
439.51
458.249
476.592
494.535
511.856
529.48
545.439
561.056
576.563
591.141
605.607
619.279
631.485
643.675
655.886
666.768
676.925
686.354
695.935
704.376
711.72
718.905
724.591
730.053
734.935
739.281
742.17
744.831
747.232
748.205
748.798
748.281
746.481
745.355
743
739.39
735.503
730.267
724.736
718.936
711.728
704.049
695.848
687.36
677.374
667.428
656.25
644.063
632.096
619.407
605.991
591.339
576.758
562.211
546.265
529.48
512.79
24.0208
47
70.0286
94.1913
117.516
140.161
163.086
186.317
209.122
231.387
253.16
275.443
297.659
318.284
339.954
360.544
380.592
400.562
420.523
439.701
458.481
476.861
494.662
512.79
529.253
545.422
561.443
576.563
591.622
605.875
618.678
631.476
644.308
655.833
666.631
676.702
686.941
696.072
704.071
711.961
718.349
724.498
730.08
735.141
738.757
742.133
745.242
746.938
748.281
748.477
747.385
747
745.355
742.489
739.321
734.782
729.957
724.872
718.366
711.372
703.841
696.038
686.735
677.422
666.91
655.355
644.003
631.927
619.124
605.06
591.054
577.07
561.669
545.439
529.253
23.0217
46.0977
70.3491
93.771
116.559
139.635
163.025
186.035
208.521
230.532
253.061
275.572
296.493
318.496
339.454
359.862
380.217
400.586
420.212
439.438
458.263
476.555
495.202
512.182
528.918
545.466
561.143
576.814
591.665
605.083
618.509
631.981
644.169
655.629
666.363
677.284
687.128
695.805
704.424
711.541
718.401
724.71
730.514
734.883
739.003
742.845
745.295
747.417
748.354
748
748.385
747.479
745.389
742.97
739.159
735.07
730.732
724.959
718.68
711.849
704.762
696.174
687.525
677.709
666.817
656.111
644.677
632.516
619.07
605.67
592.278
577.45
561.805
546.15
23.0868
47.3814
70.859
93.7443
116.927
140.431
163.6
186.261
208.463
231.193
253.949
275.118
297.405
318.68
339.401
360.09
380.816
400.839
420.462
439.683
458.416
477.528
494.975
512.227
529.253
545.439
561.669
577.07
591.054
605.06
619.124
631.927
644.003
655.355
666.91
677.422
686.735
696.038
703.841
711.372
718.366
724.872
729.957
734.782
739.321
742.489
745.355
747
747.354
748.477
748.281
746.938
745.242
742.133
738.757
735.141
730.08
724.498
718.349
711.961
704.071
696.072
686.941
676.702
666.631
655.833
644.308
631.476
618.678
605.875
591.622
576.563
561.443
24.3311
47.8539
70.8308
94.1116
117.72
141.039
163.866
186.253
209.172
232.166
253.576
276.139
297.725
318.751
339.768
360.843
381.257
401.269
420.88
440.048
459.619
477.528
495.291
512.79
529.48
546.265
562.211
576.758
591.339
605.991
619.407
632.096
644.063
656.25
667.428
677.374
687.36
695.848
704.049
711.728
718.936
724.736
730.267
735.503
739.39
743
745.355
746.419
748.281
748.798
748.205
747.232
744.831
742.17
739.281
734.935
730.053
724.591
718.905
711.72
704.376
695.935
686.354
676.925
666.768
655.886
643.675
631.485
619.279
605.607
591.141
576.563
23.5372
46.5725
69.9214
93.6056
117.047
140.014
162.561
185.648
208.856
230.489
253.308
275.187
296.503
317.833
339.246
360.04
380.433
400.425
420.021
440.048
458.416
476.69
494.662
511.856
529.2
545.697
560.815
575.981
591.23
605.271
618.586
631.184
644.019
655.881
666.48
677.171
686.368
695.262
703.651
711.588
718.132
724.399
730.362
735
739.39
742.489
744.299
746.938
748.205
748.402
748.195
746.542
744.64
742.52
738.936
734.799
730.068
725.132
718.7
712.057
704.356
695.484
686.746
677.28
667.091
655.552
644.023
632.463
619.426
605.607
591.622
23.0868
46.4866
70.2282
93.7763
116.867
139.556
162.791
186.196
208.031
231.087
253.239
274.824
296.446
318.173
339.324
360.074
380.423
400.425
420.88
439.683
458.442
476.861
494.535
512.411
529.431
545.094
560.817
576.636
591.274
605.188
618.389
631.843
644.362
655.587
666.953
676.832
686.391
695.463
704.1
711.362
718.337
725
730.362
735.503
739.321
741.852
745.242
747.232
748.195
748.728
747.8
746.633
745.258
742.412
738.999
734.979
730.77
725.069
719.108
712.127
703.946
695.881
687.088
677.575
666.694
655.809
644.881
632.463
619.279
605.875
23.4094
47.1699
70.7743
93.9415
116.726
140.064
163.615
185.607
208.849
231.225
253.032
274.898
296.892
318.352
339.411
360.074
380.433
401.269
420.462
439.659
458.481
476.592
494.955
512.455
528.622
544.861
561.208
576.403
590.877
604.644
618.68
631.817
643.634
655.641
666.168
676.362
686.086
695.393
703.344
711
718.337
724.399
730.267
734.782
738.015
742.133
744.831
746.542
747.8
747.584
747.14
746.499
744.382
741.685
738.369
734.882
729.91
724.63
718.368
710.879
703.489
695.374
686.543
676.327
666.095
655.809
644.023
631.485
618.678
23.7697
47.4236
70.6612
93.5361
116.97
140.663
162.807
186.231
208.828
230.853
252.96
275.218
296.985
318.352
339.324
360.04
381.257
400.839
420.476
439.701
458.249
477.1
495.082
511.755
528.512
545.39
561.145
576.184
590.52
605.142
618.903
631.317
643.97
655.152
665.986
676.368
686.353
695
703.344
711.362
718.132
724.736
729.957
733.901
738.757
742.17
744.64
746.633
747.14
747.429
747.533
746.156
744.186
741.585
738.832
734.599
730.011
724.481
717.697
710.994
703.569
695.432
685.894
676.327
666.694
655.552
643.675
631.476
23.7065
47.0106
69.9714
93.4933
117.324
139.617
163.221
186.038
208.279
230.625
253.144
275.218
296.892
318.173
339.246
360.843
380.816
400.895
420.523
439.51
458.852
477.319
494.502
511.781
529.193
545.514
561.121
576.032
591.244
605.635
618.652
631.957
643.802
655.284
666.331
677
686.353
695.393
704.1
711.588
718.936
724.872
729.538
735.141
739.281
742.52
745.258
746.499
747.533
748.392
747.767
746.536
744.662
742.653
739.173
735.288
730.502
724.436
718.433
711.709
704.278
695.432
686.543
677.575
667.091
655.886
644.308
23.3238
46.3249
69.8928
93.8136
116.211
139.946
162.936
185.348
207.889
230.625
252.96
274.898
296.446
317.833
339.768
360.09
380.569
400.562
419.949
439.742
458.656
476.313
494.079
511.989
528.841
544.985
560.44
576.212
591.202
604.794
618.724
631.206
643.311
655
666.331
676.368
686.086
695.463
703.651
711.728
718.366
723.741
730.08
734.935
738.936
742.412
744.382
746.156
747.767
747.894
747.402
746.257
744.995
742.273
739.097
735.063
729.725
724.431
718.42
711.709
703.569
695.374
687.088
677.28
666.768
655.833
23.0217
46.6154
70.6045
93.086
116.932
140.071
162.635
185.348
208.279
230.853
253.032
274.824
296.503
318.751
339.401
360.257
380.592
400.356
420.577
439.915
458.024
476.254
494.64
512.001
528.66
544.637
560.946
576.514
590.661
605.194
618.292
631
643.311
655.284
665.986
676.362
686.391
695.262
704.049
711.372
717.441
724.498
730.053
734.799
738.999
741.685
744.186
746.536
747.402
747.638
747.211
746.684
744.71
742.235
738.943
734.326
729.734
724.431
718.433
710.994
703.489
695.881
686.746
676.925
666.631
23.6008
47.634
70.1783
94.1116
117.38
140.071
162.936
186.038
208.828
231.225
253.239
275.187
297.725
318.68
339.89
360.544
380.664
401.289
421.029
439.568
458.24
477.08
494.927
512.079
528.557
545.382
561.507
576.189
591.305
605
618.292
631.206
643.802
655.152
666.168
676.832
686.368
695.848
703.841
710.589
718.349
724.591
730.068
734.979
738.369
741.585
744.662
746.257
747.211
747.493
747.693
746.459
744.678
742.122
738.219
734.326
729.725
724.436
717.697
710.879
703.946
695.484
686.354
676.702
24.0832
46.6905
70.7107
94.1116
116.932
139.946
163.221
186.231
208.849
231.087
253.308
276.139
297.405
318.976
339.954
360.436
381.473
401.622
420.601
439.724
459.025
477.37
495.025
512.016
529.367
546.06
561.289
577
591.305
605.194
618.724
631.957
643.97
655.641
666.953
677.171
687.36
696.038
703.483
711.961
718.905
725.132
730.77
734.882
738.832
742.653
744.995
746.684
747.693
748.637
748.162
747.092
745.291
742.122
738.943
735.063
730.502
724.481
718.368
712.127
704.356
695.935
686.941
22.6274
46.6905
70.1783
93.086
116.211
139.617
162.807
185.607
208.031
230.489
253.576
275.118
297.015
318.284
339.096
360.514
381.041
400.431
419.977
439.714
458.53
476.666
494.146
512.001
529.242
545
561.289
576.189
590.661
604.794
618.652
631.317
643.634
655.587
666.48
677.374
686.735
694.876
704.071
711.72
718.7
725.069
729.91
734.599
739.173
742.273
744.71
746.459
748.162
748.461
748.119
747.092
744.678
742.235
739.097
735.288
730.011
724.63
719.108
712.057
704.376
696.072
24.0832
47.634
70.6045
93.8136
117.324
140.663
163.615
186.196
208.856
232.166
253.949
276.134
297.659
318.763
340.52
361.386
381.147
401.075
421.203
440.447
459.019
476.944
495.259
513
529.242
546.06
561.507
576.514
591.202
605.635
618.903
631.817
644.362
655.881
667.428
677.422
686.21
696.072
704.376
712.057
719.108
724.63
730.011
735.288
739.097
742.235
744.678
747.092
748.119
748.461
748.162
746.459
744.71
742.273
739.173
734.599
729.91
725.069
718.7
711.72
704.071
23.6008
46.6154
69.8928
93.4933
116.97
140.064
162.791
185.648
209.172
231.193
253.665
275.443
296.84
318.939
340.147
360.285
380.601
401.128
420.811
439.83
458.214
477
495.259
512.001
529.367
545.382
560.946
576.212
591.244
605.142
618.68
631.843
644.019
656.25
666.91
676.379
686.941
695.935
704.356
712.127
718.368
724.481
730.502
735.063
738.943
742.122
745.291
747.092
748.162
748.637
747.693
746.684
744.995
742.653
738.832
734.882
730.77
725.132
718.905
711.961
23.0217
46.3249
69.9714
93.5361
116.726
139.556
162.561
186.253
208.463
231.173
253.16
274.804
297.195
318.699
339.167
359.825
380.706
400.78
420.201
439
458.214
476.944
494.146
512.016
528.557
544.637
560.44
576.032
590.52
604.644
618.389
631.184
644.063
655.355
665.472
676.702
686.354
695.484
703.946
710.879
717.697
724.436
729.725
734.326
738.219
742.122
744.678
746.459
747.693
747.493
747.211
746.257
744.662
741.585
738.369
734.979
730.068
724.591
718.349
23.3238
47.0106
70.6612
93.9415
116.867
140.014
163.866
186.261
209.201
231.387
253.269
275.944
297.733
318.522
339.511
360.734
381.189
401
420.201
439.83
459.019
476.666
495.025
512.079
528.66
544.985
561.121
576.184
590.877
605.188
618.586
632.096
644.003
654.753
666.631
676.925
686.746
695.881
703.489
710.994
718.433
724.431
729.734
734.326
738.943
742.235
744.71
746.684
747.211
747.638
747.402
746.536
744.186
741.685
738.999
734.799
730.053
724.498
23.7065
47.4236
70.7743
93.7763
117.047
141.039
163.6
186.754
209.122
231.225
254.167
276.226
297.321
318.628
340.178
361
381.189
400.78
420.811
440.447
458.53
477.37
494.927
512.001
528.841
545.514
561.145
576.403
591.274
605.271
619.407
631.927
643.308
655.833
666.768
677.28
687.088
695.374
703.569
711.709
718.42
724.431
729.725
735.063
739.097
742.273
744.995
746.257
747.402
747.894
747.767
746.156
744.382
742.412
738.936
734.935
730.08
23.7697
47.1699
70.2282
93.6056
117.72
140.431
163.783
186.317
208.626
231.821
254.136
275.525
297.136
319
340.178
360.734
380.706
401.128
421.203
439.714
459.025
477.08
494.64
511.989
529.193
545.39
561.208
576.636
591.23
605.991
619.124
631.136
644.308
655.886
667.091
677.575
686.543
695.432
704.278
711.709
718.433
724.436
730.502
735.288
739.173
742.653
744.662
746.536
747.767
748.392
747.533
746.499
745.258
742.52
739.281
735.141
23.4094
46.4866
69.9214
94.1116
116.927
140.428
163.086
185.559
208.959
231.487
253.126
275
297.136
318.628
339.511
359.825
380.601
401.075
419.977
439.724
458.24
476.254
494.079
511.781
528.512
544.861
560.817
575.981
591.339
605.06
617.681
631.476
643.675
655.552
666.694
676.327
685.894
695.432
703.569
710.994
717.697
724.481
730.011
734.599
738.832
741.585
744.186
746.156
747.533
747.429
747.14
746.633
744.64
742.17
738.757
23.0868
46.5725
70.8308
93.7443
117.388
140.161
162.788
186.387
209.117
231
253.126
275.525
297.321
318.522
339.167
360.285
381.147
400.431
420.601
439.568
458.024
476.313
494.502
511.755
528.622
545.094
560.815
576.758
591.054
604.273
618.678
631.485
644.023
655.809
666.095
676.327
686.543
695.374
703.489
710.879
718.368
724.63
729.91
734.882
738.369
741.685
744.382
746.499
747.14
747.584
747.8
746.542
744.831
742.133
23.5372
47.8539
70.859
94.6414
117.516
140.289
164.076
187
209.117
231.487
254.136
276.226
297.733
318.699
340.147
361.386
381.041
401.622
421.029
439.915
458.656
477.319
495.082
512.455
529.431
545.697
562.211
577.07
590.875
605.875
619.279
632.463
644.881
655.809
666.694
677.575
687.088
695.881
703.946
712.127
719.108
725.069
730.77
734.979
738.999
742.412
745.258
746.633
747.8
748.728
748.195
747.232
745.242
24.3311
47.3814
71.2531
94.1913
117.068
141
164.076
186.387
208.959
231.821
254.167
275.944
297.195
318.939
340.52
360.514
381.473
401.289
420.577
439.742
458.852
477.1
494.955
512.411
529.2
546.265
561.669
576.043
591.622
605.607
619.426
632.463
644.023
655.552
667.091
677.28
686.746
695.484
704.356
712.057
718.7
725.132
730.068
734.799
738.936
742.52
744.64
746.542
748.195
748.402
748.205
746.938
23.0868
47.0425
70.0286
93
117.068
140.289
162.788
185.559
208.626
231.225
253.269
274.804
296.84
318.763
339.096
360.436
380.664
400.356
419.949
439.51
458.249
476.592
494.535
511.856
529.48
545.439
560.394
576.563
591.141
605.607
619.279
631.485
643.675
655.886
666.768
676.925
686.354
695.935
704.376
711.72
718.905
724.591
730.053
734.935
739.281
742.17
744.831
747.232
748.205
748.798
748.281
24
47
70.0286
94.1913
117.516
140.161
163.086
186.317
209.122
231.387
253.16
275.443
297.659
318.284
339.954
360.544
380.592
400.562
420.523
439.701
458.481
476.861
494.662
512.79
529.253
544.737
561.443
576.563
591.622
605.875
618.678
631.476
644.308
655.833
666.631
676.702
686.941
696.072
704.071
711.961
718.349
724.498
730.08
735.141
738.757
742.133
745.242
746.938
748.281
748.477
23
46.0435
70.2567
93.6483
116.4
139.445
162.807
185.785
208.24
230.222
252.723
275.204
296.096
318.071
338.999
359.38
379.708
400.05
419.649
438.85
457.651
475.918
494.54
511.497
527.502
544.737
560.394
576.043
590.875
604.273
617.681
631.136
643.308
654.753
665.472
676.379
686.21
694.876
703.483
710.589
717.441
723.741
729.538
733.901
738.015
741.852
744.299
746.419
747.354
23.0868
47.3814
70.859
93.7443
116.927
140.431
163.6
186.261
208.463
231.193
253.949
275.118
297.405
318.68
339.401
360.09
380.816
400.839
420.462
439.683
458.416
477.528
494.975
511.497
529.253
545.439
561.669
577.07
591.054
605.06
619.124
631.927
644.003
655.355
666.91
677.422
686.735
696.038
703.841
711.372
718.366
724.872
729.957
734.782
739.321
742.489
745.355
747
24.3311
47.8539
70.8308
94.1116
117.72
141.039
163.866
186.253
209.172
232.166
253.576
276.139
297.725
318.751
339.768
360.843
381.257
401.269
420.88
440.048
459.619
477.528
494.54
512.79
529.48
546.265
562.211
576.758
591.339
605.991
619.407
632.096
644.063
656.25
667.428
677.374
687.36
695.848
704.049
711.728
718.936
724.736
730.267
735.503
739.39
743
745.355
23.5372
46.5725
69.9214
93.6056
117.047
140.014
162.561
185.648
208.856
230.489
253.308
275.187
296.503
317.833
339.246
360.04
380.433
400.425
420.021
440.048
458.416
475.918
494.662
511.856
529.2
545.697
560.815
575.981
591.23
605.271
618.586
631.184
644.019
655.881
666.48
677.171
686.368
695.262
703.651
711.588
718.132
724.399
730.362
735
739.39
742.489
23.0868
46.4866
70.2282
93.7763
116.867
139.556
162.791
186.196
208.031
231.087
253.239
274.824
296.446
318.173
339.324
360.074
380.423
400.425
420.88
439.683
457.651
476.861
494.535
512.411
529.431
545.094
560.817
576.636
591.274
605.188
618.389
631.843
644.362
655.587
666.953
676.832
686.391
695.463
704.1
711.362
718.337
725
730.362
735.503
739.321
23.4094
47.1699
70.7743
93.9415
116.726
140.064
163.615
185.607
208.849
231.225
253.032
274.898
296.892
318.352
339.411
360.074
380.433
401.269
420.462
438.85
458.481
476.592
494.955
512.455
528.622
544.861
561.208
576.403
590.877
604.644
618.68
631.817
643.634
655.641
666.168
676.362
686.086
695.393
703.344
711
718.337
724.399
730.267
734.782
23.7697
47.4236
70.6612
93.5361
116.97
140.663
162.807
186.231
208.828
230.853
252.96
275.218
296.985
318.352
339.324
360.04
381.257
400.839
419.649
439.701
458.249
477.1
495.082
511.755
528.512
545.39
561.145
576.184
590.52
605.142
618.903
631.317
643.97
655.152
665.986
676.368
686.353
695
703.344
711.362
718.132
724.736
729.957
23.7065
47.0106
69.9714
93.4933
117.324
139.617
163.221
186.038
208.279
230.625
253.144
275.218
296.892
318.173
339.246
360.843
380.816
400.05
420.523
439.51
458.852
477.319
494.502
511.781
529.193
545.514
561.121
576.032
591.244
605.635
618.652
631.957
643.802
655.284
666.331
677
686.353
695.393
704.1
711.588
718.936
724.872
23.3238
46.3249
69.8928
93.8136
116.211
139.946
162.936
185.348
207.889
230.625
252.96
274.898
296.446
317.833
339.768
360.09
379.708
400.562
419.949
439.742
458.656
476.313
494.079
511.989
528.841
544.985
560.44
576.212
591.202
604.794
618.724
631.206
643.311
655
666.331
676.368
686.086
695.463
703.651
711.728
718.366
23.0217
46.6154
70.6045
93.086
116.932
140.071
162.635
185.348
208.279
230.853
253.032
274.824
296.503
318.751
339.401
359.38
380.592
400.356
420.577
439.915
458.024
476.254
494.64
512.001
528.66
544.637
560.946
576.514
590.661
605.194
618.292
631
643.311
655.284
665.986
676.362
686.391
695.262
704.049
711.372
23.6008
47.634
70.1783
94.1116
117.38
140.071
162.936
186.038
208.828
231.225
253.239
275.187
297.725
318.68
338.999
360.544
380.664
401.289
421.029
439.568
458.24
477.08
494.927
512.079
528.557
545.382
561.507
576.189
591.305
605
618.292
631.206
643.802
655.152
666.168
676.832
686.368
695.848
703.841
24.0832
46.6905
70.7107
94.1116
116.932
139.946
163.221
186.231
208.849
231.087
253.308
276.139
297.405
318.071
339.954
360.436
381.473
401.622
420.601
439.724
459.025
477.37
495.025
512.016
529.367
546.06
561.289
577
591.305
605.194
618.724
631.957
643.97
655.641
666.953
677.171
687.36
696.038
22.6274
46.6905
70.1783
93.086
116.211
139.617
162.807
185.607
208.031
230.489
253.576
275.118
296.096
318.284
339.096
360.514
381.041
400.431
419.977
439.714
458.53
476.666
494.146
512.001
529.242
545
561.289
576.189
590.661
604.794
618.652
631.317
643.634
655.587
666.48
677.374
686.735
24.0832
47.634
70.6045
93.8136
117.324
140.663
163.615
186.196
208.856
232.166
253.949
275.204
297.659
318.763
340.52
361.386
381.147
401.075
421.203
440.447
459.019
476.944
495.259
513
529.242
546.06
561.507
576.514
591.202
605.635
618.903
631.817
644.362
655.881
667.428
677.422
23.6008
46.6154
69.8928
93.4933
116.97
140.064
162.791
185.648
209.172
231.193
252.723
275.443
296.84
318.939
340.147
360.285
380.601
401.128
420.811
439.83
458.214
477
495.259
512.001
529.367
545.382
560.946
576.212
591.244
605.142
618.68
631.843
644.019
656.25
666.91
23.0217
46.3249
69.9714
93.5361
116.726
139.556
162.561
186.253
208.463
230.222
253.16
274.804
297.195
318.699
339.167
359.825
380.706
400.78
420.201
439
458.214
476.944
494.146
512.016
528.557
544.637
560.44
576.032
590.52
604.644
618.389
631.184
644.063
655.355
23.3238
47.0106
70.6612
93.9415
116.867
140.014
163.866
186.261
208.24
231.387
253.269
275.944
297.733
318.522
339.511
360.734
381.189
401
420.201
439.83
459.019
476.666
495.025
512.079
528.66
544.985
561.121
576.184
590.877
605.188
618.586
632.096
644.003
23.7065
47.4236
70.7743
93.7763
117.047
141.039
163.6
185.785
209.122
231.225
254.167
276.226
297.321
318.628
340.178
361
381.189
400.78
420.811
440.447
458.53
477.37
494.927
512.001
528.841
545.514
561.145
576.403
591.274
605.271
619.407
631.927
23.7697
47.1699
70.2282
93.6056
117.72
140.431
162.807
186.317
208.626
231.821
254.136
275.525
297.136
319
340.178
360.734
380.706
401.128
421.203
439.714
459.025
477.08
494.64
511.989
529.193
545.39
561.208
576.636
591.23
605.991
619.124
23.4094
46.4866
69.9214
94.1116
116.927
139.445
163.086
185.559
208.959
231.487
253.126
275
297.136
318.628
339.511
359.825
380.601
401.075
419.977
439.724
458.24
476.254
494.079
511.781
528.512
544.861
560.817
575.981
591.339
605.06
23.0868
46.5725
70.8308
93.7443
116.4
140.161
162.788
186.387
209.117
231
253.126
275.525
297.321
318.522
339.167
360.285
381.147
400.431
420.601
439.568
458.024
476.313
494.502
511.755
528.622
545.094
560.815
576.758
591.054
23.5372
47.8539
70.859
93.6483
117.516
140.289
164.076
187
209.117
231.487
254.136
276.226
297.733
318.699
340.147
361.386
381.041
401.622
421.029
439.915
458.656
477.319
495.082
512.455
529.431
545.697
562.211
577.07
24.3311
47.3814
70.2567
94.1913
117.068
141
164.076
186.387
208.959
231.821
254.167
275.944
297.195
318.939
340.52
360.514
381.473
401.289
420.577
439.742
458.852
477.1
494.955
512.411
529.2
546.265
561.669
23.0868
46.0435
70.0286
93
117.068
140.289
162.788
185.559
208.626
231.225
253.269
274.804
296.84
318.763
339.096
360.436
380.664
400.356
419.949
439.51
458.249
476.592
494.535
511.856
529.48
545.439
23
47
70.0286
94.1913
117.516
140.161
163.086
186.317
209.122
231.387
253.16
275.443
297.659
318.284
339.954
360.544
380.592
400.562
420.523
439.701
458.481
476.861
494.662
512.79
529.253
24
47.0425
71.2531
94.6414
117.388
140.428
163.783
186.754
209.201
231.173
253.665
276.134
297.015
318.976
339.89
360.257
380.569
400.895
420.476
439.659
458.442
476.69
495.291
512.227
23.0868
47.3814
70.859
93.7443
116.927
140.431
163.6
186.261
208.463
231.193
253.949
275.118
297.405
318.68
339.401
360.09
380.816
400.839
420.462
439.683
458.416
477.528
494.975
24.3311
47.8539
70.8308
94.1116
117.72
141.039
163.866
186.253
209.172
232.166
253.576
276.139
297.725
318.751
339.768
360.843
381.257
401.269
420.88
440.048
459.619
477.528
23.5372
46.5725
69.9214
93.6056
117.047
140.014
162.561
185.648
208.856
230.489
253.308
275.187
296.503
317.833
339.246
360.04
380.433
400.425
420.021
440.048
458.416
23.0868
46.4866
70.2282
93.7763
116.867
139.556
162.791
186.196
208.031
231.087
253.239
274.824
296.446
318.173
339.324
360.074
380.423
400.425
420.88
439.683
23.4094
47.1699
70.7743
93.9415
116.726
140.064
163.615
185.607
208.849
231.225
253.032
274.898
296.892
318.352
339.411
360.074
380.433
401.269
420.462
23.7697
47.4236
70.6612
93.5361
116.97
140.663
162.807
186.231
208.828
230.853
252.96
275.218
296.985
318.352
339.324
360.04
381.257
400.839
23.7065
47.0106
69.9714
93.4933
117.324
139.617
163.221
186.038
208.279
230.625
253.144
275.218
296.892
318.173
339.246
360.843
380.816
23.3238
46.3249
69.8928
93.8136
116.211
139.946
162.936
185.348
207.889
230.625
252.96
274.898
296.446
317.833
339.768
360.09
23.0217
46.6154
70.6045
93.086
116.932
140.071
162.635
185.348
208.279
230.853
253.032
274.824
296.503
318.751
339.401
23.6008
47.634
70.1783
94.1116
117.38
140.071
162.936
186.038
208.828
231.225
253.239
275.187
297.725
318.68
24.0832
46.6905
70.7107
94.1116
116.932
139.946
163.221
186.231
208.849
231.087
253.308
276.139
297.405
22.6274
46.6905
70.1783
93.086
116.211
139.617
162.807
185.607
208.031
230.489
253.576
275.118
24.0832
47.634
70.6045
93.8136
117.324
140.663
163.615
186.196
208.856
232.166
253.949
23.6008
46.6154
69.8928
93.4933
116.97
140.064
162.791
185.648
209.172
231.193
23.0217
46.3249
69.9714
93.5361
116.726
139.556
162.561
186.253
208.463
23.3238
47.0106
70.6612
93.9415
116.867
140.014
163.866
186.261
23.7065
47.4236
70.7743
93.7763
117.047
141.039
163.6
23.7697
47.1699
70.2282
93.6056
117.72
140.431
23.4094
46.4866
69.9214
94.1116
116.927
23.0868
46.5725
70.8308
93.7443
23.5372
47.8539
70.859
24.3311
47.3814
23.0868
