100
10.0499
20.0998
29.1548
39.4588
49.6488
59.2284
69.857
79.555
88.6002
98.9798
107.564
117.546
126.716
136.418
144.903
154.434
162.754
170.88
179.744
188.215
195.849
204.475
211.102
218.589
226.982
233.499
240.26
246.473
252.42
259.237
264.32
270.512
276.123
280.608
285.773
289.436
293.864
297.674
301.425
304.854
307.963
310.693
312.488
314.396
316.812
317.405
319.32
319.626
320.156
320.002
320.189
319.69
319.412
317.53
316.968
314.582
312.708
310.942
308.24
305.164
301.761
298.042
294.26
289.862
286.225
281.091
276.632
271.046
264.881
259.825
253.032
247.111
240.919
234.182
226.982
219.317
211.851
205.244
196.637
189.024
180.569
171.724
163.615
155.309
145.794
137.321
127.632
118.474
108.503
99.93
89.56
80.5233
70.8308
60.208
50.636
40.4475
30.1496
21.095
11.0454
10.0499
19.105
29.4279
39.6232
49.2443
59.9083
69.6419
78.7464
89.1964
97.8621
107.935
117.201
127.016
135.595
145.262
153.701
161.978
171.012
179.622
187.446
196.237
203.039
210.718
219.317
226.055
233.032
239.437
245.636
252.676
258.008
264.462
270.313
275.045
280.494
284.412
289.131
293.218
297.271
300.96
304.385
307.391
309.483
311.718
314.428
315.336
317.569
318.157
319
319.19
319.69
319.507
319.514
317.956
317.717
315.634
314.097
312.64
310.227
307.483
304.357
300.958
297.473
293.389
290.028
285.203
281.016
275.697
269.824
265.047
258.507
252.873
246.903
240.416
233.452
226.055
218.82
212.424
204.022
196.644
188.367
179.739
171.828
163.683
154.353
146.014
136.488
127.472
117.644
109.202
98.9545
90.0278
80.4114
69.8713
60.407
50.2494
40.05
31.0161
21
9.05539
19.4165
29.6142
39.2938
50
59.7746
68.9493
79.4796
88.2383
98.4124
107.782
117.72
126.4
136.213
144.779
153.219
162.432
171.187
179.212
188.175
195.161
203.039
211.851
218.82
226.02
232.622
239.082
246.349
251.938
258.66
264.756
269.742
275.481
279.659
284.675
289.043
293.402
297.355
301.1
304.385
306.778
309.343
312.349
313.576
316.128
317
318.157
318.693
319.507
319.64
319.931
318.699
318.78
317.002
315.801
314.651
312.525
310.111
307.259
304.179
300.987
297.214
294.124
289.607
285.687
280.631
275.045
270.542
264.252
258.898
253.144
246.903
240.169
233.032
226.02
219.829
211.627
204.475
196.37
187.949
180.228
172.235
163.083
154.871
145.499
136.616
126.921
118.6
108.467
99.6393
90.0944
79.6304
70.2567
60.1332
50.01
41
31.0161
10.4403
20.6155
30.3645
41.1096
50.9215
60.1664
70.7743
79.6241
89.8944
99.363
109.417
118.191
128.141
136.825
145.417
154.797
163.686
171.898
181.019
188.175
196.237
205.244
212.424
219.829
226.612
233.311
240.786
246.611
253.576
259.896
265.113
271.116
275.53
280.817
285.44
290.078
294.269
298.304
301.841
304.508
307.371
310.644
312.16
315
316.128
317.569
318.416
319.514
319.931
320.478
319.539
319.908
318.402
317.503
316.628
314.76
312.642
310.035
307.241
304.311
300.816
297.968
293.724
290.043
285.223
279.893
275.632
269.564
264.458
258.898
252.873
246.343
239.437
232.622
226.612
218.586
211.632
203.679
195.441
187.883
180.025
171.026
162.926
153.688
144.921
135.34
127.122
117.085
108.342
98.8585
88.459
79.1581
69.0652
59
50.01
40.05
10.198
19.9249
30.6757
40.4969
49.7695
60.4152
69.3181
79.6492
89.1852
99.3227
108.167
118.224
127.004
135.724
145.248
154.253
162.635
171.898
179.212
187.446
196.637
204.022
211.627
218.586
225.524
233.206
239.27
246.483
253.032
258.488
264.766
269.429
275
279.895
284.83
289.277
293.626
297.437
300.403
303.595
307.163
309
312.16
313.576
315.336
316.538
317.956
318.699
319.539
318.939
319.64
318.454
317.907
317.355
315.793
314.025
311.713
309.26
306.646
303.488
300.935
297.027
293.639
289.111
284.1
280.143
274.357
269.564
264.252
258.507
252.242
245.636
239.082
233.311
225.524
218.836
211.092
203.106
195.778
188.112
179.335
171.4
162.361
153.769
144.368
136.312
126.436
117.835
108.462
98.1835
89.0225
79
69.0652
60.1332
50.2494
9.84886
20.6155
30.4631
39.8121
50.5371
59.5399
69.9714
79.6116
89.8721
98.813
109.018
117.924
126.811
136.517
145.664
154.253
163.686
171.187
179.622
189.024
196.644
204.475
211.632
218.836
226.744
233.071
240.554
247.348
253.061
259.632
264.56
270.431
275.61
280.856
285.568
290.241
294.335
297.607
301.135
305
307.163
310.644
312.349
314.428
315.981
317.717
318.78
319.908
319.64
320.665
319.789
319.583
319.34
318.071
316.639
314.606
312.477
310.161
307.319
305.041
301.445
298.329
294.07
289.353
285.671
280.143
275.632
270.542
265.047
259.017
252.676
246.349
240.786
233.206
226.744
219.18
211.405
204.267
196.759
188.162
180.361
171.479
163.025
153.76
145.825
136.066
127.566
118.271
108.074
99
89.0225
79.1581
70.2567
60.407
10.7703
20.6155
29.9666
40.7063
49.7393
60.208
69.8928
80.2122
89.202
99.4887
108.467
117.456
127.279
136.517
145.248
154.797
162.432
171.012
180.569
188.367
196.37
203.679
211.092
219.18
225.719
233.42
240.416
246.343
253.16
258.312
264.439
269.863
275.378
280.321
285.281
289.624
293.171
297
301.135
303.595
307.371
309.343
311.718
313.6
315.634
317.002
318.402
318.454
319.789
319.215
319.34
319.401
318.421
317.322
315.569
313.766
311.752
309.231
307.234
303.961
301.126
297.15
292.742
289.353
284.1
279.893
275.045
269.824
264.055
258.008
251.938
246.611
239.27
233.071
225.719
218.195
211.287
203.973
195.602
187.971
179.293
171.02
161.941
154.175
144.586
136.235
127.063
117
108.074
98.1835
88.459
79.6304
69.8713
9.84886
19.2354
30.0167
39.1152
49.6488
59.4054
69.814
78.8733
89.2749
98.3514
107.48
117.456
126.811
135.724
145.417
153.219
161.978
171.724
179.739
187.949
195.441
203.106
211.405
218.195
226.153
233.384
239.56
246.662
252.073
258.496
264.201
270.024
275.231
280.516
285.142
289
293.171
297.607
300.403
304.508
306.778
309.483
311.732
314.097
315.801
317.503
317.907
319.583
319.34
319.828
320.22
319.556
318.818
317.37
315.919
314.231
312.058
310.363
307.435
304.902
301.227
297.15
294.07
289.111
285.223
280.631
275.697
270.202
264.462
258.66
253.576
246.483
240.554
233.42
226.153
219.477
212.361
204.216
196.756
188.282
180.189
171.292
163.689
154.263
146.055
137
127.063
118.271
108.462
98.8585
90.0944
80.4114
9.43398
20.2485
29.4109
40
49.8197
60.3075
69.4262
79.9312
89.0955
98.3514
108.467
117.924
127.004
136.825
144.779
153.701
163.615
171.828
180.228
187.883
195.778
204.267
211.287
219.477
226.921
233.324
240.684
246.333
253.024
258.985
265.089
270.535
276.116
281
285.142
289.624
294.335
297.437
301.841
304.385
307.391
309.974
312.64
314.651
316.628
317.355
319.34
319.401
320.22
320.914
320.539
320.131
318.962
317.833
316.443
314.587
313.168
310.556
308.299
304.902
301.126
298.329
293.639
290.043
285.687
281.016
275.772
270.313
264.756
259.896
253.032
247.348
240.416
233.384
226.921
219.986
212.05
204.749
196.461
188.534
179.805
172.351
163.077
155
146.055
136.235
127.566
117.835
108.342
99.6393
90.0278
10.8167
20
30.6105
40.4599
50.9902
60.1415
70.7107
79.9312
89.2749
99.4887
109.018
118.224
128.141
136.213
145.262
155.309
163.683
172.235
180.025
188.112
196.759
203.973
212.361
219.986
226.586
234.171
240.027
246.953
253.14
259.494
265.153
271
276.116
280.516
285.281
290.241
293.626
298.304
301.1
304.385
307.28
310.227
312.525
314.76
315.793
318.071
318.421
319.556
320.539
320.44
320.351
319.453
318.636
317.536
315.991
314.841
312.541
310.556
307.435
303.961
301.445
297.027
293.724
289.607
285.203
280.216
275.045
269.742
265.113
258.488
253.061
246.343
239.56
233.324
226.586
218.874
211.747
203.666
195.923
187.385
180.1
171
163.077
154.263
144.586
136.066
126.436
117.085
108.467
98.9545
9.21954
19.8494
29.7321
40.3113
49.4975
60.1415
69.4262
78.8733
89.202
98.813
108.167
118.191
126.4
135.595
145.794
154.353
163.083
171.026
179.335
188.162
195.602
204.216
212.05
218.874
226.718
232.813
240.01
246.457
253.097
259
265.153
270.535
275.231
280.321
285.568
289.277
294.269
297.355
300.96
304.214
307.483
310.111
312.642
314.025
316.639
317.322
318.818
320.131
320.351
320.628
320.039
319.581
318.813
317.624
316.784
314.841
313.168
310.363
307.234
305.041
300.935
297.968
294.124
290.028
285.335
280.494
275.481
271.116
264.766
259.632
253.16
246.662
240.684
234.171
226.718
219.791
211.946
204.414
196.092
189
180.1
172.351
163.689
154.175
145.825
136.312
127.122
118.6
109.202
10.6301
20.5183
31.1127
40.3113
50.9902
60.3075
69.814
80.2122
89.8721
99.3227
109.417
117.72
127.016
137.321
146.014
154.871
162.926
171.4
180.361
187.971
196.756
204.749
211.747
219.791
226.073
233.482
240.133
247
253.097
259.494
265.089
270.024
275.378
280.856
284.83
290.078
293.402
297.271
300.821
304.357
307.259
310.035
311.713
314.606
315.569
317.37
318.962
319.453
320.039
319.715
319.564
319.081
318.198
317.624
315.991
314.587
312.058
309.231
307.319
303.488
300.816
297.214
293.389
288.958
284.412
279.659
275.53
269.429
264.56
258.312
252.073
246.333
240.027
232.813
226.073
218.449
211.116
203
196.092
187.385
179.805
171.292
161.941
153.76
144.368
135.34
126.921
117.644
9.89949
20.5183
29.7321
40.4599
49.8197
59.4054
69.8928
79.6116
89.1852
99.363
107.782
117.201
127.632
136.488
145.499
153.688
162.361
171.479
179.293
188.282
196.461
203.666
211.946
218.449
226.108
233
240.133
246.457
253.14
258.985
264.201
269.863
275.61
279.895
285.44
289.043
293.218
297.113
300.958
304.179
307.241
309.26
312.477
313.766
315.919
317.833
318.636
319.581
319.564
319.766
319.612
319.081
318.813
317.536
316.443
314.231
311.752
310.161
306.646
304.311
300.987
297.473
293.343
289.131
284.675
280.817
275
270.431
264.439
258.496
253.024
246.953
240.01
233.482
226.108
219
211.116
204.414
195.923
188.534
180.189
171.02
163.025
153.769
144.921
136.616
127.472
10.6301
19.8494
30.6105
40
49.6488
60.208
69.9714
79.6492
89.8944
98.4124
107.935
118.474
127.472
136.616
144.921
153.769
163.025
171.02
180.189
188.534
195.923
204.414
211.116
219
226.108
233.482
240.01
246.953
253.024
258.496
264.439
270.431
275
280.817
284.675
289.131
293.343
297.473
300.987
304.311
306.646
310.161
311.752
314.231
316.443
317.536
318.813
319.081
319.612
319.766
319.564
319.581
318.636
317.833
315.919
313.766
312.477
309.26
307.241
304.179
300.958
297.113
293.218
289.043
285.44
279.895
275.61
269.863
264.201
258.985
253.14
246.457
240.133
233
226.108
218.449
211.946
203.666
196.461
188.282
179.293
171.479
162.361
153.688
145.499
136.488
9.21954
20
29.4109
39.1152
49.7393
59.5399
69.3181
79.6241
88.2383
97.8621
108.503
117.644
126.921
135.34
144.368
153.76
161.941
171.292
179.805
187.385
196.092
203
211.116
218.449
226.073
232.813
240.027
246.333
252.073
258.312
264.56
269.429
275.53
279.659
284.412
288.958
293.389
297.214
300.816
303.488
307.319
309.231
312.058
314.587
315.991
317.624
318.198
319.081
319.564
319.715
320.039
319.453
318.962
317.37
315.569
314.606
311.713
310.035
307.259
304.357
300.821
297.271
293.402
290.078
284.83
280.856
275.378
270.024
265.089
259.494
253.097
247
240.133
233.482
226.073
219.791
211.747
204.749
196.756
187.971
180.361
171.4
162.926
154.871
146.014
10.8167
20.2485
30.0167
40.7063
50.5371
60.4152
70.7743
79.4796
89.1964
99.93
109.202
118.6
127.122
136.312
145.825
154.175
163.689
172.351
180.1
189
196.092
204.414
211.946
219.791
226.718
234.171
240.684
246.662
253.16
259.632
264.766
271.116
275.481
280.494
285.335
290.028
294.124
297.968
300.935
305.041
307.234
310.363
313.168
314.841
316.784
317.624
318.813
319.581
320.039
320.628
320.351
320.131
318.818
317.322
316.639
314.025
312.642
310.111
307.483
304.214
300.96
297.355
294.269
289.277
285.568
280.321
275.231
270.535
265.153
259
253.097
246.457
240.01
232.813
226.718
218.874
212.05
204.216
195.602
188.162
179.335
171.026
163.083
154.353
9.43398
19.2354
29.9666
39.8121
49.7695
60.1664
68.9493
78.7464
89.56
98.9545
108.467
117.085
126.436
136.066
144.586
154.263
163.077
171
180.1
187.385
195.923
203.666
211.747
218.874
226.586
233.324
239.56
246.343
253.061
258.488
265.113
269.742
275.045
280.216
285.203
289.607
293.724
297.027
301.445
303.961
307.435
310.556
312.541
314.841
315.991
317.536
318.636
319.453
320.351
320.44
320.539
319.556
318.421
318.071
315.793
314.76
312.525
310.227
307.28
304.385
301.1
298.304
293.626
290.241
285.281
280.516
276.116
271
265.153
259.494
253.14
246.953
240.027
234.171
226.586
219.986
212.361
203.973
196.759
188.112
180.025
172.235
163.683
9.84886
20.6155
30.4631
40.4969
50.9215
59.7746
69.6419
80.5233
90.0278
99.6393
108.342
117.835
127.566
136.235
146.055
155
163.077
172.351
179.805
188.534
196.461
204.749
212.05
219.986
226.921
233.384
240.416
247.348
253.032
259.896
264.756
270.313
275.772
281.016
285.687
290.043
293.639
298.329
301.126
304.902
308.299
310.556
313.168
314.587
316.443
317.833
318.962
320.131
320.539
320.914
320.22
319.401
319.34
317.355
316.628
314.651
312.64
309.974
307.391
304.385
301.841
297.437
294.335
289.624
285.142
281
276.116
270.535
265.089
258.985
253.024
246.333
240.684
233.324
226.921
219.477
211.287
204.267
195.778
187.883
180.228
171.828
10.7703
20.6155
30.6757
41.1096
50
59.9083
70.8308
80.4114
90.0944
98.8585
108.462
118.271
127.063
137
146.055
154.263
163.689
171.292
180.189
188.282
196.756
204.216
212.361
219.477
226.153
233.42
240.554
246.483
253.576
258.66
264.462
270.202
275.697
280.631
285.223
289.111
294.07
297.15
301.227
304.902
307.435
310.363
312.058
314.231
315.919
317.37
318.818
319.556
320.22
319.828
319.34
319.583
317.907
317.503
315.801
314.097
311.732
309.483
306.778
304.508
300.403
297.607
293.171
289
285.142
280.516
275.231
270.024
264.201
258.496
252.073
246.662
239.56
233.384
226.153
218.195
211.405
203.106
195.441
187.949
179.739
9.84886
19.9249
30.3645
39.2938
49.2443
60.208
69.8713
79.6304
88.459
98.1835
108.074
117
127.063
136.235
144.586
154.175
161.941
171.02
179.293
187.971
195.602
203.973
211.287
218.195
225.719
233.071
239.27
246.611
251.938
258.008
264.055
269.824
275.045
279.893
284.1
289.353
292.742
297.15
301.126
303.961
307.234
309.231
311.752
313.766
315.569
317.322
318.421
319.401
319.34
319.215
319.789
318.454
318.402
317.002
315.634
313.6
311.718
309.343
307.371
303.595
301.135
297
293.171
289.624
285.281
280.321
275.378
269.863
264.439
258.312
253.16
246.343
240.416
233.42
225.719
219.18
211.092
203.679
196.37
188.367
10.198
20.6155
29.6142
39.6232
50.636
60.407
70.2567
79.1581
89.0225
99
108.074
118.271
127.566
136.066
145.825
153.76
163.025
171.479
180.361
188.162
196.759
204.267
211.405
219.18
226.744
233.206
240.786
246.349
252.676
259.017
265.047
270.542
275.632
280.143
285.671
289.353
294.07
298.329
301.445
305.041
307.319
310.161
312.477
314.606
316.639
318.071
319.34
319.583
319.789
320.665
319.64
319.908
318.78
317.717
315.981
314.428
312.349
310.644
307.163
305
301.135
297.607
294.335
290.241
285.568
280.856
275.61
270.431
264.56
259.632
253.061
247.348
240.554
233.071
226.744
218.836
211.632
204.475
196.644
10.4403
19.4165
29.4279
40.4475
50.2494
60.1332
69.0652
79
89.0225
98.1835
108.462
117.835
126.436
136.312
144.368
153.769
162.361
171.4
179.335
188.112
195.778
203.106
211.092
218.836
225.524
233.311
239.082
245.636
252.242
258.507
264.252
269.564
274.357
280.143
284.1
289.111
293.639
297.027
300.935
303.488
306.646
309.26
311.713
314.025
315.793
317.355
317.907
318.454
319.64
318.939
319.539
318.699
317.956
316.538
315.336
313.576
312.16
309
307.163
303.595
300.403
297.437
293.626
289.277
284.83
279.895
275
269.429
264.766
258.488
253.032
246.483
239.27
233.206
225.524
218.586
211.627
204.022
9.05539
19.105
30.1496
40.05
50.01
59
69.0652
79.1581
88.459
98.8585
108.342
117.085
127.122
135.34
144.921
153.688
162.926
171.026
180.025
187.883
195.441
203.679
211.632
218.586
226.612
232.622
239.437
246.343
252.873
258.898
264.458
269.564
275.632
279.893
285.223
290.043
293.724
297.968
300.816
304.311
307.241
310.035
312.642
314.76
316.628
317.503
318.402
319.908
319.539
320.478
319.931
319.514
318.416
317.569
316.128
315
312.16
310.644
307.371
304.508
301.841
298.304
294.269
290.078
285.44
280.817
275.53
271.116
265.113
259.896
253.576
246.611
240.786
233.311
226.612
219.829
212.424
10.0499
21.095
31.0161
41
50.01
60.1332
70.2567
79.6304
90.0944
99.6393
108.467
118.6
126.921
136.616
145.499
154.871
163.083
172.235
180.228
187.949
196.37
204.475
211.627
219.829
226.02
233.032
240.169
246.903
253.144
258.898
264.252
270.542
275.045
280.631
285.687
289.607
294.124
297.214
300.987
304.179
307.259
310.111
312.525
314.651
315.801
317.002
318.78
318.699
319.931
319.64
319.507
318.693
318.157
317
316.128
313.576
312.349
309.343
306.778
304.385
301.1
297.355
293.402
289.043
284.675
279.659
275.481
269.742
264.756
258.66
251.938
246.349
239.082
232.622
226.02
218.82
11.0454
21
31.0161
40.05
50.2494
60.407
69.8713
80.4114
90.0278
98.9545
109.202
117.644
127.472
136.488
146.014
154.353
163.683
171.828
179.739
188.367
196.644
204.022
212.424
218.82
226.055
233.452
240.416
246.903
252.873
258.507
265.047
269.824
275.697
281.016
285.203
290.028
293.389
297.473
300.958
304.357
307.483
310.227
312.64
314.097
315.634
317.717
317.956
319.514
319.507
319.69
319.19
319
318.157
317.569
315.336
314.428
311.718
309.483
307.391
304.385
300.96
297.271
293.218
289.131
284.412
280.494
275.045
270.313
264.462
258.008
252.676
245.636
239.437
233.032
226.055
10.0499
20.0998
29.1548
39.4588
49.6488
59.2284
69.857
79.555
88.6002
98.9798
107.564
117.546
126.716
136.418
144.903
154.434
162.754
170.88
179.744
188.215
195.849
204.475
211.102
218.589
226.279
233.499
240.26
246.473
252.42
259.237
264.32
270.512
276.123
280.608
285.773
289.436
293.864
297.674
301.425
304.854
307.963
310.693
312.488
314.396
316.812
317.405
319.32
319.626
320.156
320
320.189
319.69
319.412
317.53
316.968
314.582
312.708
310.942
308.24
305.164
301.761
298.042
294.26
289.862
286.225
281.091
276.632
271.046
264.881
259.825
253.032
247.111
240.919
234.182
10.0499
19.105
29.4279
39.6232
49.2443
59.9083
69.6419
78.7464
89.1964
97.8621
107.935
117.201
127.016
135.595
145.262
153.701
161.978
171.012
179.622
187.446
196.237
203.039
210.718
218.634
226.055
233.032
239.437
245.636
252.676
258.008
264.462
270.313
275.045
280.494
284.412
289.131
293.218
297.271
300.96
304.385
307.391
309.483
311.718
314.428
315.336
317.569
318.157
319
319.157
319.69
319.507
319.514
317.956
317.717
315.634
314.097
312.64
310.227
307.483
304.357
300.958
297.473
293.389
290.028
285.203
281.016
275.697
269.824
265.047
258.507
252.873
246.903
240.416
9.05539
19.4165
29.6142
39.2938
50
59.7746
68.9493
79.4796
88.2383
98.4124
107.782
117.72
126.4
136.213
144.779
153.219
162.432
171.187
179.212
188.175
195.161
203.039
211.192
218.82
226.02
232.622
239.082
246.349
251.938
258.66
264.756
269.742
275.481
279.659
284.675
289.043
293.402
297.355
301.1
304.385
306.778
309.343
312.349
313.576
316.128
317
318.157
318.628
319.507
319.64
319.931
318.699
318.78
317.002
315.801
314.651
312.525
310.111
307.259
304.179
300.987
297.214
294.124
289.607
285.687
280.631
275.045
270.542
264.252
258.898
253.144
246.903
10.4403
20.6155
30.3645
41.1096
50.9215
60.1664
70.7743
79.6241
89.8944
99.363
109.417
118.191
128.141
136.825
145.417
154.797
163.686
171.898
181.019
188.175
196.237
204.607
212.424
219.829
226.612
233.311
240.786
246.611
253.576
259.896
265.113
271.116
275.53
280.817
285.44
290.078
294.269
298.304
301.841
304.508
307.371
310.644
312.16
315
316.128
317.569
318.324
319.514
319.931
320.478
319.539
319.908
318.402
317.503
316.628
314.76
312.642
310.035
307.241
304.311
300.816
297.968
293.724
290.043
285.223
279.893
275.632
269.564
264.458
258.898
252.873
10.198
19.9249
30.6757
40.4969
49.7695
60.4152
69.3181
79.6492
89.1852
99.3227
108.167
118.224
127.004
135.724
145.248
154.253
162.635
171.898
179.212
187.446
196.023
204.022
211.627
218.586
225.524
233.206
239.27
246.483
253.032
258.488
264.766
269.429
275
279.895
284.83
289.277
293.626
297.437
300.403
303.595
307.163
309
312.16
313.576
315.336
316.413
317.956
318.699
319.539
318.939
319.64
318.454
317.907
317.355
315.793
314.025
311.713
309.26
306.646
303.488
300.935
297.027
293.639
289.111
284.1
280.143
274.357
269.564
264.252
258.507
9.84886
20.6155
30.4631
39.8121
50.5371
59.5399
69.9714
79.6116
89.8721
98.813
109.018
117.924
126.811
136.517
145.664
154.253
163.686
171.187
179.622
188.438
196.644
204.475
211.632
218.836
226.744
233.071
240.554
247.348
253.061
259.632
264.56
270.431
275.61
280.856
285.568
290.241
294.335
297.607
301.135
305
307.163
310.644
312.349
314.428
315.824
317.717
318.78
319.908
319.64
320.665
319.789
319.583
319.34
318.071
316.639
314.606
312.477
310.161
307.319
305.041
301.445
298.329
294.07
289.353
285.671
280.143
275.632
270.542
265.047
10.7703
20.6155
29.9666
40.7063
49.7393
60.208
69.8928
80.2122
89.202
99.4887
108.467
117.456
127.279
136.517
145.248
154.797
162.432
171.012
180.006
188.367
196.37
203.679
211.092
219.18
225.719
233.42
240.416
246.343
253.16
258.312
264.439
269.863
275.378
280.321
285.281
289.624
293.171
297
301.135
303.595
307.371
309.343
311.718
313.413
315.634
317.002
318.402
318.454
319.789
319.215
319.34
319.401
318.421
317.322
315.569
313.766
311.752
309.231
307.234
303.961
301.126
297.15
292.742
289.353
284.1
279.893
275.045
269.824
9.84886
19.2354
30.0167
39.1152
49.6488
59.4054
69.814
78.8733
89.2749
98.3514
107.48
117.456
126.811
135.724
145.417
153.219
161.978
171.19
179.739
187.949
195.441
203.106
211.405
218.195
226.153
233.384
239.56
246.662
252.073
258.496
264.201
270.024
275.231
280.516
285.142
289
293.171
297.607
300.403
304.508
306.778
309.483
311.512
314.097
315.801
317.503
317.907
319.583
319.34
319.828
320.22
319.556
318.818
317.37
315.919
314.231
312.058
310.363
307.435
304.902
301.227
297.15
294.07
289.111
285.223
280.631
275.697
9.43398
20.2485
29.4109
40
49.8197
60.3075
69.4262
79.9312
89.0955
98.3514
108.467
117.924
127.004
136.825
144.779
153.701
163.11
171.828
180.228
187.883
195.778
204.267
211.287
219.477
226.921
233.324
240.684
246.333
253.024
258.985
265.089
270.535
276.116
281
285.142
289.624
294.335
297.437
301.841
304.385
307.391
309.724
312.64
314.651
316.628
317.355
319.34
319.401
320.22
320.914
320.539
320.131
318.962
317.833
316.443
314.587
313.168
310.556
308.299
304.902
301.126
298.329
293.639
290.043
285.687
281.016
10.8167
20
30.6105
40.4599
50.9902
60.1415
70.7107
79.9312
89.2749
99.4887
109.018
118.224
128.141
136.213
145.262
154.829
163.683
172.235
180.025
188.112
196.759
203.973
212.361
219.986
226.586
234.171
240.027
246.953
253.14
259.494
265.153
271
276.116
280.516
285.281
290.241
293.626
298.304
301.1
304.385
307.002
310.227
312.525
314.76
315.793
318.071
318.421
319.556
320.539
320.44
320.351
319.453
318.636
317.536
315.991
314.841
312.541
310.556
307.435
303.961
301.445
297.027
293.724
289.607
285.203
9.21954
19.8494
29.7321
40.3113
49.4975
60.1415
69.4262
78.8733
89.202
98.813
108.167
118.191
126.4
135.595
145.344
154.353
163.083
171.026
179.335
188.162
195.602
204.216
212.05
218.874
226.718
232.813
240.01
246.457
253.097
259
265.153
270.535
275.231
280.321
285.568
289.277
294.269
297.355
300.96
303.903
307.483
310.111
312.642
314.025
316.639
317.322
318.818
320.131
320.351
320.628
320.039
319.581
318.813
317.624
316.784
314.841
313.168
310.363
307.234
305.041
300.935
297.968
294.124
290.028
10.6301
20.5183
31.1127
40.3113
50.9902
60.3075
69.814
80.2122
89.8721
99.3227
109.417
117.72
127.016
136.894
146.014
154.871
162.926
171.4
180.361
187.971
196.756
204.749
211.747
219.791
226.073
233.482
240.133
247
253.097
259.494
265.089
270.024
275.378
280.856
284.83
290.078
293.402
297.271
300.483
304.357
307.259
310.035
311.713
314.606
315.569
317.37
318.962
319.453
320.039
319.715
319.564
319.081
318.198
317.624
315.991
314.587
312.058
309.231
307.319
303.488
300.816
297.214
293.389
9.89949
20.5183
29.7321
40.4599
49.8197
59.4054
69.8928
79.6116
89.1852
99.363
107.782
117.201
127.236
136.488
145.499
153.688
162.361
171.479
179.293
188.282
196.461
203.666
211.946
218.449
226.108
233
240.133
246.457
253.14
258.985
264.201
269.863
275.61
279.895
285.44
289.043
293.218
296.744
300.958
304.179
307.241
309.26
312.477
313.766
315.919
317.833
318.636
319.581
319.564
319.766
319.612
319.081
318.813
317.536
316.443
314.231
311.752
310.161
306.646
304.311
300.987
297.473
10.6301
19.8494
30.6105
40
49.6488
60.208
69.9714
79.6492
89.8944
98.4124
107.935
118.106
127.472
136.616
144.921
153.769
163.025
171.02
180.189
188.534
195.923
204.414
211.116
219
226.108
233.482
240.01
246.953
253.024
258.496
264.439
270.431
275
280.817
284.675
289.131
292.945
297.473
300.987
304.311
306.646
310.161
311.752
314.231
316.443
317.536
318.813
319.081
319.612
319.766
319.564
319.581
318.636
317.833
315.919
313.766
312.477
309.26
307.241
304.179
300.958
9.21954
20
29.4109
39.1152
49.7393
59.5399
69.3181
79.6241
88.2383
97.8621
108.167
117.644
126.921
135.34
144.368
153.76
161.941
171.292
179.805
187.385
196.092
203
211.116
218.449
226.073
232.813
240.027
246.333
252.073
258.312
264.56
269.429
275.53
279.659
284.412
288.531
293.389
297.214
300.816
303.488
307.319
309.231
312.058
314.587
315.991
317.624
318.198
319.081
319.564
319.715
320.039
319.453
318.962
317.37
315.569
314.606
311.713
310.035
307.259
304.357
10.8167
20.2485
30.0167
40.7063
50.5371
60.4152
70.7743
79.4796
89.1964
99.6243
109.202
118.6
127.122
136.312
145.825
154.175
163.689
172.351
180.1
189
196.092
204.414
211.946
219.791
226.718
234.171
240.684
246.662
253.16
259.632
264.766
271.116
275.481
280.494
284.881
290.028
294.124
297.968
300.935
305.041
307.234
310.363
313.168
314.841
316.784
317.624
318.813
319.581
320.039
320.628
320.351
320.131
318.818
317.322
316.639
314.025
312.642
310.111
307.483
9.43398
19.2354
29.9666
39.8121
49.7695
60.1664
68.9493
78.7464
89.2861
98.9545
108.467
117.085
126.436
136.066
144.586
154.263
163.077
171
180.1
187.385
195.923
203.666
211.747
218.874
226.586
233.324
239.56
246.343
253.061
258.488
265.113
269.742
275.045
279.732
285.203
289.607
293.724
297.027
301.445
303.961
307.435
310.556
312.541
314.841
315.991
317.536
318.636
319.453
320.351
320.44
320.539
319.556
318.421
318.071
315.793
314.76
312.525
310.227
9.84886
20.6155
30.4631
40.4969
50.9215
59.7746
69.6419
80.2808
90.0278
99.6393
108.342
117.835
127.566
136.235
146.055
155
163.077
172.351
179.805
188.534
196.461
204.749
212.05
219.986
226.921
233.384
240.416
247.348
253.032
259.896
264.756
270.313
275.262
281.016
285.687
290.043
293.639
298.329
301.126
304.902
308.299
310.556
313.168
314.587
316.443
317.833
318.962
320.131
320.539
320.914
320.22
319.401
319.34
317.355
316.628
314.651
312.64
10.7703
20.6155
30.6757
41.1096
50
59.9083
70.6116
80.4114
90.0944
98.8585
108.462
118.271
127.063
137
146.055
154.263
163.689
171.292
180.189
188.282
196.756
204.216
212.361
219.477
226.153
233.42
240.554
246.483
253.576
258.66
264.462
269.666
275.697
280.631
285.223
289.111
294.07
297.15
301.227
304.902
307.435
310.363
312.058
314.231
315.919
317.37
318.818
319.556
320.22
319.828
319.34
319.583
317.907
317.503
315.801
314.097
9.84886
19.9249
30.3645
39.2938
49.2443
60.0167
69.8713
79.6304
88.459
98.1835
108.074
117
127.063
136.235
144.586
154.175
161.941
171.02
179.293
187.971
195.602
203.973
211.287
218.195
225.719
233.071
239.27
246.611
251.938
258.008
263.492
269.824
275.045
279.893
284.1
289.353
292.742
297.15
301.126
303.961
307.234
309.231
311.752
313.766
315.569
317.322
318.421
319.401
319.34
319.215
319.789
318.454
318.402
317.002
315.634
10.198
20.6155
29.6142
39.6232
50.4876
60.407
70.2567
79.1581
89.0225
99
108.074
118.271
127.566
136.066
145.825
153.76
163.025
171.479
180.361
188.162
196.759
204.267
211.405
219.18
226.744
233.206
240.786
246.349
252.676
258.428
265.047
270.542
275.632
280.143
285.671
289.353
294.07
298.329
301.445
305.041
307.319
310.161
312.477
314.606
316.639
318.071
319.34
319.583
319.789
320.665
319.64
319.908
318.78
317.717
10.4403
19.4165
29.4279
40.3113
50.2494
60.1332
69.0652
79
89.0225
98.1835
108.462
117.835
126.436
136.312
144.368
153.769
162.361
171.4
179.335
188.112
195.778
203.106
211.092
218.836
225.524
233.311
239.082
245.636
251.629
258.507
264.252
269.564
274.357
280.143
284.1
289.111
293.639
297.027
300.935
303.488
306.646
309.26
311.713
314.025
315.793
317.355
317.907
318.454
319.64
318.939
319.539
318.699
317.956
9.05539
19.105
30.0666
40.05
50.01
59
69.0652
79.1581
88.459
98.8585
108.342
117.085
127.122
135.34
144.921
153.688
162.926
171.026
180.025
187.883
195.441
203.679
211.632
218.586
226.612
232.622
239.437
245.703
252.873
258.898
264.458
269.564
275.632
279.893
285.223
290.043
293.724
297.968
300.816
304.311
307.241
310.035
312.642
314.76
316.628
317.503
318.402
319.908
319.539
320.478
319.931
319.514
10.0499
21.0238
31.0161
41
50.01
60.1332
70.2567
79.6304
90.0944
99.6393
108.467
118.6
126.921
136.616
145.499
154.871
163.083
172.235
180.228
187.949
196.37
204.475
211.627
219.829
226.02
233.032
239.508
246.903
253.144
258.898
264.252
270.542
275.045
280.631
285.687
289.607
294.124
297.214
300.987
304.179
307.259
310.111
312.525
314.651
315.801
317.002
318.78
318.699
319.931
319.64
319.507
11
21
31.0161
40.05
50.2494
60.407
69.8713
80.4114
90.0278
98.9545
109.202
117.644
127.472
136.488
146.014
154.353
163.683
171.828
179.739
188.367
196.644
204.022
212.424
218.82
226.055
232.768
240.416
246.903
252.873
258.507
265.047
269.824
275.697
281.016
285.203
290.028
293.389
297.473
300.958
304.357
307.483
310.227
312.64
314.097
315.634
317.717
317.956
319.514
319.507
319.69
10
20.025
29.0689
39.3192
49.4975
59.0339
69.6348
79.3095
88.3233
98.6712
107.224
117.175
126.317
135.989
144.451
153.951
162.247
170.344
179.179
187.627
195.233
203.836
210.44
217.904
224.86
232.768
239.508
245.703
251.629
258.428
263.492
269.666
275.262
279.732
284.881
288.531
292.945
296.744
300.483
303.903
307.002
309.724
311.512
313.413
315.824
316.413
318.324
318.628
319.157
10.0499
19.105
29.4279
39.6232
49.2443
59.9083
69.6419
78.7464
89.1964
97.8621
107.935
117.201
127.016
135.595
145.262
153.701
161.978
171.012
179.622
187.446
196.237
203.039
210.718
217.904
226.055
233.032
239.437
245.636
252.676
258.008
264.462
270.313
275.045
280.494
284.412
289.131
293.218
297.271
300.96
304.385
307.391
309.483
311.718
314.428
315.336
317.569
318.157
319
9.05539
19.4165
29.6142
39.2938
50
59.7746
68.9493
79.4796
88.2383
98.4124
107.782
117.72
126.4
136.213
144.779
153.219
162.432
171.187
179.212
188.175
195.161
203.039
210.44
218.82
226.02
232.622
239.082
246.349
251.938
258.66
264.756
269.742
275.481
279.659
284.675
289.043
293.402
297.355
301.1
304.385
306.778
309.343
312.349
313.576
316.128
317
318.157
10.4403
20.6155
30.3645
41.1096
50.9215
60.1664
70.7743
79.6241
89.8944
99.363
109.417
118.191
128.141
136.825
145.417
154.797
163.686
171.898
181.019
188.175
196.237
203.836
212.424
219.829
226.612
233.311
240.786
246.611
253.576
259.896
265.113
271.116
275.53
280.817
285.44
290.078
294.269
298.304
301.841
304.508
307.371
310.644
312.16
315
316.128
317.569
10.198
19.9249
30.6757
40.4969
49.7695
60.4152
69.3181
79.6492
89.1852
99.3227
108.167
118.224
127.004
135.724
145.248
154.253
162.635
171.898
179.212
187.446
195.233
204.022
211.627
218.586
225.524
233.206
239.27
246.483
253.032
258.488
264.766
269.429
275
279.895
284.83
289.277
293.626
297.437
300.403
303.595
307.163
309
312.16
313.576
315.336
9.84886
20.6155
30.4631
39.8121
50.5371
59.5399
69.9714
79.6116
89.8721
98.813
109.018
117.924
126.811
136.517
145.664
154.253
163.686
171.187
179.622
187.627
196.644
204.475
211.632
218.836
226.744
233.071
240.554
247.348
253.061
259.632
264.56
270.431
275.61
280.856
285.568
290.241
294.335
297.607
301.135
305
307.163
310.644
312.349
314.428
10.7703
20.6155
29.9666
40.7063
49.7393
60.208
69.8928
80.2122
89.202
99.4887
108.467
117.456
127.279
136.517
145.248
154.797
162.432
171.012
179.179
188.367
196.37
203.679
211.092
219.18
225.719
233.42
240.416
246.343
253.16
258.312
264.439
269.863
275.378
280.321
285.281
289.624
293.171
297
301.135
303.595
307.371
309.343
311.718
9.84886
19.2354
30.0167
39.1152
49.6488
59.4054
69.814
78.8733
89.2749
98.3514
107.48
117.456
126.811
135.724
145.417
153.219
161.978
170.344
179.739
187.949
195.441
203.106
211.405
218.195
226.153
233.384
239.56
246.662
252.073
258.496
264.201
270.024
275.231
280.516
285.142
289
293.171
297.607
300.403
304.508
306.778
309.483
9.43398
20.2485
29.4109
40
49.8197
60.3075
69.4262
79.9312
89.0955
98.3514
108.467
117.924
127.004
136.825
144.779
153.701
162.247
171.828
180.228
187.883
195.778
204.267
211.287
219.477
226.921
233.324
240.684
246.333
253.024
258.985
265.089
270.535
276.116
281
285.142
289.624
294.335
297.437
301.841
304.385
307.391
10.8167
20
30.6105
40.4599
50.9902
60.1415
70.7107
79.9312
89.2749
99.4887
109.018
118.224
128.141
136.213
145.262
153.951
163.683
172.235
180.025
188.112
196.759
203.973
212.361
219.986
226.586
234.171
240.027
246.953
253.14
259.494
265.153
271
276.116
280.516
285.281
290.241
293.626
298.304
301.1
304.385
9.21954
19.8494
29.7321
40.3113
49.4975
60.1415
69.4262
78.8733
89.202
98.813
108.167
118.191
126.4
135.595
144.451
154.353
163.083
171.026
179.335
188.162
195.602
204.216
212.05
218.874
226.718
232.813
240.01
246.457
253.097
259
265.153
270.535
275.231
280.321
285.568
289.277
294.269
297.355
300.96
10.6301
20.5183
31.1127
40.3113
50.9902
60.3075
69.814
80.2122
89.8721
99.3227
109.417
117.72
127.016
135.989
146.014
154.871
162.926
171.4
180.361
187.971
196.756
204.749
211.747
219.791
226.073
233.482
240.133
247
253.097
259.494
265.089
270.024
275.378
280.856
284.83
290.078
293.402
297.271
9.89949
20.5183
29.7321
40.4599
49.8197
59.4054
69.8928
79.6116
89.1852
99.363
107.782
117.201
126.317
136.488
145.499
153.688
162.361
171.479
179.293
188.282
196.461
203.666
211.946
218.449
226.108
233
240.133
246.457
253.14
258.985
264.201
269.863
275.61
279.895
285.44
289.043
293.218
10.6301
19.8494
30.6105
40
49.6488
60.208
69.9714
79.6492
89.8944
98.4124
107.935
117.175
127.472
136.616
144.921
153.769
163.025
171.02
180.189
188.534
195.923
204.414
211.116
219
226.108
233.482
240.01
246.953
253.024
258.496
264.439
270.431
275
280.817
284.675
289.131
9.21954
20
29.4109
39.1152
49.7393
59.5399
69.3181
79.6241
88.2383
97.8621
107.224
117.644
126.921
135.34
144.368
153.76
161.941
171.292
179.805
187.385
196.092
203
211.116
218.449
226.073
232.813
240.027
246.333
252.073
258.312
264.56
269.429
275.53
279.659
284.412
10.8167
20.2485
30.0167
40.7063
50.5371
60.4152
70.7743
79.4796
89.1964
98.6712
109.202
118.6
127.122
136.312
145.825
154.175
163.689
172.351
180.1
189
196.092
204.414
211.946
219.791
226.718
234.171
240.684
246.662
253.16
259.632
264.766
271.116
275.481
280.494
9.43398
19.2354
29.9666
39.8121
49.7695
60.1664
68.9493
78.7464
88.3233
98.9545
108.467
117.085
126.436
136.066
144.586
154.263
163.077
171
180.1
187.385
195.923
203.666
211.747
218.874
226.586
233.324
239.56
246.343
253.061
258.488
265.113
269.742
275.045
9.84886
20.6155
30.4631
40.4969
50.9215
59.7746
69.6419
79.3095
90.0278
99.6393
108.342
117.835
127.566
136.235
146.055
155
163.077
172.351
179.805
188.534
196.461
204.749
212.05
219.986
226.921
233.384
240.416
247.348
253.032
259.896
264.756
270.313
10.7703
20.6155
30.6757
41.1096
50
59.9083
69.6348
80.4114
90.0944
98.8585
108.462
118.271
127.063
137
146.055
154.263
163.689
171.292
180.189
188.282
196.756
204.216
212.361
219.477
226.153
233.42
240.554
246.483
253.576
258.66
264.462
9.84886
19.9249
30.3645
39.2938
49.2443
59.0339
69.8713
79.6304
88.459
98.1835
108.074
117
127.063
136.235
144.586
154.175
161.941
171.02
179.293
187.971
195.602
203.973
211.287
218.195
225.719
233.071
239.27
246.611
251.938
258.008
10.198
20.6155
29.6142
39.6232
49.4975
60.407
70.2567
79.1581
89.0225
99
108.074
118.271
127.566
136.066
145.825
153.76
163.025
171.479
180.361
188.162
196.759
204.267
211.405
219.18
226.744
233.206
240.786
246.349
252.676
10.4403
19.4165
29.4279
39.3192
50.2494
60.1332
69.0652
79
89.0225
98.1835
108.462
117.835
126.436
136.312
144.368
153.769
162.361
171.4
179.335
188.112
195.778
203.106
211.092
218.836
225.524
233.311
239.082
245.636
9.05539
19.105
29.0689
40.05
50.01
59
69.0652
79.1581
88.459
98.8585
108.342
117.085
127.122
135.34
144.921
153.688
162.926
171.026
180.025
187.883
195.441
203.679
211.632
218.586
226.612
232.622
239.437
10.0499
20.025
31.0161
41
50.01
60.1332
70.2567
79.6304
90.0944
99.6393
108.467
118.6
126.921
136.616
145.499
154.871
163.083
172.235
180.228
187.949
196.37
204.475
211.627
219.829
226.02
233.032
10
21
31.0161
40.05
50.2494
60.407
69.8713
80.4114
90.0278
98.9545
109.202
117.644
127.472
136.488
146.014
154.353
163.683
171.828
179.739
188.367
196.644
204.022
212.424
218.82
226.055
11
21.0238
30.0666
40.3113
50.4876
60.0167
70.6116
80.2808
89.2861
99.6243
108.167
118.106
127.236
136.894
145.344
154.829
163.11
171.19
180.006
188.438
196.023
204.607
211.192
218.634
10.0499
19.105
29.4279
39.6232
49.2443
59.9083
69.6419
78.7464
89.1964
97.8621
107.935
117.201
127.016
135.595
145.262
153.701
161.978
171.012
179.622
187.446
196.237
203.039
210.718
9.05539
19.4165
29.6142
39.2938
50
59.7746
68.9493
79.4796
88.2383
98.4124
107.782
117.72
126.4
136.213
144.779
153.219
162.432
171.187
179.212
188.175
195.161
203.039
10.4403
20.6155
30.3645
41.1096
50.9215
60.1664
70.7743
79.6241
89.8944
99.363
109.417
118.191
128.141
136.825
145.417
154.797
163.686
171.898
181.019
188.175
196.237
10.198
19.9249
30.6757
40.4969
49.7695
60.4152
69.3181
79.6492
89.1852
99.3227
108.167
118.224
127.004
135.724
145.248
154.253
162.635
171.898
179.212
187.446
9.84886
20.6155
30.4631
39.8121
50.5371
59.5399
69.9714
79.6116
89.8721
98.813
109.018
117.924
126.811
136.517
145.664
154.253
163.686
171.187
179.622
10.7703
20.6155
29.9666
40.7063
49.7393
60.208
69.8928
80.2122
89.202
99.4887
108.467
117.456
127.279
136.517
145.248
154.797
162.432
171.012
9.84886
19.2354
30.0167
39.1152
49.6488
59.4054
69.814
78.8733
89.2749
98.3514
107.48
117.456
126.811
135.724
145.417
153.219
161.978
9.43398
20.2485
29.4109
40
49.8197
60.3075
69.4262
79.9312
89.0955
98.3514
108.467
117.924
127.004
136.825
144.779
153.701
10.8167
20
30.6105
40.4599
50.9902
60.1415
70.7107
79.9312
89.2749
99.4887
109.018
118.224
128.141
136.213
145.262
9.21954
19.8494
29.7321
40.3113
49.4975
60.1415
69.4262
78.8733
89.202
98.813
108.167
118.191
126.4
135.595
10.6301
20.5183
31.1127
40.3113
50.9902
60.3075
69.814
80.2122
89.8721
99.3227
109.417
117.72
127.016
9.89949
20.5183
29.7321
40.4599
49.8197
59.4054
69.8928
79.6116
89.1852
99.363
107.782
117.201
10.6301
19.8494
30.6105
40
49.6488
60.208
69.9714
79.6492
89.8944
98.4124
107.935
9.21954
20
29.4109
39.1152
49.7393
59.5399
69.3181
79.6241
88.2383
97.8621
10.8167
20.2485
30.0167
40.7063
50.5371
60.4152
70.7743
79.4796
89.1964
9.43398
19.2354
29.9666
39.8121
49.7695
60.1664
68.9493
78.7464
9.84886
20.6155
30.4631
40.4969
50.9215
59.7746
69.6419
10.7703
20.6155
30.6757
41.1096
50
59.9083
9.84886
19.9249
30.3645
39.2938
49.2443
10.198
20.6155
29.6142
39.6232
10.4403
19.4165
29.4279
9.05539
19.105
10.0499
