100
24.0208
49.163
74.3303
98.8585
123.628
147.679
172.244
196.217
219.92
244.131
266.987
290.799
313.04
336.381
358.232
380.454
402.17
423.058
444.06
463.847
483.873
503.572
522.108
541.181
559.322
575.878
592.373
609.462
624.468
639.491
653.735
667.492
680.523
692.342
704.376
714.86
725.207
733.501
742.699
750.746
757.961
764.971
770.537
775.673
779.605
783.156
786.489
787.526
789.365
790.001
789.396
787.589
786.584
783.282
779.762
775.861
770.756
765.22
758.24
751.056
743.038
733.87
725.603
715.286
704.829
692.824
681.032
668.027
654.297
640.078
625.08
610.099
593.034
576.563
559.322
541.91
522.858
504.343
484.663
464.656
444.887
423.902
403.031
381.329
359.123
337.285
313.957
291.728
267.927
245.082
220.88
197.185
173.22
148.661
124.615
99.8499
75.326
50.1597
25.02
25.1794
50.3587
74.9667
99.8248
123.976
148.678
172.8
196.698
221.109
244.19
268.263
290.766
314.403
336.555
359.124
381.182
402.449
423.851
444.055
464.521
484.661
503.7
523.259
541.91
558.982
576.043
593.681
609.273
624.892
639.726
654.109
667.764
680.233
692.931
704.071
715.118
724.07
733.984
742.72
750.665
758.39
764.681
770.56
775.219
779.52
783.597
785.398
788
789.396
789.522
788.48
788.242
785.688
782.924
779.757
775.403
770.6
764.346
757.904
750.586
742.15
734.554
724.953
715.168
703.847
692.724
680.362
667.281
653.673
639.295
624.924
608.434
592.555
575.835
558.982
540.445
522.464
503.254
483.719
464.397
443.847
423.388
402.061
380.237
358.734
335.738
313.806
290.303
267.72
243.756
220.293
196.515
172.131
148.223
123.584
99.1817
74.0608
49
25.1794
49.8197
74.7329
98.9545
123.762
148.007
172.07
196.655
219.939
244.248
266.993
290.904
313.338
336.238
358.622
380.254
402.045
422.655
443.552
464.123
483.661
503.7
522.858
540.445
558.073
576.261
592.443
608.664
624.094
639.112
653.401
666.532
679.909
691.718
703.483
713.109
723.76
733.205
741.903
750.367
757.407
764.055
769.471
774.551
779.401
782
785.398
787.589
788.48
788.242
788.807
787.041
785.073
782.681
779.12
775.093
769.608
763.953
757.381
749.723
742.841
734.006
724.939
714.351
703.946
692.278
679.896
666.949
653.241
639.531
623.668
608.434
592.284
576.043
558.073
540.678
521.989
502.977
484.154
464.088
444.091
423.189
401.798
380.678
358.064
336.476
313.321
291.046
267.367
244.182
220.635
196.471
172.743
148.273
124.036
99
74.0608
24.7386
49.7293
74.0405
98.9798
123.369
147.628
172.409
195.921
220.493
243.502
267.711
290.45
313.704
336.434
358.454
380.655
401.693
423.041
444.063
464.123
484.661
504.343
522.464
540.678
559.433
576.223
593.062
609.102
624.77
639.707
653.514
667.582
680.074
692.568
702.881
714.278
724.44
733.901
743.11
750.907
758.331
764.508
770.374
776
779.401
783.597
786.584
788.242
788.807
790.175
789.195
788.022
786.4
783.629
780.372
775.653
770.778
764.944
758.057
751.881
743.802
735.443
725.578
715.878
704.892
693.195
680.897
667.846
654.781
639.531
624.924
609.329
593.681
576.261
559.433
541.248
522.739
504.394
484.793
465.236
444.739
423.759
403.001
380.747
359.48
336.648
314.659
291.24
268.308
244.969
221
197.428
173.104
149
124.036
99.1817
25
49.3356
74.3303
98.7927
123.167
148.071
171.735
196.492
219.693
244.125
267.097
290.63
313.637
335.972
358.511
379.907
401.637
423.041
443.552
464.521
484.663
503.254
521.989
541.248
558.585
575.981
592.575
608.837
624.366
638.797
653.503
666.627
679.801
690.757
702.855
713.693
723.874
733.79
742.308
750.473
757.38
764
770.374
774.551
779.52
783.282
785.688
787.041
789.195
788.99
788.6
787.742
785.754
783.266
779.311
775.217
770.127
764.017
758.555
751.242
743.605
734.479
725.503
715.218
704.23
692.605
680.237
667.846
653.241
639.295
624.29
609.273
592.443
576.223
558.585
540.626
522.805
503.718
484.653
464.613
444.099
423.757
401.92
381.033
358.586
336.942
313.849
291.234
268.168
244.461
221.111
197
173.104
148.273
123.584
24.3516
49.3964
73.9256
98.4124
123.434
147.248
172.186
195.576
220.227
243.43
267.24
290.519
313.168
336.043
357.796
379.907
401.693
422.655
444.055
464.656
483.719
502.977
522.739
540.626
558.581
575.731
592.588
608.713
623.771
639.119
652.881
666.739
678.342
691.145
702.664
713.572
724.2
733.444
742.356
750
757.38
764.508
769.471
775.219
779.762
782.924
785.073
788.022
788.6
789.003
788.916
787.721
786.009
782.828
779.526
775.188
769.866
765.125
758.589
751.683
743.307
735.063
725.49
715.221
704.278
692.605
680.897
666.949
653.673
639.269
624.892
608.664
593.062
575.981
558.581
541.295
522.732
504.169
484.595
464.557
444.64
423.232
402.732
380.68
359.39
336.63
314.341
291.556
268.119
245
221.111
197.428
172.743
148.223
25.0799
49.6588
74.2428
99.363
123.309
148.408
171.968
196.817
220.229
244.295
267.825
290.766
313.955
336.043
358.511
380.655
402.045
423.851
444.887
464.397
484.154
504.394
522.805
541.295
558.975
576.403
593.098
608.757
624.721
639.095
653.612
665.839
679.321
691.495
703.105
714.419
724.365
734
742.356
750.473
758.331
764.055
770.56
775.861
779.757
782.681
786.4
787.742
788.916
789.58
789.159
788.204
785.779
783.25
779.647
775.095
771.06
765.285
759.095
751.453
743.927
735.054
725.492
715.221
704.23
693.195
679.896
667.281
653.471
639.726
624.094
609.102
592.575
575.731
558.975
540.934
522.87
503.763
484.2
464.711
443.732
423.622
401.968
381.035
358.615
336.656
314.159
291
268.119
244.461
221
196.471
172.131
24.5967
49.2443
74.4312
98.4784
123.709
147.411
172.43
196.026
220.32
244.076
267.286
290.766
313.168
335.972
358.454
380.254
402.449
423.902
443.847
464.088
484.793
503.718
522.732
540.934
558.925
576.184
592.441
609.016
624.001
639.175
652.028
666.191
679.023
691.339
703.344
714
724.365
733.444
742.308
750.907
757.407
764.681
770.756
775.403
779.12
783.629
785.754
787.721
789.159
789.535
789.361
787.718
785.988
783.148
779.395
776.093
771.11
765.666
758.792
752.017
743.876
735.054
725.49
715.218
704.892
692.278
680.362
667.183
654.109
639.112
624.77
608.837
592.588
576.403
558.925
541.4
522.8
503.755
484.732
464.225
444.546
423.331
402.796
380.757
359.168
337
314.159
291.556
268.168
244.969
220.635
196.515
24.6982
49.93
74.0608
99.4032
123.227
148.395
172.154
196.657
220.617
244.076
267.825
290.519
313.637
336.434
358.622
381.182
403.031
423.388
444.091
465.236
484.653
504.169
522.87
541.4
559.2
576.032
593.196
608.769
624.578
638.035
652.856
666.325
679.325
692
703.344
714.419
724.2
733.79
743.11
750.367
758.39
765.22
770.6
775.093
780.372
783.266
786.009
788.204
789.361
789.953
789.079
788.133
786.043
783.077
780.495
776.292
771.583
765.467
759.433
752.017
743.927
735.063
725.503
715.878
703.946
692.724
680.172
667.764
653.401
639.707
624.366
608.713
593.098
576.184
559.2
541.111
522.586
504.034
484.004
464.76
443.991
423.861
402.21
381
359.168
336.656
314.341
291.234
268.308
244.182
220.293
25.2389
49.4065
74.8131
98.7168
123.988
147.868
172.534
196.657
220.32
244.295
267.24
290.63
313.704
336.238
359.124
381.329
402.061
423.189
444.739
464.613
484.595
503.763
522.8
541.111
558.488
576.212
592.346
608.763
622.801
638.255
652.338
666
679.325
691.339
703.105
713.572
723.874
733.901
741.903
750.665
758.24
764.346
769.608
775.653
779.311
782.828
785.779
787.718
789.079
788.977
788.822
787.488
785.318
783.465
780.052
776.091
770.746
765.467
758.792
751.453
743.307
734.479
725.578
714.351
703.847
691.948
680.233
666.532
653.514
638.797
623.771
608.757
592.441
576.032
558.488
540.52
522.475
502.961
484.19
463.907
444.221
423
402.21
380.757
358.615
336.63
313.849
291.24
267.367
243.756
24.2074
49.679
73.6614
99.0353
123.037
147.868
172.154
196.026
220.229
243.43
267.097
290.45
313.338
336.555
359.123
380.237
401.798
423.759
444.099
464.557
484.2
503.755
522.586
540.52
558.814
575.522
592.558
607.19
623.29
638
652.338
666.325
679.023
691.495
702.664
713.693
724.44
733.205
742.72
751.056
757.904
763.953
770.778
775.217
779.526
783.25
785.988
788.133
788.822
789.474
788.914
787.556
786.448
783.843
780.646
776.091
771.583
765.666
759.095
751.683
743.605
735.443
724.939
715.168
703.938
692.931
679.909
667.582
653.503
639.119
624.721
609.016
593.196
576.212
558.814
541.288
522.304
504.017
484.232
465
444.221
423.861
402.796
381.035
359.39
336.942
314.659
291.046
267.72
25.4951
49.5177
74.9533
99.0353
123.988
148.395
172.43
196.817
220.227
244.125
267.711
290.904
314.403
337.285
358.734
380.678
403.001
423.757
444.64
464.711
484.732
504.034
522.475
541.288
558.52
576.126
591.305
608
623.29
638.255
652.856
666.191
679.321
691.145
702.855
714.278
723.76
733.984
743.038
750.586
757.381
764.944
770.127
775.188
779.647
783.148
786.043
787.488
788.914
789.096
788.521
788.128
786.303
783.843
780.052
776.292
771.11
765.285
758.589
751.242
743.802
734.006
724.953
714.382
704.071
691.718
680.074
666.627
652.881
639.095
624.001
608.769
592.346
575.522
558.52
540.071
522.277
503
484.232
463.907
443.991
423.331
401.968
380.68
358.586
336.648
313.321
290.303
24.0416
49.5177
73.6614
98.7168
123.227
147.411
171.968
195.576
219.693
243.502
266.993
290.766
313.957
335.738
358.064
380.747
401.92
423.232
443.732
464.225
484.004
502.961
522.304
540.071
558.259
574
591.305
607.19
622.801
638.035
652.028
665.839
678.342
690.757
702.881
713.109
724.07
733.87
742.15
749.723
758.057
764.017
769.866
775.095
779.395
783.077
785.318
787.556
788.521
788.769
789.131
788.128
786.448
783.465
780.495
776.093
771.06
765.125
758.555
751.881
742.841
734.554
724.685
715.118
703.483
692.568
679.801
666.739
653.612
639.175
624.578
608.763
592.558
576.126
558.259
541
522.277
504.017
484.19
464.76
444.546
423.622
402.732
381.033
359.48
336.476
313.806
25.4951
49.679
74.8131
99.4032
123.709
148.408
172.186
196.492
220.493
244.248
268.263
291.728
313.806
336.476
359.48
381.033
402.732
423.622
444.546
464.76
484.19
504.017
522.277
541
557.259
575.128
591.562
607.771
623.59
638.193
652.635
665.77
678.841
691.616
702.542
714.188
724.685
733.648
741.95
751.005
757.694
764.281
770.232
775.284
779.705
782.694
785.698
787.399
788.424
789.497
789.271
788.326
786.107
783.886
780.222
775.939
770.726
764.893
758.947
750.627
743.067
733.87
725.01
714.06
703.841
691.725
679.318
666.821
653.015
639.027
623.796
608.188
592.305
575
558.259
540.071
522.304
502.961
484.004
464.225
443.732
423.232
401.92
380.747
358.064
335.738
24.2074
49.4065
74.0608
98.4784
123.309
147.248
171.735
195.921
219.939
244.19
267.927
290.303
313.321
336.648
358.586
380.68
401.968
423.331
443.991
463.907
484.232
503
522.277
539.073
557.525
574.529
591.359
607.787
623.025
638.126
651.92
665.676
679.133
690.789
703.154
714.382
724.062
733.13
742.941
750.399
757.763
764.476
770.32
775.522
779.302
783.115
785.596
787.445
789.271
789.867
789.704
788.298
786.87
783.992
780.508
776.064
771.018
765.849
758.299
751.516
743.038
734.935
724.721
715.247
703.831
692.128
680.309
667.183
653.852
639.253
624.289
609
592.305
576.126
558.52
541.288
522.475
504.034
484.732
464.711
444.64
423.757
403.001
380.678
358.734
25.2389
49.93
74.4312
99.363
123.434
148.071
172.409
196.655
221.109
245.082
267.72
291.046
314.659
336.942
359.39
381.035
402.796
423.861
444.221
465
484.232
504.017
521.308
540.296
557.826
575.23
592.22
608.048
623.76
638.168
652.562
666.652
678.991
692.027
703.938
714.291
724.079
734.599
742.779
750.875
758.305
764.895
770.833
775.362
779.939
783.158
785.787
788.326
789.704
790.282
789.649
788.977
786.848
784.126
780.417
776.122
771.695
764.882
758.845
751.056
743.68
734.173
725.416
714.675
703.651
692.487
680.018
667.323
653.338
639
624.289
608.188
592.558
575.522
558.814
540.52
522.586
503.755
484.2
464.557
444.099
423.759
401.798
380.237
24.6982
49.2443
74.2428
98.4124
123.167
147.628
172.07
196.698
220.88
243.756
267.367
291.24
313.849
336.63
358.615
380.757
402.21
423
444.221
463.907
484.19
501.969
521.487
539.538
557.512
575.063
591.48
607.806
622.83
637.867
652.596
665.628
679.342
691.948
702.986
713.508
724.752
733.671
742.517
750.683
758.042
764.739
770.04
775.407
779.391
782.828
786.107
788.298
789.649
789.821
789.939
788.594
786.67
783.733
780.228
776.582
770.549
765.297
758.24
751.634
742.879
734.883
724.862
714.564
704.1
692.337
680.324
667
653.338
639.253
623.796
608.763
592.346
576.212
558.488
541.111
522.8
503.763
484.595
464.613
444.739
423.189
402.061
24.5967
49.6588
73.9256
98.7927
123.369
148.007
172.8
197.185
220.293
244.182
268.308
291.234
314.341
336.656
359.168
381
402.21
423.861
443.991
464.76
483.017
503.052
521.61
540.143
558.24
575.233
592.157
607.784
623.448
638.802
652.511
666.888
680.172
691.879
703.119
715.07
724.713
734.293
743.178
751.288
758.726
764.783
770.923
775.655
779.883
783.886
786.87
788.977
789.939
790.829
790.251
789.108
786.926
784.195
781.313
776.044
771.561
765.22
759.366
751.349
744.097
734.782
725.195
715.417
704.344
693
680.324
667.323
653.852
639.027
624.578
608.769
593.196
576.032
559.2
541.4
522.87
504.169
484.653
465.236
444.091
423.388
25.0799
49.3964
74.3303
98.9798
123.762
148.678
173.22
196.515
220.635
244.969
268.168
291.556
314.159
337
359.168
380.757
402.796
423.331
444.546
463.243
483.756
502.786
521.84
540.449
557.984
575.473
591.671
607.932
623.879
638.236
653.248
667.183
679.535
691.469
704.102
714.448
724.741
734.326
743.17
751.332
758.131
765.029
770.497
775.506
780.222
783.992
786.848
788.594
790.251
790.439
790.077
788.651
786.695
784.58
780.08
776.372
770.756
765.663
758.394
751.899
743.303
734.442
725.365
715
704.344
692.337
680.018
667.183
653.015
639.175
624.001
609.016
592.441
576.184
558.925
540.934
522.732
503.718
484.793
464.088
443.847
24.3516
49.3356
74.0405
98.9545
123.976
148.661
172.131
196.471
221
244.461
268.119
291
314.159
336.656
358.615
381.035
401.968
423.622
442.756
463.742
483.24
502.812
521.929
540.005
558.057
574.826
591.684
608.225
623.234
638.882
653.471
666.472
679.106
692.425
703.481
714.493
724.785
734.37
743.266
750.816
758.483
764.697
770.499
775.939
780.508
784.126
786.67
789.108
790.077
790.51
789.856
788.693
787.36
783.649
780.733
775.861
771.547
765.047
759.327
751.471
743.356
735
725.365
715.417
704.1
692.487
680.309
666.821
653.612
639.095
624.721
608.757
593.098
576.403
558.975
541.295
522.805
504.394
484.154
464.397
25
49.7293
74.7329
99.8248
124.615
148.223
172.743
197.428
221.111
245
268.119
291.556
314.341
336.63
359.39
380.68
402.732
422.263
443.68
463.605
483.654
503.239
521.814
540.39
557.69
575.104
592.2
607.82
624.065
639.269
652.883
666.179
680.147
691.876
703.572
714.536
724.829
734.425
742.694
751.096
758.027
764.589
770.726
776.064
780.417
783.733
786.926
788.651
789.856
789.953
789.56
788.99
786.049
783.906
779.762
776.211
770.466
765.506
758.38
751
743.356
734.442
725.195
714.564
703.651
692.128
679.318
666.739
652.881
639.119
623.771
608.713
592.588
575.731
558.581
540.626
522.739
502.977
483.719
24.7386
49.8197
74.9667
99.8499
123.584
148.273
173.104
197
221.111
244.461
268.168
291.234
313.849
336.942
358.586
381.033
400.96
422.806
443.158
463.683
483.735
502.813
521.914
539.749
557.724
575.378
591.616
608.464
624.29
638.524
652.491
667.117
679.53
691.921
703.569
714.581
724.89
733.892
743.044
750.706
758.046
764.893
771.018
776.122
780.228
784.195
786.695
788.693
789.56
789.958
790.171
788.023
786.675
783.282
780.516
775.549
771.373
765
758.38
751.471
743.303
734.782
724.862
714.675
703.831
691.725
679.801
666.627
653.503
638.797
624.366
608.837
592.575
575.981
558.585
541.248
521.989
503.254
25.1794
50.3587
75.326
99.1817
124.036
149
173.104
197.428
221
244.969
268.308
291.24
314.659
336.648
359.48
379.796
402.061
422.83
443.822
464.332
483.902
503.518
521.878
540.404
558.605
575.453
592.891
609.329
624.174
638.803
654.074
667.162
680.237
692.558
704.28
715.291
725.017
734.908
743.293
751.4
758.947
765.849
771.695
776.582
781.313
784.58
787.36
788.99
790.171
791.157
789.795
789.234
786.584
784.595
780.401
777
771.373
765.506
759.327
751.899
744.097
734.883
725.416
715.247
703.841
692.568
680.074
667.582
653.514
639.707
624.77
609.102
593.062
576.223
559.433
540.678
522.464
25.1794
50.1597
74.0608
99
124.036
148.273
172.743
196.471
220.635
244.182
267.367
291.046
313.321
336.476
357.123
379.749
400.88
422.284
443.2
463.212
483.293
502.132
521.162
539.869
557.283
575.272
592.284
607.705
622.961
638.847
652.58
666.312
679.283
691.691
703.384
713.816
724.431
733.524
742.388
750.627
758.299
764.882
770.549
776.044
780.08
783.649
786.049
788.023
789.795
789.234
789.476
787.589
786.397
783
780.401
775.549
770.466
765.047
758.394
751.349
742.879
734.173
724.721
714.06
703.483
691.718
679.909
666.532
653.401
639.112
624.094
608.664
592.443
576.261
558.073
540.445
25.02
49
74.0608
99.1817
123.584
148.223
172.131
196.515
220.293
243.756
267.72
290.303
313.806
334.809
357.817
379.332
401.171
422.512
442.986
463.554
482.892
502.446
521.674
539.676
558.233
575.835
591.849
607.751
624.264
638.659
653.062
666.694
679.801
692.189
703.338
714.687
724.5
734.129
743.067
751.516
758.845
765.297
771.561
776.372
780.733
783.906
786.675
789.234
789.476
790.52
789.396
789
786.397
784.595
780.516
776.211
771.547
765.663
759.366
751.634
743.68
734.935
725.01
715.118
704.071
692.931
680.233
667.764
654.109
639.726
624.892
609.273
593.681
576.043
558.982
24.0208
49.163
74.3303
98.8585
123.628
147.679
172.244
196.217
219.92
244.131
266.987
290.799
312.123
335.477
357.342
379.579
401.31
422.214
443.234
463.039
483.084
502.802
521.36
540.454
558.616
575.195
591.714
608.826
623.857
638.905
653.175
666.957
680.015
691.862
703.923
714.435
724.812
734.431
743.64
751.697
758.922
765.94
771.513
776.656
780.593
784.148
787.485
788.524
790.364
790
790.395
788.587
787.579
784.274
780.75
776.843
771.732
766.189
759.2
752.007
743.978
734.799
725.603
715.286
704.829
692.824
681.032
668.027
654.297
640.078
625.08
610.099
593.034
576.563
25.1794
50.3587
74.9667
99.8248
123.976
148.678
172.8
196.698
221.109
244.19
268.263
289.862
313.512
335.678
358.264
380.338
401.622
423.043
443.265
463.751
483.91
502.972
522.552
541.225
558.321
575.406
593.068
608.685
624.331
639.19
653.6
667.283
679.779
692.506
703.674
714.751
725.01
734.935
743.68
751.634
759.366
765.663
771.547
776.211
780.516
784.595
786.397
789
789.365
790.52
789.476
789.234
786.675
783.906
780.733
776.372
771.561
765.297
758.845
751.516
743.067
734.554
724.953
715.168
703.847
692.724
680.362
667.281
653.673
639.295
624.924
608.434
592.555
25.1794
49.8197
74.7329
98.9545
123.762
148.007
172.07
196.655
219.939
244.248
266.101
290.028
312.477
335.394
357.795
379.444
401.254
421.884
442.801
463.393
482.954
503.016
522.196
539.807
557.46
575.674
591.882
608.129
623.585
638.631
652.947
666.107
679.512
691.35
703.145
714.06
724.721
734.173
742.879
751.349
758.394
765.047
770.466
775.549
780.401
783
786.397
787.526
789.476
789.234
789.795
788.023
786.049
783.649
780.08
776.044
770.549
764.882
758.299
750.627
742.841
734.006
724.939
714.351
703.946
692.278
679.896
666.949
653.241
639.531
623.668
608.434
24.7386
49.7293
74.0405
98.9798
123.369
147.628
172.409
195.921
220.493
242.627
266.852
289.607
312.879
335.626
357.665
379.886
400.944
422.314
443.357
463.44
484.001
503.707
521.852
540.093
558.872
575.689
592.555
608.621
624.318
639.282
653.119
667.216
679.736
692.261
703.841
715.247
725.416
734.883
744.097
751.899
759.327
765.506
771.373
777
780.401
784.595
786.489
789.234
789.795
791.157
790.171
788.99
787.36
784.58
781.313
776.582
771.695
765.849
758.947
751.881
743.802
735.443
725.578
715.878
704.892
693.195
680.897
667.846
654.781
639.531
624.924
25
49.3356
74.3303
98.7927
123.167
148.071
171.735
196.492
218.833
243.282
266.271
289.822
312.847
335.201
357.761
379.178
400.93
422.356
442.892
463.885
484.051
502.667
521.429
540.712
558.077
575.501
592.122
608.412
623.97
638.429
653.165
666.319
679.524
691.725
703.831
714.675
724.862
734.782
743.303
751.471
758.38
765
771.373
775.549
780.516
783.156
786.675
788.023
790.171
789.958
789.56
788.693
786.695
784.195
780.228
776.122
771.018
764.893
758.555
751.242
743.605
734.479
725.503
715.218
704.23
692.605
680.237
667.846
653.241
639.295
24.3516
49.3964
73.9256
98.4124
123.434
147.248
172.186
194.733
219.401
242.621
266.451
289.748
312.418
335.315
357.09
379.223
401.031
422.019
443.443
464.069
483.157
502.443
522.231
540.145
558.129
575.306
592.193
608.346
623.433
638.811
652.602
666.492
679.318
692.128
703.651
714.564
725.195
734.442
743.356
751
758.38
765.506
770.466
776.211
779.605
783.906
786.049
788.99
789.56
789.953
789.856
788.651
786.926
783.733
780.417
776.064
770.726
765.125
758.589
751.683
743.307
735.063
725.49
715.221
704.278
692.605
680.897
666.949
653.673
25.0799
49.6588
74.2428
99.363
123.309
148.408
171.143
196.01
219.44
243.526
267.075
290.038
313.249
335.36
357.851
380.017
401.434
423.265
444.325
463.862
483.647
503.913
522.352
540.871
558.579
576.036
592.76
608.449
624.443
638.847
653.395
666.821
680.309
692.487
704.1
715.417
725.365
735
743.356
751.471
759.327
765.047
771.547
775.673
780.733
783.649
787.36
788.693
789.856
790.51
790.077
789.108
786.67
784.126
780.508
775.939
771.06
765.285
759.095
751.453
743.927
735.054
725.492
715.221
704.23
693.195
679.896
667.281
24.5967
49.2443
74.4312
98.4784
123.709
146.605
171.642
195.256
219.572
243.347
266.58
290.083
312.508
335.336
357.841
379.668
401.888
423.367
443.338
463.609
484.34
503.294
522.337
540.567
558.588
575.876
592.163
608.769
623.784
638.99
653.015
667.183
680.018
692.337
704.344
715
725.365
734.442
743.303
751.899
758.394
765.663
770.537
776.372
780.08
784.58
786.695
788.651
790.077
790.439
790.251
788.594
786.848
783.992
780.222
776.093
771.11
765.666
758.792
752.017
743.876
735.054
725.49
715.218
704.892
692.278
680.362
24.6982
49.93
74.0608
99.4032
122.442
147.628
171.406
195.931
219.911
243.393
267.165
289.883
313.026
335.847
358.063
380.648
402.523
422.907
443.639
464.812
484.258
503.803
522.532
541.092
558.922
575.785
592.98
608.583
624.424
639.027
653.852
667.323
680.324
693
704.344
715.417
725.195
734.782
744.097
751.349
759.366
764.971
771.561
776.044
781.313
784.195
786.926
789.108
790.251
790.829
789.939
788.977
786.87
783.886
780.495
776.292
771.583
765.467
759.433
752.017
743.927
735.063
725.503
715.878
703.946
692.724
25.2389
49.4065
74.8131
97.949
123.24
147.139
171.828
195.972
219.659
243.658
266.627
290.043
313.141
335.704
358.615
380.848
401.607
422.765
444.342
464.246
484.257
503.454
522.522
540.862
558.271
576.025
592.19
608.639
623.796
639.253
653.338
667
680.324
692.337
704.1
714.564
724.862
734.883
742.879
751.634
757.961
765.297
770.549
776.582
780.228
783.733
786.67
788.594
789.939
789.821
789.649
788.298
786.107
783.465
780.052
776.091
770.746
765.467
758.792
751.453
743.307
734.479
725.578
714.351
703.847
24.2074
49.679
72.9178
98.3107
122.332
147.187
171.493
195.389
219.618
242.844
266.537
289.914
312.832
336.074
358.67
379.812
401.404
423.392
443.762
464.25
483.923
503.508
522.369
540.334
558.659
575.397
592.466
608.188
624.289
639
653.338
667.323
680.018
692.487
703.651
714.675
725.416
734.173
743.68
750.746
758.845
764.882
771.695
776.122
780.417
784.126
786.848
788.977
789.649
790.282
789.704
788.326
786.448
783.843
780.646
776.091
771.583
765.666
759.095
751.683
743.605
735.443
724.939
715.168
25.4951
48.7955
74.2496
98.3514
123.329
147.757
171.817
196.229
219.666
243.59
267.2
290.424
313.949
336.859
358.336
380.312
402.662
423.449
444.362
464.462
484.514
503.846
522.319
541.164
558.426
576.064
592.305
609
624.289
639.253
653.852
667.183
680.309
692.128
703.831
715.247
724.721
734.935
742.699
751.516
758.299
765.849
771.018
776.064
780.508
783.992
786.87
788.298
789.704
789.867
789.271
788.128
786.303
783.843
780.052
776.292
771.11
765.285
758.589
751.242
743.802
734.006
724.953
23.3452
48.8365
73
98.0816
122.613
146.823
171.406
195.041
219.185
243.019
266.541
290.341
313.56
335.37
357.728
380.438
401.643
422.985
443.514
464.039
483.848
502.837
522.211
540.009
558.229
575
592.305
608.188
623.796
639.027
653.015
666.821
679.318
691.725
703.841
714.06
725.01
733.501
743.067
750.627
758.947
764.893
770.726
775.939
780.222
783.886
786.107
788.326
789.271
789.497
789.131
788.128
786.448
783.465
780.495
776.093
771.06
765.125
758.555
751.881
742.841
734.554
25.4951
49.679
74.8131
99.4032
123.709
148.408
172.186
196.492
220.493
244.248
268.263
291.728
313.806
336.476
359.48
381.033
402.732
423.622
444.546
464.76
484.19
504.017
522.277
541
558.229
576.064
592.466
608.639
624.424
638.99
653.395
666.492
679.524
692.261
703.145
714.751
723.893
734.129
742.388
751.4
758.046
764.589
770.499
775.506
779.883
782.828
785.787
787.445
788.424
788.769
788.521
787.556
785.318
783.077
779.395
775.095
769.866
764.017
758.057
749.723
742.15
24.2074
49.4065
74.0608
98.4784
123.309
147.248
171.735
195.921
219.939
244.19
267.927
290.303
313.321
336.648
358.586
380.68
401.968
423.331
443.991
463.907
484.232
503
522.277
540.009
558.426
575.397
592.19
608.583
623.784
638.847
652.602
666.319
679.736
691.35
703.674
713.53
724.5
733.524
743.293
750.706
758.027
764.697
770.497
775.655
779.391
783.158
785.596
787.399
788.521
789.096
788.914
787.488
786.043
783.148
779.647
775.188
770.127
764.944
757.381
750.586
25.2389
49.93
74.4312
99.363
123.434
148.071
172.409
196.655
221.109
245.082
267.72
291.046
314.659
336.942
359.39
381.035
402.796
423.861
444.221
465
484.232
504.017
522.211
541.164
558.659
576.025
592.98
608.769
624.443
638.811
653.165
667.216
679.512
692.506
703.031
714.687
724.431
734.908
743.044
751.096
758.483
765.029
770.923
775.407
779.939
783.115
785.698
787.556
788.914
789.474
788.822
788.133
785.988
783.25
779.526
775.217
770.778
763.953
757.904
24.6982
49.2443
74.2428
98.4124
123.167
147.628
172.07
196.698
220.88
243.756
267.367
291.24
313.849
336.63
358.615
380.757
402.21
423
444.221
463.907
484.19
502.837
522.319
540.334
558.271
575.785
592.163
608.449
623.433
638.429
653.119
666.107
679.779
690.985
703.338
713.816
725.017
733.892
742.694
750.816
758.131
764.783
770.04
775.362
779.302
782.694
785.318
787.488
788.822
788.977
789.079
787.718
785.779
782.828
779.311
775.653
769.608
764.346
24.5967
49.6588
73.9256
98.7927
123.369
148.007
172.8
197.185
220.293
244.182
268.308
291.234
314.341
336.656
359.168
381
402.21
423.861
443.991
464.76
483.848
503.846
522.369
540.862
558.922
575.876
592.76
608.346
623.97
639.282
652.947
667.283
679.154
692.189
703.384
715.291
724.89
734.425
743.266
751.332
758.726
764.739
770.833
775.522
779.705
783.077
786.043
788.133
789.079
789.953
789.361
788.204
786.009
783.266
780.372
775.093
770.6
25.0799
49.3964
74.3303
98.9798
123.762
148.678
173.22
196.515
220.635
244.969
268.168
291.556
314.159
337
359.168
380.757
402.796
423.331
444.546
464.039
484.514
503.508
522.522
541.092
558.588
576.036
592.193
608.412
624.318
638.631
653.6
666.112
679.801
691.691
704.28
714.581
724.829
734.37
743.17
751.288
758.042
764.895
770.32
775.284
779.395
783.148
785.988
787.718
789.361
789.535
789.159
787.721
785.754
783.629
779.12
775.403
24.3516
49.3356
74.0405
98.9545
123.976
148.661
172.131
196.471
221
244.461
268.119
291
314.159
336.656
358.615
381.035
401.968
423.622
443.514
464.462
483.923
503.454
522.532
540.567
558.579
575.306
592.122
608.621
623.585
639.19
652.347
666.694
679.283
692.558
703.569
714.536
724.785
734.326
743.178
750.683
758.305
764.476
770.232
775.095
779.647
783.25
785.779
788.204
789.159
789.58
788.916
787.742
786.4
782.681
779.757
25
49.7293
74.7329
99.8248
124.615
148.223
172.743
197.428
221.111
245
268.119
291.556
314.341
336.63
359.39
380.68
402.732
422.985
444.362
464.25
484.257
503.803
522.337
540.871
558.129
575.501
592.555
608.129
624.331
638.095
653.062
666.312
680.237
691.921
703.572
714.493
724.741
734.293
742.517
750.875
757.763
764.281
769.866
775.188
779.526
782.828
786.009
787.721
788.916
789.003
788.6
788.022
785.073
782.924
24.7386
49.8197
74.9667
99.8499
123.584
148.273
173.104
197
221.111
244.461
268.168
291.234
313.849
336.942
358.586
381.033
401.643
423.449
443.762
464.246
484.258
503.294
522.352
540.145
558.077
575.689
591.882
608.685
623.065
638.659
652.58
667.162
679.53
691.876
703.481
714.448
724.713
733.671
742.779
750.399
757.694
764.017
770.127
775.217
779.311
783.266
785.754
787.742
788.6
788.99
789.195
787.041
785.688
25.1794
50.3587
75.326
99.1817
124.036
149
173.104
197.428
221
244.969
268.308
291.24
314.659
336.648
359.48
380.438
402.662
423.392
444.342
464.812
484.34
503.913
522.231
540.712
558.872
575.674
593.068
608.054
624.264
638.847
654.074
667.117
680.147
692.425
704.102
715.07
724.752
734.599
742.941
751.005
758.057
764.944
770.778
775.653
780.372
783.629
786.4
788.022
789.195
790.175
788.807
788.242
25.1794
50.1597
74.0608
99
124.036
148.273
172.743
196.471
220.635
244.182
267.367
291.046
313.321
336.476
357.728
380.312
401.404
422.765
443.639
463.609
483.647
502.443
521.429
540.093
557.46
575.406
590.962
607.751
622.961
638.803
652.491
666.179
679.106
691.469
703.119
713.508
724.079
733.13
741.95
749.723
757.381
763.953
769.608
775.093
779.12
782.681
785.073
787.041
788.807
788.242
788.48
25.02
49
74.0608
99.1817
123.584
148.223
172.131
196.515
220.293
243.756
267.72
290.303
313.806
335.37
358.336
379.812
401.607
422.907
443.338
463.862
483.157
502.667
521.852
539.807
558.321
574.465
591.849
607.705
624.174
638.524
652.883
666.472
679.535
691.879
702.986
714.291
724.062
733.648
742.15
750.586
757.904
764.346
770.6
775.403
779.757
782.924
785.688
788.242
788.48
789.522
24.0208
49.163
74.3303
98.8585
123.628
147.679
172.244
196.217
219.92
244.131
266.987
290.799
312.642
335.954
357.778
379.971
401.662
422.522
443.497
463.259
483.26
502.935
521.446
540.496
557.2
575.15
591.622
608.691
623.677
638.681
652.908
666.647
679.662
691.466
703.484
713.955
724.289
733.501
742.699
750.746
757.961
764.971
770.537
775.673
779.605
783.156
786.489
787.526
789.365
25.1794
50.3587
74.9667
99.8248
123.976
148.678
172.8
196.698
221.109
244.19
268.263
290.341
313.949
336.074
358.615
380.648
401.888
423.265
443.443
463.885
484.001
503.016
522.552
539.768
558.233
575.272
592.891
608.464
624.065
638.882
653.248
666.888
679.342
692.027
703.154
714.188
724.07
733.984
742.72
750.665
758.39
764.681
770.56
775.219
779.52
783.597
785.398
788
25.1794
49.8197
74.7329
98.9545
123.762
148.007
172.07
196.655
219.939
244.248
266.541
290.424
312.832
335.704
358.063
379.668
401.434
422.019
442.892
463.44
482.954
502.972
520.697
539.676
557.283
575.453
591.616
607.82
623.234
638.236
652.511
665.628
678.991
690.789
702.542
713.109
723.76
733.205
741.903
750.367
757.407
764.055
769.471
774.551
779.401
782
785.398
24.7386
49.7293
74.0405
98.9798
123.369
147.628
172.409
195.921
220.493
243.019
267.2
289.914
313.141
335.847
357.841
380.017
401.031
422.356
443.357
463.393
483.91
502.164
521.674
539.869
558.605
575.378
592.2
608.225
623.879
638.802
652.596
666.652
679.133
691.616
702.881
714.278
724.44
733.901
743.11
750.907
758.331
764.508
770.374
776
779.401
783.597
25
49.3356
74.3303
98.7927
123.167
148.071
171.735
196.492
219.185
243.59
266.537
290.043
313.026
335.336
357.851
379.223
400.93
422.314
442.801
463.751
482.47
502.446
521.162
540.404
557.724
575.104
591.684
607.932
623.448
637.867
652.562
665.676
678.841
690.757
702.855
713.693
723.874
733.79
742.308
750.473
757.38
764
770.374
774.551
779.52
24.3516
49.3964
73.9256
98.4124
123.434
147.248
172.186
195.041
219.666
242.844
266.627
289.883
312.508
335.36
357.09
379.178
400.944
421.884
443.265
462.45
482.892
502.132
521.878
539.749
557.69
574.826
591.671
607.784
622.83
638.168
651.92
665.77
678.342
691.145
702.664
713.572
724.2
733.444
742.356
750
757.38
764.508
769.471
775.219
25.0799
49.6588
74.2428
99.363
123.309
148.408
171.406
196.229
219.618
243.658
267.165
290.083
313.249
335.315
357.761
379.886
401.254
423.043
442.67
463.554
483.293
503.518
521.914
540.39
558.057
575.473
592.157
607.806
623.76
638.126
652.635
665.839
679.321
691.495
703.105
714.419
724.365
734
742.356
750.473
758.331
764.055
770.56
24.5967
49.2443
74.4312
98.4784
123.709
146.823
171.817
195.389
219.659
243.393
266.58
290.038
312.418
335.201
357.665
379.444
401.622
421.678
442.986
463.212
483.902
502.813
521.814
540.005
557.984
575.233
591.48
608.048
623.025
638.193
652.028
666.191
679.023
691.339
703.344
714
724.365
733.444
742.308
750.907
757.407
764.681
24.6982
49.93
74.0608
99.4032
122.613
147.757
171.493
195.972
219.911
243.347
267.075
289.748
312.847
335.626
357.795
380.338
400.8
422.512
443.2
464.332
483.735
503.239
521.929
540.449
558.24
575.063
592.22
607.787
623.59
638.035
652.856
666.325
679.325
692
703.344
714.419
724.2
733.79
743.11
750.367
758.39
25.2389
49.4065
74.8131
98.0816
123.329
147.187
171.828
195.931
219.572
243.526
266.451
289.822
312.879
335.394
358.264
379.095
401.171
422.284
443.822
463.683
483.654
502.812
521.84
540.143
557.512
575.23
591.359
607.771
622.801
638.255
652.338
666
679.325
691.339
703.105
713.572
723.874
733.901
741.903
750.665
24.2074
49.679
73
98.3514
122.332
147.139
171.406
195.256
219.44
242.621
266.271
289.607
312.477
335.678
356.887
379.332
400.88
422.83
443.158
463.605
483.24
502.786
521.61
539.538
557.826
574.529
591.562
607.19
623.29
638
652.338
666.325
679.023
691.495
702.664
713.693
724.44
733.205
742.72
25.4951
48.8365
74.2496
98.3107
123.24
147.628
171.642
196.01
219.401
243.282
266.852
290.028
313.512
335.049
357.817
379.749
402.061
422.806
443.68
463.742
483.756
503.052
521.487
540.296
557.525
575.128
591.305
608
623.29
638.255
652.856
666.191
679.321
691.145
702.855
714.278
723.76
733.984
23.3452
48.7955
72.9178
97.949
122.442
146.605
171.143
194.733
218.833
242.627
266.101
289.862
311.724
334.809
357.123
379.796
400.96
422.263
442.756
463.243
483.017
501.969
521.308
539.073
557.259
574
591.305
607.19
622.801
638.035
652.028
665.839
678.342
690.757
702.881
713.109
724.07
25.4951
49.679
74.8131
99.4032
123.709
148.408
172.186
196.492
220.493
244.248
268.263
290.429
313.806
336.476
359.48
381.033
402.732
423.622
444.546
464.76
484.19
504.017
522.277
541
558.259
576.126
592.558
608.763
624.578
639.175
653.612
666.739
679.801
692.568
703.483
715.118
24.2074
49.4065
74.0608
98.4784
123.309
147.248
171.735
195.921
219.939
244.19
266.648
290.303
313.321
336.648
358.586
380.68
401.968
423.331
443.991
463.907
484.232
503
522.277
540.071
558.52
575.522
592.346
608.769
624.001
639.095
652.881
666.627
680.074
691.718
704.071
25.2389
49.93
74.4312
99.363
123.434
148.071
172.409
196.655
221.109
243.822
267.72
291.046
314.659
336.942
359.39
381.035
402.796
423.861
444.221
465
484.232
504.017
522.304
541.288
558.814
576.212
593.196
609.016
624.721
639.119
653.503
667.582
679.909
692.931
24.6982
49.2443
74.2428
98.4124
123.167
147.628
172.07
196.698
219.641
243.756
267.367
291.24
313.849
336.63
358.615
380.757
402.21
423
444.221
463.907
484.19
502.961
522.475
540.52
558.488
576.032
592.441
608.757
623.771
638.797
653.514
666.532
680.233
24.5967
49.6588
73.9256
98.7927
123.369
148.007
172.8
195.969
220.293
244.182
268.308
291.234
314.341
336.656
359.168
381
402.21
423.861
443.991
464.76
484.004
504.034
522.586
541.111
559.2
576.184
593.098
608.713
624.366
639.707
653.401
667.764
25.0799
49.3964
74.3303
98.9798
123.762
148.678
172.026
196.515
220.635
244.969
268.168
291.556
314.159
337
359.168
380.757
402.796
423.331
444.546
464.225
484.732
503.755
522.8
541.4
558.925
576.403
592.588
608.837
624.77
639.112
654.109
24.3516
49.3356
74.0405
98.9545
123.976
147.492
172.131
196.471
221
244.461
268.119
291
314.159
336.656
358.615
381.035
401.968
423.622
443.732
464.711
484.2
503.763
522.87
540.934
558.975
575.731
592.575
609.102
624.094
639.726
25
49.7293
74.7329
99.8248
123.471
148.223
172.743
197.428
221.111
245
268.119
291.556
314.341
336.63
359.39
380.68
402.732
423.232
444.64
464.557
484.595
504.169
522.732
541.295
558.581
575.981
593.062
608.664
624.892
24.7386
49.8197
74.9667
98.732
123.584
148.273
173.104
197
221.111
244.461
268.168
291.234
313.849
336.942
358.586
381.033
401.92
423.757
444.099
464.613
484.653
503.718
522.805
540.626
558.585
576.223
592.443
609.273
25.1794
50.3587
74.2428
99.1817
124.036
149
173.104
197.428
221
244.969
268.308
291.24
314.659
336.648
359.48
380.747
403.001
423.759
444.739
465.236
484.793
504.394
522.739
541.248
559.433
576.261
593.681
25.1794
49.0918
74.0608
99
124.036
148.273
172.743
196.471
220.635
244.182
267.367
291.046
313.321
336.476
358.064
380.678
401.798
423.189
444.091
464.088
484.154
502.977
521.989
540.678
558.073
576.043
24
49
74.0608
99.1817
123.584
148.223
172.131
196.515
220.293
243.756
267.72
290.303
313.806
335.738
358.734
380.237
402.061
423.388
443.847
464.397
483.719
503.254
522.464
540.445
558.982
25
50.0899
75.2396
99.7246
124.459
148.476
173.003
196.939
220.601
244.773
267.589
291.359
313.56
336.859
358.67
380.848
402.523
423.367
444.325
464.069
484.051
503.707
522.196
541.225
25.1794
50.3587
74.9667
99.8248
123.976
148.678
172.8
196.698
221.109
244.19
268.263
290.766
314.403
336.555
359.124
381.182
402.449
423.851
444.055
464.521
484.661
503.7
523.259
25.1794
49.8197
74.7329
98.9545
123.762
148.007
172.07
196.655
219.939
244.248
266.993
290.904
313.338
336.238
358.622
380.254
402.045
422.655
443.552
464.123
483.661
503.7
24.7386
49.7293
74.0405
98.9798
123.369
147.628
172.409
195.921
220.493
243.502
267.711
290.45
313.704
336.434
358.454
380.655
401.693
423.041
444.063
464.123
484.661
25
49.3356
74.3303
98.7927
123.167
148.071
171.735
196.492
219.693
244.125
267.097
290.63
313.637
335.972
358.511
379.907
401.637
423.041
443.552
464.521
24.3516
49.3964
73.9256
98.4124
123.434
147.248
172.186
195.576
220.227
243.43
267.24
290.519
313.168
336.043
357.796
379.907
401.693
422.655
444.055
25.0799
49.6588
74.2428
99.363
123.309
148.408
171.968
196.817
220.229
244.295
267.825
290.766
313.955
336.043
358.511
380.655
402.045
423.851
24.5967
49.2443
74.4312
98.4784
123.709
147.411
172.43
196.026
220.32
244.076
267.286
290.766
313.168
335.972
358.454
380.254
402.449
24.6982
49.93
74.0608
99.4032
123.227
148.395
172.154
196.657
220.617
244.076
267.825
290.519
313.637
336.434
358.622
381.182
25.2389
49.4065
74.8131
98.7168
123.988
147.868
172.534
196.657
220.32
244.295
267.24
290.63
313.704
336.238
359.124
24.2074
49.679
73.6614
99.0353
123.037
147.868
172.154
196.026
220.229
243.43
267.097
290.45
313.338
336.555
25.4951
49.5177
74.9533
99.0353
123.988
148.395
172.43
196.817
220.227
244.125
267.711
290.904
314.403
24.0416
49.5177
73.6614
98.7168
123.227
147.411
171.968
195.576
219.693
243.502
266.993
290.766
25.4951
49.679
74.8131
99.4032
123.709
148.408
172.186
196.492
220.493
244.248
268.263
24.2074
49.4065
74.0608
98.4784
123.309
147.248
171.735
195.921
219.939
244.19
25.2389
49.93
74.4312
99.363
123.434
148.071
172.409
196.655
221.109
24.6982
49.2443
74.2428
98.4124
123.167
147.628
172.07
196.698
24.5967
49.6588
73.9256
98.7927
123.369
148.007
172.8
25.0799
49.3964
74.3303
98.9798
123.762
148.678
24.3516
49.3356
74.0405
98.9545
123.976
25
49.7293
74.7329
99.8248
24.7386
49.8197
74.9667
25.1794
50.3587
25.1794
