100
2.23607
5.09902
7.07107
9.21954
12.1655
14.3178
17.4642
19.6469
22.1359
24.3516
26.9258
29.1548
31.7805
33.541
36.2353
38.0789
40.8167
42.72
45.2217
47.2017
49.0408
51.0882
52.4023
54.4518
56.5685
58.0517
60.3075
61.8466
62.8013
65.215
66.2873
68.2642
69.4622
70.2353
71.5542
72.4983
73.9256
75.0267
75.2728
76.5376
76.922
78.339
78.8543
79.2465
79.9062
79.511
80.3057
80.1561
80.025
80.0062
80.0562
80.2247
80.399
79.6304
80.0625
79.4292
79.0759
78.5875
77.201
76.844
75.6108
75.3923
74.3236
72.9178
72.0069
70.7107
69.9714
68.7968
66.8506
65.8027
63.4114
62.482
60.959
58.7282
56.5685
55.1725
53.1507
51.8556
49.8197
48.0104
46.0435
43.566
41.6773
38.9487
37.1214
34.4384
32.6956
30.0832
27.8568
25.2982
23.0868
20.6155
18.4391
15.2971
13.1529
10.198
8.06226
6.08276
3.16228
3
5
7.07107
10.0499
12.1655
15.2971
17.4642
19.9249
22.1359
24.6982
26.9258
29.5466
31.305
34
35.8469
38.5876
40.4969
43.0116
45
46.8615
48.9183
50.2494
52.3259
54.4518
55.9732
58.258
59.8164
60.803
63.2456
64.3506
66.3702
67.6018
68.4251
69.7782
70.7743
72.2357
73.3894
73.6817
75
75.4321
76.9025
77.4661
77.9295
78.6384
78.3135
79.1581
79.0569
79
79.0569
79.1581
79.404
79.6304
78.9177
79.4292
78.8543
78.5875
78.1601
76.844
76.5506
75.3923
75.2396
74.2496
72.8972
72.0694
70.8308
70.1783
69.0652
67.2012
66.2193
63.8905
63.0317
61.5549
59.397
57.3149
55.9732
54.037
52.8015
50.8035
49.0918
47.1699
44.7772
42.9418
40.2492
38.4838
35.8469
34.176
31.6228
29.4109
26.9258
24.7386
22.3607
20.2237
17.1172
15.0333
12.0416
10
8
5
2
4.12311
7.07107
9.21954
12.3693
14.5602
17.088
19.3132
21.9317
24.1661
26.8328
28.6531
31.3847
33.2866
36.0555
38.0132
40.6079
42.638
44.5982
46.6905
48.0833
50.2494
52.4023
54.037
56.4004
58.0086
59.0762
61.5873
62.7694
64.8845
66.1891
67.1193
68.542
69.6419
71.1688
72.4224
72.8011
74.2159
74.7329
76.2955
76.9415
77.5242
78.3135
78.1025
79.0253
79
79.0569
79.2275
79.404
79.7621
80.0625
79.4292
80.05
79.555
79.404
79.0569
77.8332
77.6209
76.5572
76.4853
75.591
74.3034
73.5731
72.4017
71.8471
70.8025
69.029
68.1175
65.8559
65.0692
63.6396
61.5549
59.5483
58.258
56.4004
55.2178
53.2541
51.6236
49.7393
47.4131
45.618
42.9535
41.2311
38.6264
37
34.4819
32.28
29.8329
27.6586
25.318
23.1948
20.0998
18.0278
15.0333
13
11
8
2.23607
5.09902
7.28011
10.4403
12.6491
15.2315
17.4642
20.1246
22.3607
25.0599
26.9258
29.6816
31.6228
34.4093
36.4005
39.0512
41.1096
43.1393
45.2548
46.6905
48.9183
51.0882
52.8015
55.2178
56.8595
57.9828
60.5392
61.7738
63.9531
65.307
66.3099
67.7791
68.9493
70.5195
71.8401
72.2772
73.7564
74.3303
75.9539
76.6551
77.3175
78.1601
78.0256
79
79.0253
79.1581
79.404
79.6304
80.0625
80.4114
79.8311
80.5233
80.0812
80.0062
79.712
78.5493
78.3901
77.3886
77.3692
76.5376
75.2928
74.6257
73.4983
73.0068
72.0069
70.2922
69.4262
67.2086
66.468
65.0692
63.0317
61.0737
59.8164
58.0086
56.8595
54.9181
53.3385
51.4782
49.1935
47.4236
44.7772
43.0813
40.4969
38.8973
36.4005
34.2053
31.7805
29.6142
27.2947
25.1794
22.0907
20.025
17.0294
15
13
10
3
5.09902
8.24621
10.4403
13
15.2315
17.8885
20.1246
22.8254
24.6982
27.4591
29.4109
32.2025
34.2053
36.8782
38.9487
41.0122
43.1393
44.5982
46.8615
49.0408
50.8035
53.2541
54.9181
56.0803
58.6686
59.9416
62.1691
63.561
64.622
66.1287
67.3573
68.9638
70.342
70.8308
72.3671
72.9932
74.6726
75.4255
76.1643
77.0584
77
78.0256
78.1025
78.3135
78.6384
78.9177
79.4292
79.8311
79.3095
80.0812
79.6994
79.712
79.4796
78.3901
78.2943
77.3692
77.4145
76.6616
75.4718
74.8866
73.8173
73.4098
72.4707
70.8378
70.0357
67.8823
67.2086
65.8559
63.8905
62.0081
60.803
59.0762
57.9828
56.0803
54.5894
52.7731
50.5668
48.8467
46.2385
44.5982
42.0595
40.5216
38.0789
35.9026
33.541
31.4006
29.1548
27.074
24.0208
22
19
17.0294
15.0333
12.0416
2.23607
5.38516
7.61577
10.2956
12.53
15.2643
17.4929
20.2485
22.2036
25
27.0185
29.8329
31.8904
34.6554
36.7696
38.9487
41.1096
42.638
45
47.2017
49.0918
51.6236
53.3385
54.5894
57.2451
58.6003
60.9262
62.3939
63.5689
65.146
66.4831
68.1542
69.6348
70.214
71.8471
72.5603
74.3303
75.1665
76.0263
77
77.0584
78.1601
78.3135
78.6384
79.0759
79.4292
80.05
80.5233
80.0812
80.9568
80.6536
80.7775
80.6226
79.6241
79.6053
78.7718
78.8923
78.2304
77.1038
76.6094
75.6042
75.2861
74.411
72.8629
72.1249
70.0357
69.4262
68.1175
66.2193
64.405
63.2456
61.5873
60.5392
58.6686
57.2451
55.4617
53.3104
51.6236
49.0408
47.4342
44.9222
43.4166
41
38.833
36.4966
34.3657
32.1403
30.0666
27.0185
25
22
20.025
18.0278
15.0333
3.16228
5.38516
8.06226
10.2956
13.0384
15.2643
18.0278
20
22.8035
24.8395
27.6586
29.7321
32.5269
34.6554
36.8782
39.0512
40.6079
43.0116
45.2217
47.1699
49.7393
51.4782
52.7731
55.4617
56.8595
59.2368
60.7454
61.9839
63.6003
65
66.7083
68.2495
68.884
70.5762
71.3442
73.171
74.0608
75
76.0263
76.1643
77.3175
77.5242
77.9295
78.4474
78.8543
79.555
80.0812
79.6994
80.6536
80.4114
80.6226
80.5295
79.6053
79.6492
78.8923
79.0759
78.492
77.4209
77.0065
76.0592
75.8222
75.0067
73.5391
72.8629
70.8378
70.2922
69.029
67.2012
65.4599
64.3506
62.7694
61.7738
59.9416
58.6003
56.8595
54.7814
53.1413
50.5964
49.0408
46.5725
45.1221
42.7551
40.6079
38.3275
36.2215
34.0588
32.0156
29
27.0185
24.0208
22.0907
20.0998
17.1172
2.23607
5
7.2111
10
12.2066
15
17.0294
19.8494
21.9317
24.7588
26.8701
29.7321
31.8904
34.2053
36.4005
38.0132
40.4969
42.72
44.7772
47.4131
49.1935
50.5668
53.3104
54.7814
57.2451
58.8218
60.1664
61.8466
63.3482
65.1153
66.7533
67.4759
69.2604
70.1142
72.0278
73
74.0608
75.1665
75.4255
76.6551
76.9415
77.4661
78.1025
78.5875
79.404
80.0062
79.712
80.7775
80.6226
80.9568
80.9506
80.1311
80.2621
79.6116
79.8812
79.404
78.4092
78.1025
77.2334
77.1038
76.3675
75.0067
74.411
72.4707
72.0069
70.8025
69.0652
67.4166
66.3702
64.8845
63.9531
62.1691
60.9262
59.2368
57.2451
55.6597
53.1601
51.6624
49.2443
47.8539
45.5412
43.4166
41.1947
39.1152
37.0135
35
32.0156
30.0666
27.074
25.1794
23.1948
20.2237
2.82843
5
7.81025
10
12.8062
14.8661
17.6918
19.799
22.6274
24.7588
27.6586
29.8329
32.2025
34.4093
36.0555
38.5876
40.8167
42.9418
45.618
47.4236
48.8467
51.6236
53.1413
55.6597
57.28
58.6941
60.4152
61.9839
63.7887
65.4905
66.2722
68.1175
69.029
71
72.0278
73.171
74.3303
74.6726
75.9539
76.2955
76.9025
77.6209
78.1601
79.0569
79.712
79.4796
80.6226
80.5295
80.9506
81.0062
80.2621
80.455
79.8812
80.2122
79.8123
78.8733
78.6448
77.8332
77.7817
77.1038
75.8222
75.2861
73.4098
73.0068
71.8471
70.1783
68.6003
67.6018
66.1891
65.307
63.561
62.3939
60.7454
58.8218
57.28
54.8179
53.3667
50.9902
49.6488
47.3814
45.2769
43.1045
41.0488
39
37.0135
34.0588
32.1403
29.1548
27.2947
25.318
22.3607
2.23607
5
7.2111
10
12.0416
14.8661
16.9706
19.799
21.9317
24.8395
27.0185
29.4109
31.6228
33.2866
35.8469
38.0789
40.2492
42.9535
44.7772
46.2385
49.0408
50.5964
53.1601
54.8179
56.2939
58.0517
59.6825
61.5224
63.2851
64.1249
66.0303
67
69.029
70.1142
71.3442
72.5603
72.9932
74.3303
74.7329
75.4321
76.243
76.844
77.8332
78.5493
78.3901
79.6241
79.6053
80.1311
80.2621
79.6116
79.8812
79.404
79.8123
79.511
78.6448
78.5175
77.7817
77.8332
77.2334
76.0592
75.6042
73.8173
73.4983
72.4017
70.8308
69.3542
68.4251
67.1193
66.3099
64.622
63.5689
61.9839
60.1664
58.6941
56.2939
54.9181
52.6118
51.3517
49.163
47.0956
45.0111
43
41.0488
39.1152
36.2215
34.3657
31.4006
29.6142
27.6586
24.7386
2.82843
5
7.81025
9.89949
12.7279
14.8661
17.6918
19.8494
22.8035
25
27.4591
29.6816
31.3847
34
36.2353
38.4838
41.2311
43.0813
44.5982
47.4342
49.0408
51.6624
53.3667
54.9181
56.7186
58.4209
60.2993
62.1289
63.0317
65
66.0303
68.1175
69.2604
70.5762
71.8471
72.3671
73.7564
74.2159
75
75.8947
76.5506
77.6209
78.3901
78.2943
79.6053
79.6492
80.2621
80.455
79.8812
80.2122
79.8123
80.2808
80.0562
79.2465
79.196
78.5175
78.6448
78.1025
77.0065
76.6094
74.8866
74.6257
73.5731
72.0694
70.6612
69.7782
68.542
67.7791
66.1287
65.146
63.6003
61.8466
60.4152
58.0517
56.7186
54.4518
53.2353
51.0882
49.0408
47
45.0111
43.1045
41.1947
38.3275
36.4966
33.541
31.7805
29.8329
26.9258
2.23607
5
7.07107
9.89949
12.0416
14.8661
17.0294
20
22.2036
24.6982
26.9258
28.6531
31.305
33.541
35.8469
38.6264
40.4969
42.0595
44.9222
46.5725
49.2443
50.9902
52.6118
54.4518
56.2228
58.1378
60.0333
61
63.0317
64.1249
66.2722
67.4759
68.884
70.214
70.8308
72.2772
72.8011
73.6817
74.6726
75.3923
76.5572
77.3886
77.3692
78.7718
78.8923
79.6116
79.8812
79.404
79.8123
79.511
80.0562
79.9312
79.196
79.2465
78.6448
78.8733
78.4092
77.4209
77.1038
75.4718
75.2928
74.3034
72.8972
71.5891
70.7743
69.6419
68.9493
67.3573
66.4831
65
63.3482
61.9839
59.6825
58.4209
56.2228
55.0818
53.0094
51
49.0408
47.0956
45.2769
43.4166
40.6079
38.833
35.9026
34.2053
32.28
29.4109
2.82843
5
7.81025
10
12.8062
15
18.0278
20.2485
22.8254
25.0599
26.8328
29.5466
31.7805
34.176
37
38.8973
40.5216
43.4166
45.1221
47.8539
49.6488
51.3517
53.2353
55.0818
57.0351
59
60.0333
62.1289
63.2851
65.4905
66.7533
68.2495
69.6348
70.342
71.8401
72.4224
73.3894
74.4648
75.2396
76.4853
77.3692
77.4145
78.8923
79.0759
79.8812
80.2122
79.8123
80.2808
80.0562
80.6598
80.6102
79.9312
80.0562
79.511
79.8123
79.404
78.492
78.2304
76.6616
76.5376
75.591
74.2496
73.0068
72.2357
71.1688
70.5195
68.9638
68.1542
66.7083
65.1153
63.7887
61.5224
60.2993
58.1378
57.0351
55
53.0094
51.0882
49.163
47.3814
45.5412
42.7551
41
38.0789
36.4005
34.4819
31.6228
2.23607
5
7.2111
10
12.2066
15.2643
17.4929
20.1246
22.3607
24.1661
26.9258
29.1548
31.6228
34.4819
36.4005
38.0789
41
42.7551
45.5412
47.3814
49.163
51.0882
53.0094
55
57.0351
58.1378
60.2993
61.5224
63.7887
65.1153
66.7083
68.1542
68.9638
70.5195
71.1688
72.2357
73.4098
74.2496
75.591
76.5376
76.6616
78.2304
78.492
79.404
79.8123
79.511
80.0562
79.9312
80.6102
80.6598
80.0562
80.2808
79.8123
80.2122
79.8812
79.0759
78.8923
77.4145
77.3692
76.4853
75.2396
74.0945
73.3894
72.4224
71.8401
70.342
69.6348
68.2495
66.7533
65.4905
63.2851
62.1289
60.0333
59
57.0351
55.0818
53.2353
51.3517
49.6488
47.8539
45.1221
43.4166
40.5216
38.8973
37
34.176
2.82843
5
7.81025
10
13.0384
15.2643
17.8885
20.1246
21.9317
24.6982
26.9258
29.4109
32.28
34.2053
35.9026
38.833
40.6079
43.4166
45.2769
47.0956
49.0408
51
53.0094
55.0818
56.2228
58.4209
59.6825
61.9839
63.3482
65
66.4831
67.3573
68.9493
69.6419
70.7743
72.0139
72.8972
74.3034
75.2928
75.4718
77.1038
77.4209
78.4092
78.8733
78.6448
79.2465
79.196
79.9312
80.0562
79.511
79.8123
79.404
79.8812
79.6116
78.8923
78.7718
77.3692
77.3886
76.5572
75.3923
74.3303
73.6817
72.8011
72.2772
70.8308
70.214
68.884
67.4759
66.2722
64.1249
63.0317
61
60.0333
58.1378
56.2228
54.4518
52.6118
50.9902
49.2443
46.5725
44.9222
42.0595
40.4969
38.6264
35.8469
2.23607
5
7.2111
10.2956
12.53
15.2315
17.4642
19.3132
22.1359
24.3516
26.9258
29.8329
31.7805
33.541
36.4966
38.3275
41.1947
43.1045
45.0111
47
49.0408
51.0882
53.2353
54.4518
56.7186
58.0517
60.4152
61.8466
63.6003
65.146
66.1287
67.7791
68.542
69.7782
71.1196
72.0694
73.5731
74.6257
74.8866
76.6094
77.0065
78.1025
78.6448
78.5175
79.196
79.2465
80.0562
80.2808
79.8123
80.2122
79.8812
80.455
80.2621
79.6492
79.6053
78.2943
78.3901
77.6209
76.5506
75.5844
75
74.2159
73.7564
72.3671
71.8471
70.5762
69.2604
68.1175
66.0303
65
63.0317
62.1289
60.2993
58.4209
56.7186
54.9181
53.3667
51.6624
49.0408
47.4342
44.5982
43.0813
41.2311
38.4838
2.82843
5
8.06226
10.2956
13
15.2315
17.088
19.9249
22.1359
24.7386
27.6586
29.6142
31.4006
34.3657
36.2215
39.1152
41.0488
43
45.0111
47.0956
49.163
51.3517
52.6118
54.9181
56.2939
58.6941
60.1664
61.9839
63.5689
64.622
66.3099
67.1193
68.4251
69.8355
70.8308
72.4017
73.4983
73.8173
75.6042
76.0592
77.2334
77.8332
77.7817
78.5175
78.6448
79.511
79.8123
79.404
79.8812
79.6116
80.2621
80.1311
79.6053
79.6241
78.3901
78.5493
77.8332
76.844
75.9605
75.4321
74.7329
74.3303
72.9932
72.5603
71.3442
70.1142
69.029
67
66.0303
64.1249
63.2851
61.5224
59.6825
58.0517
56.2939
54.8179
53.1601
50.5964
49.0408
46.2385
44.7772
42.9535
40.2492
2.23607
5.38516
7.61577
10.4403
12.6491
14.5602
17.4642
19.6469
22.3607
25.318
27.2947
29.1548
32.1403
34.0588
37.0135
39
41.0488
43.1045
45.2769
47.3814
49.6488
50.9902
53.3667
54.8179
57.28
58.8218
60.7454
62.3939
63.561
65.307
66.1891
67.6018
69.1158
70.1783
71.8471
73.0068
73.4098
75.2861
75.8222
77.1038
77.7817
77.8332
78.6448
78.8733
79.8123
80.2122
79.8812
80.455
80.2621
81.0062
80.9506
80.5295
80.6226
79.4796
79.712
79.0569
78.1601
77.3692
76.9025
76.2955
75.9539
74.6726
74.3303
73.171
72.0278
71
69.029
68.1175
66.2722
65.4905
63.7887
61.9839
60.4152
58.6941
57.28
55.6597
53.1413
51.6236
48.8467
47.4236
45.618
42.9418
3.16228
5.38516
8.24621
10.4403
12.3693
15.2971
17.4642
20.2237
23.1948
25.1794
27.074
30.0666
32.0156
35
37.0135
39.1152
41.1947
43.4166
45.5412
47.8539
49.2443
51.6624
53.1601
55.6597
57.2451
59.2368
60.9262
62.1691
63.9531
64.8845
66.3702
67.9559
69.0652
70.8025
72.0069
72.4707
74.411
75.0067
76.3675
77.1038
77.2334
78.1025
78.4092
79.404
79.8812
79.6116
80.2621
80.1311
80.9506
80.9568
80.6226
80.7775
79.712
80.0062
79.404
78.5875
77.8781
77.4661
76.9415
76.6551
75.4255
75.1665
74.0608
73
72.0278
70.1142
69.2604
67.4759
66.7533
65.1153
63.3482
61.8466
60.1664
58.8218
57.2451
54.7814
53.3104
50.5668
49.1935
47.4131
44.7772
2.23607
5.09902
7.28011
9.21954
12.1655
14.3178
17.1172
20.0998
22.0907
24.0208
27.0185
29
32.0156
34.0588
36.2215
38.3275
40.6079
42.7551
45.1221
46.5725
49.0408
50.5964
53.1413
54.7814
56.8595
58.6003
59.9416
61.7738
62.7694
64.3506
66.0303
67.2012
69.029
70.2922
70.8378
72.8629
73.5391
75.0067
75.8222
76.0592
77.0065
77.4209
78.492
79.0759
78.8923
79.6492
79.6053
80.5295
80.6226
80.4114
80.6536
79.6994
80.0812
79.555
78.8543
78.2624
77.9295
77.5242
77.3175
76.1643
76.0263
75
74.0608
73.171
71.3442
70.5762
68.884
68.2495
66.7083
65
63.6003
61.9839
60.7454
59.2368
56.8595
55.4617
52.7731
51.4782
49.7393
47.1699
3
5.09902
7.07107
10.0499
12.1655
15.0333
18.0278
20.025
22
25
27.0185
30.0666
32.1403
34.3657
36.4966
38.833
41
43.4166
44.9222
47.4342
49.0408
51.6236
53.3104
55.4617
57.2451
58.6686
60.5392
61.5873
63.2456
65
66.2193
68.1175
69.4262
70.0357
72.1249
72.8629
74.411
75.2861
75.6042
76.6094
77.1038
78.2304
78.8923
78.7718
79.6053
79.6241
80.6226
80.7775
80.6536
80.9568
80.0812
80.5233
80.05
79.4292
78.9177
78.6384
78.3135
78.1601
77.0584
77
76.0263
75.1665
74.3303
72.5603
71.8471
70.214
69.6348
68.1542
66.4831
65.146
63.5689
62.3939
60.9262
58.6003
57.2451
54.5894
53.3385
51.6236
49.0918
2.23607
4.12311
7.07107
9.21954
12.0416
15.0333
17.0294
19
22
24.0208
27.074
29.1548
31.4006
33.541
35.9026
38.0789
40.5216
42.0595
44.5982
46.2385
48.8467
50.5668
52.7731
54.5894
56.0803
57.9828
59.0762
60.803
62.6259
63.8905
65.8559
67.2086
67.8823
70.0357
70.8378
72.4707
73.4098
73.8173
74.8866
75.4718
76.6616
77.4145
77.3692
78.2943
78.3901
79.4796
79.712
79.6994
80.0812
79.3095
79.8311
79.4292
78.9177
78.5175
78.3135
78.1025
78.0256
77
77.0584
76.1643
75.4255
74.6726
72.9932
72.3671
70.8308
70.342
68.9638
67.3573
66.1287
64.622
63.561
62.1691
59.9416
58.6686
56.0803
54.9181
53.2541
50.8035
2
5
7.07107
10
13
15
17.0294
20.025
22.0907
25.1794
27.2947
29.6142
31.7805
34.2053
36.4005
38.8973
40.4969
43.0813
44.7772
47.4236
49.1935
51.4782
53.3385
54.9181
56.8595
58.0086
59.8164
61.7171
63.0317
65.0692
66.468
67.2086
69.4262
70.2922
72.0069
73.0068
73.4983
74.6257
75.2928
76.5376
77.3692
77.3886
78.3901
78.5493
79.712
80.0062
80.0812
80.5233
79.8311
80.4114
80.0625
79.6304
79.3095
79.1581
79.0253
79
78.0256
78.1601
77.3175
76.6551
75.9539
74.3303
73.7564
72.2772
71.8401
70.5195
68.9493
67.7791
66.3099
65.307
63.9531
61.7738
60.5392
57.9828
56.8595
55.2178
52.8015
3
5.09902
8
11
13
15.0333
18.0278
20.0998
23.1948
25.318
27.6586
29.8329
32.28
34.4819
37
38.6264
41.2311
42.9535
45.618
47.4131
49.7393
51.6236
53.2541
55.2178
56.4004
58.258
60.208
61.5549
63.6396
65.0692
65.8559
68.1175
69.029
70.8025
71.8471
72.4017
73.5731
74.3034
75.591
76.4853
76.5572
77.6209
77.8332
79.0569
79.404
79.555
80.05
79.4292
80.0625
79.7621
79.404
79.1581
79.0569
79
79.0253
78.1025
78.3135
77.5242
76.9415
76.2955
74.7329
74.2159
72.8011
72.4224
71.1688
69.6419
68.542
67.1193
66.1891
64.8845
62.7694
61.5873
59.0762
58.0086
56.4004
54.037
2.23607
5
8
10
12.0416
15.0333
17.1172
20.2237
22.3607
24.7386
26.9258
29.4109
31.6228
34.176
35.8469
38.4838
40.2492
42.9418
44.7772
47.1699
49.0918
50.8035
52.8015
54.037
55.9732
58
59.397
61.5549
63.0317
63.8905
66.2193
67.2012
69.0652
70.1783
70.8308
72.0694
72.8972
74.2496
75.2396
75.3923
76.5506
76.844
78.1601
78.5875
78.8543
79.4292
78.9177
79.6304
79.404
79.1581
79.0253
79
79.0569
79.1581
78.3135
78.6384
77.9295
77.4661
76.9025
75.4321
75
73.6817
73.3894
72.2357
70.7743
69.7782
68.4251
67.6018
66.3702
64.3506
63.2456
60.803
59.8164
58.258
55.9732
3.16228
6.08276
8.06226
10.198
13.1529
15.2971
18.4391
20.6155
23.0868
25.2982
27.8568
30.0832
32.6956
34.4384
37.1214
38.9487
41.6773
43.566
46.0435
48.0104
49.8197
51.8556
53.1507
55.1725
57.28
58.7282
60.959
62.482
63.4114
65.8027
66.8506
68.7968
69.9714
70.7107
72.0069
72.9178
74.3236
75.3923
75.6108
76.844
77.201
78.5875
79.0759
79.4292
80.0625
79.6304
80.399
80.2247
80.0562
80
80.025
80.1561
80.3057
79.511
79.9062
79.2465
78.8543
78.339
76.922
76.5376
75.2728
75.0267
73.9256
72.4983
71.5542
70.2353
69.4622
68.2642
66.2873
65.215
62.8013
61.8466
60.3075
58.0517
3
5
7.07107
10.0499
12.1655
15.2971
17.4642
19.9249
22.1359
24.6982
26.9258
29.5466
31.305
34
35.8469
38.5876
40.4969
43.0116
45
46.8615
48.9183
50.2494
52.3259
54.4885
55.9732
58.258
59.8164
60.803
63.2456
64.3506
66.3702
67.6018
68.4251
69.7782
70.7743
72.2357
73.3894
73.6817
75
75.4321
76.9025
77.4661
77.9295
78.6384
78.3135
79.1581
79.0569
79
79.0569
79.1581
79.404
79.6304
78.9177
79.4292
78.8543
78.5875
78.1601
76.844
76.5506
75.3923
75.2396
74.2496
72.8972
72.0694
70.8308
70.1783
69.0652
67.2012
66.2193
63.8905
63.0317
61.5549
59.397
2
4.12311
7.07107
9.21954
12.3693
14.5602
17.088
19.3132
21.9317
24.1661
26.8328
28.6531
31.3847
33.2866
36.0555
38.0132
40.6079
42.638
44.5982
46.6905
48.0833
50.2494
52.4976
54.037
56.4004
58.0086
59.0762
61.5873
62.7694
64.8845
66.1891
67.1193
68.542
69.6419
71.1688
72.4224
72.8011
74.2159
74.7329
76.2955
76.9415
77.5242
78.3135
78.1025
79.0253
79
79.0569
79.2275
79.404
79.7621
80.0625
79.4292
80.05
79.555
79.404
79.0569
77.8332
77.6209
76.5572
76.4853
75.591
74.3034
73.5731
72.4017
71.8471
70.8025
69.029
68.1175
65.8559
65.0692
63.6396
61.5549
2.23607
5.09902
7.28011
10.4403
12.6491
15.2315
17.4642
20.1246
22.3607
25.0599
26.9258
29.6816
31.6228
34.4093
36.4005
39.0512
41.1096
43.1393
45.2548
46.6905
48.9183
51.225
52.8015
55.2178
56.8595
57.9828
60.5392
61.7738
63.9531
65.307
66.3099
67.7791
68.9493
70.5195
71.8401
72.2772
73.7564
74.3303
75.9539
76.6551
77.3175
78.1601
78.0256
79
79.0253
79.1581
79.404
79.6304
80.0625
80.4114
79.8311
80.5233
80.0812
80.0062
79.712
78.5493
78.3901
77.3886
77.3692
76.5376
75.2928
74.6257
73.4983
73.0068
72.0069
70.2922
69.4262
67.2086
66.468
65.0692
63.0317
3
5.09902
8.24621
10.4403
13
15.2315
17.8885
20.1246
22.8254
24.6982
27.4591
29.4109
32.2025
34.2053
36.8782
38.9487
41.0122
43.1393
44.5982
46.8615
49.2037
50.8035
53.2541
54.9181
56.0803
58.6686
59.9416
62.1691
63.561
64.622
66.1287
67.3573
68.9638
70.342
70.8308
72.3671
72.9932
74.6726
75.4255
76.1643
77.0584
77
78.0256
78.1025
78.3135
78.6384
78.9177
79.4292
79.8311
79.3095
80.0812
79.6994
79.712
79.4796
78.3901
78.2943
77.3692
77.4145
76.6616
75.4718
74.8866
73.8173
73.4098
72.4707
70.8378
70.0357
67.8823
67.2086
65.8559
63.8905
2.23607
5.38516
7.61577
10.2956
12.53
15.2643
17.4929
20.2485
22.2036
25
27.0185
29.8329
31.8904
34.6554
36.7696
38.9487
41.1096
42.638
45
47.4342
49.0918
51.6236
53.3385
54.5894
57.2451
58.6003
60.9262
62.3939
63.5689
65.146
66.4831
68.1542
69.6348
70.214
71.8471
72.5603
74.3303
75.1665
76.0263
77
77.0584
78.1601
78.3135
78.6384
79.0759
79.4292
80.05
80.5233
80.0812
80.9568
80.6536
80.7775
80.6226
79.6241
79.6053
78.7718
78.8923
78.2304
77.1038
76.6094
75.6042
75.2861
74.411
72.8629
72.1249
70.0357
69.4262
68.1175
66.2193
3.16228
5.38516
8.06226
10.2956
13.0384
15.2643
18.0278
20
22.8035
24.8395
27.6586
29.7321
32.5269
34.6554
36.8782
39.0512
40.6079
43.0116
45.4863
47.1699
49.7393
51.4782
52.7731
55.4617
56.8595
59.2368
60.7454
61.9839
63.6003
65
66.7083
68.2495
68.884
70.5762
71.3442
73.171
74.0608
75
76.0263
76.1643
77.3175
77.5242
77.9295
78.4474
78.8543
79.555
80.0812
79.6994
80.6536
80.4114
80.6226
80.5295
79.6053
79.6492
78.8923
79.0759
78.492
77.4209
77.0065
76.0592
75.8222
75.0067
73.5391
72.8629
70.8378
70.2922
69.029
67.2012
2.23607
5
7.2111
10
12.2066
15
17.0294
19.8494
21.9317
24.7588
26.8701
29.7321
31.8904
34.2053
36.4005
38.0132
40.4969
43.0465
44.7772
47.4131
49.1935
50.5668
53.3104
54.7814
57.2451
58.8218
60.1664
61.8466
63.3482
65.1153
66.7533
67.4759
69.2604
70.1142
72.0278
73
74.0608
75.1665
75.4255
76.6551
76.9415
77.4661
78.1025
78.5875
79.404
80.0062
79.712
80.7775
80.6226
80.9568
80.9506
80.1311
80.2621
79.6116
79.8812
79.404
78.4092
78.1025
77.2334
77.1038
76.3675
75.0067
74.411
72.4707
72.0069
70.8025
69.0652
2.82843
5
7.81025
10
12.8062
14.8661
17.6918
19.799
22.6274
24.7588
27.6586
29.8329
32.2025
34.4093
36.0555
38.5876
41.1825
42.9418
45.618
47.4236
48.8467
51.6236
53.1413
55.6597
57.28
58.6941
60.4152
61.9839
63.7887
65.4905
66.2722
68.1175
69.029
71
72.0278
73.171
74.3303
74.6726
75.9539
76.2955
76.9025
77.6209
78.1601
79.0569
79.712
79.4796
80.6226
80.5295
80.9506
81.0062
80.2621
80.455
79.8812
80.2122
79.8123
78.8733
78.6448
77.8332
77.7817
77.1038
75.8222
75.2861
73.4098
73.0068
71.8471
70.1783
2.23607
5
7.2111
10
12.0416
14.8661
16.9706
19.799
21.9317
24.8395
27.0185
29.4109
31.6228
33.2866
35.8469
38.4708
40.2492
42.9535
44.7772
46.2385
49.0408
50.5964
53.1601
54.8179
56.2939
58.0517
59.6825
61.5224
63.2851
64.1249
66.0303
67
69.029
70.1142
71.3442
72.5603
72.9932
74.3303
74.7329
75.4321
76.243
76.844
77.8332
78.5493
78.3901
79.6241
79.6053
80.1311
80.2621
79.6116
79.8812
79.404
79.8123
79.511
78.6448
78.5175
77.7817
77.8332
77.2334
76.0592
75.6042
73.8173
73.4983
72.4017
70.8308
2.82843
5
7.81025
9.89949
12.7279
14.8661
17.6918
19.8494
22.8035
25
27.4591
29.6816
31.3847
34
36.6742
38.4838
41.2311
43.0813
44.5982
47.4342
49.0408
51.6624
53.3667
54.9181
56.7186
58.4209
60.2993
62.1289
63.0317
65
66.0303
68.1175
69.2604
70.5762
71.8471
72.3671
73.7564
74.2159
75
75.8947
76.5506
77.6209
78.3901
78.2943
79.6053
79.6492
80.2621
80.455
79.8812
80.2122
79.8123
80.2808
80.0562
79.2465
79.196
78.5175
78.6448
78.1025
77.0065
76.6094
74.8866
74.6257
73.5731
72.0694
2.23607
5
7.07107
9.89949
12.0416
14.8661
17.0294
20
22.2036
24.6982
26.9258
28.6531
31.305
34.0147
35.8469
38.6264
40.4969
42.0595
44.9222
46.5725
49.2443
50.9902
52.6118
54.4518
56.2228
58.1378
60.0333
61
63.0317
64.1249
66.2722
67.4759
68.884
70.214
70.8308
72.2772
72.8011
73.6817
74.6726
75.3923
76.5572
77.3886
77.3692
78.7718
78.8923
79.6116
79.8812
79.404
79.8123
79.511
80.0562
79.9312
79.196
79.2465
78.6448
78.8733
78.4092
77.4209
77.1038
75.4718
75.2928
74.3034
72.8972
2.82843
5
7.81025
10
12.8062
15
18.0278
20.2485
22.8254
25.0599
26.8328
29.5466
32.311
34.176
37
38.8973
40.5216
43.4166
45.1221
47.8539
49.6488
51.3517
53.2353
55.0818
57.0351
59
60.0333
62.1289
63.2851
65.4905
66.7533
68.2495
69.6348
70.342
71.8401
72.4224
73.3894
74.4648
75.2396
76.4853
77.3692
77.4145
78.8923
79.0759
79.8812
80.2122
79.8123
80.2808
80.0562
80.6598
80.6102
79.9312
80.0562
79.511
79.8123
79.404
78.492
78.2304
76.6616
76.5376
75.591
74.2496
2.23607
5
7.2111
10
12.2066
15.2643
17.4929
20.1246
22.3607
24.1661
26.9258
29.7321
31.6228
34.4819
36.4005
38.0789
41
42.7551
45.5412
47.3814
49.163
51.0882
53.0094
55
57.0351
58.1378
60.2993
61.5224
63.7887
65.1153
66.7083
68.1542
68.9638
70.5195
71.1688
72.2357
73.4098
74.2496
75.591
76.5376
76.6616
78.2304
78.492
79.404
79.8123
79.511
80.0562
79.9312
80.6102
80.6598
80.0562
80.2808
79.8123
80.2122
79.8812
79.0759
78.8923
77.4145
77.3692
76.4853
75.2396
2.82843
5
7.81025
10
13.0384
15.2643
17.8885
20.1246
21.9317
24.6982
27.5136
29.4109
32.28
34.2053
35.9026
38.833
40.6079
43.4166
45.2769
47.0956
49.0408
51
53.0094
55.0818
56.2228
58.4209
59.6825
61.9839
63.3482
65
66.4831
67.3573
68.9493
69.6419
70.7743
72.0139
72.8972
74.3034
75.2928
75.4718
77.1038
77.4209
78.4092
78.8733
78.6448
79.2465
79.196
79.9312
80.0562
79.511
79.8123
79.404
79.8812
79.6116
78.8923
78.7718
77.3692
77.3886
76.5572
75.3923
2.23607
5
7.2111
10.2956
12.53
15.2315
17.4642
19.3132
22.1359
25
26.9258
29.8329
31.7805
33.541
36.4966
38.3275
41.1947
43.1045
45.0111
47
49.0408
51.0882
53.2353
54.4518
56.7186
58.0517
60.4152
61.8466
63.6003
65.146
66.1287
67.7791
68.542
69.7782
71.1196
72.0694
73.5731
74.6257
74.8866
76.6094
77.0065
78.1025
78.6448
78.5175
79.196
79.2465
80.0562
80.2808
79.8123
80.2122
79.8812
80.455
80.2621
79.6492
79.6053
78.2943
78.3901
77.6209
76.5506
2.82843
5
8.06226
10.2956
13
15.2315
17.088
19.9249
22.8035
24.7386
27.6586
29.6142
31.4006
34.3657
36.2215
39.1152
41.0488
43
45.0111
47.0956
49.163
51.3517
52.6118
54.9181
56.2939
58.6941
60.1664
61.9839
63.5689
64.622
66.3099
67.1193
68.4251
69.8355
70.8308
72.4017
73.4983
73.8173
75.6042
76.0592
77.2334
77.8332
77.7817
78.5175
78.6448
79.511
79.8123
79.404
79.8812
79.6116
80.2621
80.1311
79.6053
79.6241
78.3901
78.5493
77.8332
76.844
2.23607
5.38516
7.61577
10.4403
12.6491
14.5602
17.4642
20.3961
22.3607
25.318
27.2947
29.1548
32.1403
34.0588
37.0135
39
41.0488
43.1045
45.2769
47.3814
49.6488
50.9902
53.3667
54.8179
57.28
58.8218
60.7454
62.3939
63.561
65.307
66.1891
67.6018
69.1158
70.1783
71.8471
73.0068
73.4098
75.2861
75.8222
77.1038
77.7817
77.8332
78.6448
78.8733
79.8123
80.2122
79.8812
80.455
80.2621
81.0062
80.9506
80.5295
80.6226
79.4796
79.712
79.0569
78.1601
3.16228
5.38516
8.24621
10.4403
12.3693
15.2971
18.2483
20.2237
23.1948
25.1794
27.074
30.0666
32.0156
35
37.0135
39.1152
41.1947
43.4166
45.5412
47.8539
49.2443
51.6624
53.1601
55.6597
57.2451
59.2368
60.9262
62.1691
63.9531
64.8845
66.3702
67.9559
69.0652
70.8025
72.0069
72.4707
74.411
75.0067
76.3675
77.1038
77.2334
78.1025
78.4092
79.404
79.8812
79.6116
80.2621
80.1311
80.9506
80.9568
80.6226
80.7775
79.712
80.0062
79.404
78.5875
2.23607
5.09902
7.28011
9.21954
12.1655
15.1327
17.1172
20.0998
22.0907
24.0208
27.0185
29
32.0156
34.0588
36.2215
38.3275
40.6079
42.7551
45.1221
46.5725
49.0408
50.5964
53.1413
54.7814
56.8595
58.6003
59.9416
61.7738
62.7694
64.3506
66.0303
67.2012
69.029
70.2922
70.8378
72.8629
73.5391
75.0067
75.8222
76.0592
77.0065
77.4209
78.492
79.0759
78.8923
79.6492
79.6053
80.5295
80.6226
80.4114
80.6536
79.6994
80.0812
79.555
78.8543
3
5.09902
7.07107
10.0499
13.0384
15.0333
18.0278
20.025
22
25
27.0185
30.0666
32.1403
34.3657
36.4966
38.833
41
43.4166
44.9222
47.4342
49.0408
51.6236
53.3104
55.4617
57.2451
58.6686
60.5392
61.5873
63.2456
65
66.2193
68.1175
69.4262
70.0357
72.1249
72.8629
74.411
75.2861
75.6042
76.6094
77.1038
78.2304
78.8923
78.7718
79.6053
79.6241
80.6226
80.7775
80.6536
80.9568
80.0812
80.5233
80.05
79.4292
2.23607
4.12311
7.07107
10.0499
12.0416
15.0333
17.0294
19
22
24.0208
27.074
29.1548
31.4006
33.541
35.9026
38.0789
40.5216
42.0595
44.5982
46.2385
48.8467
50.5668
52.7731
54.5894
56.0803
57.9828
59.0762
60.803
62.6259
63.8905
65.8559
67.2086
67.8823
70.0357
70.8378
72.4707
73.4098
73.8173
74.8866
75.4718
76.6616
77.4145
77.3692
78.2943
78.3901
79.4796
79.712
79.6994
80.0812
79.3095
79.8311
79.4292
78.9177
2
5
8
10
13
15
17.0294
20.025
22.0907
25.1794
27.2947
29.6142
31.7805
34.2053
36.4005
38.8973
40.4969
43.0813
44.7772
47.4236
49.1935
51.4782
53.3385
54.9181
56.8595
58.0086
59.8164
61.7171
63.0317
65.0692
66.468
67.2086
69.4262
70.2922
72.0069
73.0068
73.4983
74.6257
75.2928
76.5376
77.3692
77.3886
78.3901
78.5493
79.712
80.0062
80.0812
80.5233
79.8311
80.4114
80.0625
79.6304
3
6
8
11
13
15.0333
18.0278
20.0998
23.1948
25.318
27.6586
29.8329
32.28
34.4819
37
38.6264
41.2311
42.9535
45.618
47.4131
49.7393
51.6236
53.2541
55.2178
56.4004
58.258
60.208
61.5549
63.6396
65.0692
65.8559
68.1175
69.029
70.8025
71.8471
72.4017
73.5731
74.3034
75.591
76.4853
76.5572
77.6209
77.8332
79.0569
79.404
79.555
80.05
79.4292
80.0625
79.7621
79.404
3
5
8
10
12.0416
15.0333
17.1172
20.2237
22.3607
24.7386
26.9258
29.4109
31.6228
34.176
35.8469
38.4838
40.2492
42.9418
44.7772
47.1699
49.0918
50.8035
52.8015
54.037
55.9732
58
59.397
61.5549
63.0317
63.8905
66.2193
67.2012
69.0652
70.1783
70.8308
72.0694
72.8972
74.2496
75.2396
75.3923
76.5506
76.844
78.1601
78.5875
78.8543
79.4292
78.9177
79.6304
79.404
79.1581
2
5
7
9.05539
12.0416
14.1421
17.2627
19.4165
21.8403
24.0416
26.5707
28.7924
31.3847
33.1059
35.7771
37.5899
40.3113
42.19
44.6542
46.6154
48.4149
50.448
51.7397
53.7587
55.8659
57.3149
59.5483
61.0737
62.0081
64.405
65.4599
67.4166
68.6003
69.3542
70.6612
71.5891
73.0068
74.0945
74.3303
75.5844
75.9605
77.3692
77.8781
78.2624
78.9177
78.5175
79.3095
79.1581
79.0253
3
5
7.07107
10.0499
12.1655
15.2971
17.4642
19.9249
22.1359
24.6982
26.9258
29.5466
31.305
34
35.8469
38.5876
40.4969
43.0116
45
46.8615
48.9183
50.2494
52.3259
54.4885
55.9732
58.258
59.8164
60.803
63.2456
64.3506
66.3702
67.6018
68.4251
69.7782
70.7743
72.2357
73.3894
73.6817
75
75.4321
76.9025
77.4661
77.9295
78.6384
78.3135
79.1581
79.0569
79
2
4.12311
7.07107
9.21954
12.3693
14.5602
17.088
19.3132
21.9317
24.1661
26.8328
28.6531
31.3847
33.2866
36.0555
38.0132
40.6079
42.638
44.5982
46.6905
48.0833
50.2494
52.4976
54.037
56.4004
58.0086
59.0762
61.5873
62.7694
64.8845
66.1891
67.1193
68.542
69.6419
71.1688
72.4224
72.8011
74.2159
74.7329
76.2955
76.9415
77.5242
78.3135
78.1025
79.0253
79
79.0569
2.23607
5.09902
7.28011
10.4403
12.6491
15.2315
17.4642
20.1246
22.3607
25.0599
26.9258
29.6816
31.6228
34.4093
36.4005
39.0512
41.1096
43.1393
45.2548
46.6905
48.9183
51.225
52.8015
55.2178
56.8595
57.9828
60.5392
61.7738
63.9531
65.307
66.3099
67.7791
68.9493
70.5195
71.8401
72.2772
73.7564
74.3303
75.9539
76.6551
77.3175
78.1601
78.0256
79
79.0253
79.1581
3
5.09902
8.24621
10.4403
13
15.2315
17.8885
20.1246
22.8254
24.6982
27.4591
29.4109
32.2025
34.2053
36.8782
38.9487
41.0122
43.1393
44.5982
46.8615
49.2037
50.8035
53.2541
54.9181
56.0803
58.6686
59.9416
62.1691
63.561
64.622
66.1287
67.3573
68.9638
70.342
70.8308
72.3671
72.9932
74.6726
75.4255
76.1643
77.0584
77
78.0256
78.1025
78.3135
2.23607
5.38516
7.61577
10.2956
12.53
15.2643
17.4929
20.2485
22.2036
25
27.0185
29.8329
31.8904
34.6554
36.7696
38.9487
41.1096
42.638
45
47.4342
49.0918
51.6236
53.3385
54.5894
57.2451
58.6003
60.9262
62.3939
63.5689
65.146
66.4831
68.1542
69.6348
70.214
71.8471
72.5603
74.3303
75.1665
76.0263
77
77.0584
78.1601
78.3135
78.6384
3.16228
5.38516
8.06226
10.2956
13.0384
15.2643
18.0278
20
22.8035
24.8395
27.6586
29.7321
32.5269
34.6554
36.8782
39.0512
40.6079
43.0116
45.4863
47.1699
49.7393
51.4782
52.7731
55.4617
56.8595
59.2368
60.7454
61.9839
63.6003
65
66.7083
68.2495
68.884
70.5762
71.3442
73.171
74.0608
75
76.0263
76.1643
77.3175
77.5242
77.9295
2.23607
5
7.2111
10
12.2066
15
17.0294
19.8494
21.9317
24.7588
26.8701
29.7321
31.8904
34.2053
36.4005
38.0132
40.4969
43.0465
44.7772
47.4131
49.1935
50.5668
53.3104
54.7814
57.2451
58.8218
60.1664
61.8466
63.3482
65.1153
66.7533
67.4759
69.2604
70.1142
72.0278
73
74.0608
75.1665
75.4255
76.6551
76.9415
77.4661
2.82843
5
7.81025
10
12.8062
14.8661
17.6918
19.799
22.6274
24.7588
27.6586
29.8329
32.2025
34.4093
36.0555
38.5876
41.1825
42.9418
45.618
47.4236
48.8467
51.6236
53.1413
55.6597
57.28
58.6941
60.4152
61.9839
63.7887
65.4905
66.2722
68.1175
69.029
71
72.0278
73.171
74.3303
74.6726
75.9539
76.2955
76.9025
2.23607
5
7.2111
10
12.0416
14.8661
16.9706
19.799
21.9317
24.8395
27.0185
29.4109
31.6228
33.2866
35.8469
38.4708
40.2492
42.9535
44.7772
46.2385
49.0408
50.5964
53.1601
54.8179
56.2939
58.0517
59.6825
61.5224
63.2851
64.1249
66.0303
67
69.029
70.1142
71.3442
72.5603
72.9932
74.3303
74.7329
75.4321
2.82843
5
7.81025
9.89949
12.7279
14.8661
17.6918
19.8494
22.8035
25
27.4591
29.6816
31.3847
34
36.6742
38.4838
41.2311
43.0813
44.5982
47.4342
49.0408
51.6624
53.3667
54.9181
56.7186
58.4209
60.2993
62.1289
63.0317
65
66.0303
68.1175
69.2604
70.5762
71.8471
72.3671
73.7564
74.2159
75
2.23607
5
7.07107
9.89949
12.0416
14.8661
17.0294
20
22.2036
24.6982
26.9258
28.6531
31.305
34.0147
35.8469
38.6264
40.4969
42.0595
44.9222
46.5725
49.2443
50.9902
52.6118
54.4518
56.2228
58.1378
60.0333
61
63.0317
64.1249
66.2722
67.4759
68.884
70.214
70.8308
72.2772
72.8011
73.6817
2.82843
5
7.81025
10
12.8062
15
18.0278
20.2485
22.8254
25.0599
26.8328
29.5466
32.311
34.176
37
38.8973
40.5216
43.4166
45.1221
47.8539
49.6488
51.3517
53.2353
55.0818
57.0351
59
60.0333
62.1289
63.2851
65.4905
66.7533
68.2495
69.6348
70.342
71.8401
72.4224
73.3894
2.23607
5
7.2111
10
12.2066
15.2643
17.4929
20.1246
22.3607
24.1661
26.9258
29.7321
31.6228
34.4819
36.4005
38.0789
41
42.7551
45.5412
47.3814
49.163
51.0882
53.0094
55
57.0351
58.1378
60.2993
61.5224
63.7887
65.1153
66.7083
68.1542
68.9638
70.5195
71.1688
72.2357
2.82843
5
7.81025
10
13.0384
15.2643
17.8885
20.1246
21.9317
24.6982
27.5136
29.4109
32.28
34.2053
35.9026
38.833
40.6079
43.4166
45.2769
47.0956
49.0408
51
53.0094
55.0818
56.2228
58.4209
59.6825
61.9839
63.3482
65
66.4831
67.3573
68.9493
69.6419
70.7743
2.23607
5
7.2111
10.2956
12.53
15.2315
17.4642
19.3132
22.1359
25
26.9258
29.8329
31.7805
33.541
36.4966
38.3275
41.1947
43.1045
45.0111
47
49.0408
51.0882
53.2353
54.4518
56.7186
58.0517
60.4152
61.8466
63.6003
65.146
66.1287
67.7791
68.542
69.7782
2.82843
5
8.06226
10.2956
13
15.2315
17.088
19.9249
22.8035
24.7386
27.6586
29.6142
31.4006
34.3657
36.2215
39.1152
41.0488
43
45.0111
47.0956
49.163
51.3517
52.6118
54.9181
56.2939
58.6941
60.1664
61.9839
63.5689
64.622
66.3099
67.1193
68.4251
2.23607
5.38516
7.61577
10.4403
12.6491
14.5602
17.4642
20.3961
22.3607
25.318
27.2947
29.1548
32.1403
34.0588
37.0135
39
41.0488
43.1045
45.2769
47.3814
49.6488
50.9902
53.3667
54.8179
57.28
58.8218
60.7454
62.3939
63.561
65.307
66.1891
67.6018
3.16228
5.38516
8.24621
10.4403
12.3693
15.2971
18.2483
20.2237
23.1948
25.1794
27.074
30.0666
32.0156
35
37.0135
39.1152
41.1947
43.4166
45.5412
47.8539
49.2443
51.6624
53.1601
55.6597
57.2451
59.2368
60.9262
62.1691
63.9531
64.8845
66.3702
2.23607
5.09902
7.28011
9.21954
12.1655
15.1327
17.1172
20.0998
22.0907
24.0208
27.0185
29
32.0156
34.0588
36.2215
38.3275
40.6079
42.7551
45.1221
46.5725
49.0408
50.5964
53.1413
54.7814
56.8595
58.6003
59.9416
61.7738
62.7694
64.3506
3
5.09902
7.07107
10.0499
13.0384
15.0333
18.0278
20.025
22
25
27.0185
30.0666
32.1403
34.3657
36.4966
38.833
41
43.4166
44.9222
47.4342
49.0408
51.6236
53.3104
55.4617
57.2451
58.6686
60.5392
61.5873
63.2456
2.23607
4.12311
7.07107
10.0499
12.0416
15.0333
17.0294
19
22
24.0208
27.074
29.1548
31.4006
33.541
35.9026
38.0789
40.5216
42.0595
44.5982
46.2385
48.8467
50.5668
52.7731
54.5894
56.0803
57.9828
59.0762
60.803
2
5
8
10
13
15
17.0294
20.025
22.0907
25.1794
27.2947
29.6142
31.7805
34.2053
36.4005
38.8973
40.4969
43.0813
44.7772
47.4236
49.1935
51.4782
53.3385
54.9181
56.8595
58.0086
59.8164
3
6
8
11
13
15.0333
18.0278
20.0998
23.1948
25.318
27.6586
29.8329
32.28
34.4819
37
38.6264
41.2311
42.9535
45.618
47.4131
49.7393
51.6236
53.2541
55.2178
56.4004
58.258
3
5
8
10
12.0416
15.0333
17.1172
20.2237
22.3607
24.7386
26.9258
29.4109
31.6228
34.176
35.8469
38.4838
40.2492
42.9418
44.7772
47.1699
49.0918
50.8035
52.8015
54.037
55.9732
2
5
7
9.05539
12.0416
14.1421
17.2627
19.4165
21.8403
24.0416
26.5707
28.7924
31.3847
33.1059
35.7771
37.5899
40.3113
42.19
44.6542
46.6154
48.4149
50.448
51.7397
53.7587
3
5
7.07107
10.0499
12.1655
15.2971
17.4642
19.9249
22.1359
24.6982
26.9258
29.5466
31.305
34
35.8469
38.5876
40.4969
43.0116
45
46.8615
48.9183
50.2494
52.3259
2
4.12311
7.07107
9.21954
12.3693
14.5602
17.088
19.3132
21.9317
24.1661
26.8328
28.6531
31.3847
33.2866
36.0555
38.0132
40.6079
42.638
44.5982
46.6905
48.0833
50.2494
2.23607
5.09902
7.28011
10.4403
12.6491
15.2315
17.4642
20.1246
22.3607
25.0599
26.9258
29.6816
31.6228
34.4093
36.4005
39.0512
41.1096
43.1393
45.2548
46.6905
48.9183
3
5.09902
8.24621
10.4403
13
15.2315
17.8885
20.1246
22.8254
24.6982
27.4591
29.4109
32.2025
34.2053
36.8782
38.9487
41.0122
43.1393
44.5982
46.8615
2.23607
5.38516
7.61577
10.2956
12.53
15.2643
17.4929
20.2485
22.2036
25
27.0185
29.8329
31.8904
34.6554
36.7696
38.9487
41.1096
42.638
45
3.16228
5.38516
8.06226
10.2956
13.0384
15.2643
18.0278
20
22.8035
24.8395
27.6586
29.7321
32.5269
34.6554
36.8782
39.0512
40.6079
43.0116
2.23607
5
7.2111
10
12.2066
15
17.0294
19.8494
21.9317
24.7588
26.8701
29.7321
31.8904
34.2053
36.4005
38.0132
40.4969
2.82843
5
7.81025
10
12.8062
14.8661
17.6918
19.799
22.6274
24.7588
27.6586
29.8329
32.2025
34.4093
36.0555
38.5876
2.23607
5
7.2111
10
12.0416
14.8661
16.9706
19.799
21.9317
24.8395
27.0185
29.4109
31.6228
33.2866
35.8469
2.82843
5
7.81025
9.89949
12.7279
14.8661
17.6918
19.8494
22.8035
25
27.4591
29.6816
31.3847
34
2.23607
5
7.07107
9.89949
12.0416
14.8661
17.0294
20
22.2036
24.6982
26.9258
28.6531
31.305
2.82843
5
7.81025
10
12.8062
15
18.0278
20.2485
22.8254
25.0599
26.8328
29.5466
2.23607
5
7.2111
10
12.2066
15.2643
17.4929
20.1246
22.3607
24.1661
26.9258
2.82843
5
7.81025
10
13.0384
15.2643
17.8885
20.1246
21.9317
24.6982
2.23607
5
7.2111
10.2956
12.53
15.2315
17.4642
19.3132
22.1359
2.82843
5
8.06226
10.2956
13
15.2315
17.088
19.9249
2.23607
5.38516
7.61577
10.4403
12.6491
14.5602
17.4642
3.16228
5.38516
8.24621
10.4403
12.3693
15.2971
2.23607
5.09902
7.28011
9.21954
12.1655
3
5.09902
7.07107
10.0499
2.23607
4.12311
7.07107
2
5
3
