100
18.0278
37.1214
56.3205
74.6726
93.2148
111.987
130.269
148.678
166.76
184.361
202.141
219.864
236.884
254.521
271.03
287.793
304.416
320.131
336.162
351.433
366.259
380.655
395.297
409.591
423.558
435.807
448.537
461.069
472.649
484.066
495.362
505.202
515.539
524.504
532.641
540.39
547.812
554.862
562.086
567.649
573.76
579.186
583.001
587.392
590.214
592.638
594.643
596.149
597.271
598.001
597.302
596.212
594.738
592.638
590.214
587.392
583.001
579.186
573.76
567.649
562.086
554.862
547.812
540.39
532.641
524.504
515.539
505.202
495.362
484.066
472.649
461.069
448.537
435.807
423.558
409.591
395.297
380.655
366.259
351.433
336.162
320.131
304.416
287.793
271.03
254.521
236.884
219.864
202.141
184.361
166.76
148.678
130.269
111.987
93.2148
74.6726
57.3149
38.1182
19.0263
19.105
38.3275
56.7186
75.3127
94.1488
112.539
131.042
149.265
167.027
184.954
202.872
220.084
237.924
254.672
271.662
288.534
304.541
320.849
336.44
351.592
366.318
381.32
395.98
410.319
422.953
436.096
449.055
461.053
472.903
484.645
494.955
505.752
515.206
523.837
532.06
540.005
547.559
555.309
561.4
568.035
574
578.364
583.301
586.686
589.665
592.22
594.304
596
597.302
597.147
596.634
595.74
594.166
592.304
590.051
586.216
582.961
578.086
572.512
567.493
560.811
554.282
547.401
540.145
532.523
524.07
514.218
504.873
494.05
483.092
471.96
459.883
447.599
435.764
422.204
408.31
394.062
380.033
365.568
350.657
334.94
319.556
303.223
286.723
270.496
253.103
236.315
218.833
201.241
183.848
165.952
147.679
129.553
110.887
92.4392
75.1665
56.0357
37
19.2354
37.6563
56.2939
75.1864
93.6803
112.272
130.633
148.556
166.628
184.743
202.148
220.193
237.186
254.403
271.531
287.837
304.429
320.351
335.839
350.907
366.281
381.32
396.047
409.079
422.655
436.056
448.492
460.793
473.001
483.803
495.082
505.049
514.198
522.92
531.413
539.498
547.8
554.448
561.634
568.166
573.111
578.623
582.602
586.169
589.306
592
594.304
596.212
596.634
596.732
596.454
595.438
594.173
592.524
589.281
586.622
582.334
577.333
572.892
566.789
560.817
554.513
547.785
540.712
532.806
523.474
514.659
504.343
493.88
483.228
471.641
459.837
448.447
435.326
421.865
408.044
394.411
380.338
365.816
350.443
335.418
319.401
303.191
287.272
270.148
253.618
236.4
219.018
201.854
184.166
166.048
148.098
129.557
111.221
94.0479
75
56.0357
18.4391
37.108
56.0446
74.6324
93.3006
111.79
129.865
148.071
166.373
183.962
202.2
219.429
236.865
254.238
270.836
287.703
303.949
319.766
335.169
350.907
366.318
381.425
394.852
408.853
422.693
435.561
448.308
460.977
472.268
484.025
494.502
504.169
513.386
522.427
531.04
539.894
547.099
554.834
561.933
567.459
573.548
578.122
582.278
586
589.306
592.22
594.738
595.74
596.454
596.796
596.342
595.679
594.64
591.995
589.936
586.243
581.822
577.966
572.451
567.043
561.324
555.131
548.616
541.265
532.463
524.187
514.389
504.429
494.268
483.182
471.869
460.935
448.264
435.247
421.865
408.639
394.97
380.848
365.831
351.177
335.489
319.583
303.982
287.141
270.88
253.939
236.78
219.857
202.388
184.44
166.676
148.273
130.062
113
94.0479
75.1665
18.6815
37.6431
56.3028
75.0267
93.6216
111.826
130.142
148.607
166.355
184.762
202.2
219.829
237.422
254.283
271.398
287.939
304.056
319.766
335.839
351.592
367.049
380.841
395.238
409.484
422.754
435.917
449.017
460.766
472.969
483.926
494.079
503.763
513.321
522.433
531.805
539.538
547.793
555.429
561.507
568.142
573.283
578
582.278
586.169
589.665
592.764
594.321
595.625
596.561
596.647
596.561
596.108
594.039
592.558
589.438
585.577
582.286
577.339
572.477
567.324
561.649
555.676
548.864
540.578
532.826
523.534
514.067
504.386
493.79
482.958
472.471
460.245
447.665
434.716
421.893
408.623
394.899
380.237
365.952
350.595
334.994
319.714
303.16
287.172
270.512
253.584
236.907
219.666
201.896
184.329
166.075
148
131.061
112.219
93.4345
18.9737
37.6962
56.4624
75.1532
93.4773
111.893
130.511
148.408
166.973
184.613
202.425
220.227
237.346
254.7
271.529
287.939
303.949
320.351
336.44
352.241
366.395
381.182
395.831
409.5
423.076
436.602
448.807
461.455
472.89
483.53
493.68
503.755
513.366
523.259
531.52
540.296
548.471
555.104
562.288
568
573.283
578.122
582.602
586.686
590.371
592.491
594.39
595.928
596.561
597.059
597.2
595.716
594.821
592.284
588.994
586.276
581.908
577.603
573.027
567.881
562.46
556.199
548.441
541.225
532.452
523.49
514.301
504.21
493.871
483.845
472.076
459.949
447.447
435.041
422.185
408.872
394.58
380.678
365.667
350.386
335.44
319.188
303.488
287.124
270.44
254.024
237.023
219.447
202.089
184
166.075
149.272
130.553
111.879
18.7883
37.5766
56.356
74.793
93.2952
112.058
130.096
148.809
166.643
184.629
202.633
220.002
237.588
254.7
271.398
287.703
304.429
320.849
336.99
351.501
366.677
381.725
395.79
409.777
423.728
436.39
449.481
461.395
472.522
483.14
493.734
503.846
514.261
523.054
532.353
541.069
548.264
556
562.288
568.142
573.548
578.623
583.301
587.58
590.269
592.773
594.92
596.108
597.2
597.943
597.054
596.755
594.811
592.103
589.969
586.192
582.454
578.467
573.861
569.004
563.305
556.09
549.422
541.181
532.738
524.055
514.482
504.651
495.098
483.802
472.141
460.101
448.126
435.697
422.81
408.902
395.399
380.747
365.8
351.204
335.269
319.87
303.816
287.392
271.249
254.503
237.135
220
202.089
184.329
167.672
149.091
130.541
18.7883
37.5899
56.0803
74.6257
93.4773
111.606
130.419
148.395
166.508
184.665
202.233
220.002
237.346
254.283
270.836
287.837
304.541
320.975
335.801
351.319
366.722
381.142
395.497
409.832
422.91
436.406
448.761
460.339
471.39
482.469
493.05
503.953
513.249
523.042
532.272
540
548.264
555.104
561.507
567.459
573.111
578.364
583.22
586.464
589.56
592.305
594.039
595.716
597.054
596.755
597.047
595.695
593.57
592.021
588.838
585.672
582.279
578.221
573.936
568.811
562.15
556.045
548.352
540.445
532.287
523.252
513.951
504.893
494.094
482.926
471.377
459.861
447.889
435.46
421.969
408.897
394.64
380.064
365.854
350.274
335.216
319.514
303.389
287.564
271.118
254
237.135
219.447
201.896
185.432
167.036
148.661
18.868
37.4433
56.0357
75
93.2363
112.161
130.3
148.553
166.877
184.665
202.633
220.227
237.422
254.238
271.531
288.534
305.277
320.433
336.309
352.082
366.871
381.608
396.34
409.849
423.761
436.57
448.612
460.109
471.683
482.743
494.146
503.954
514.249
524
532.272
541.069
548.471
555.429
561.933
568.166
574
579.436
583.24
586.931
590.276
592.558
594.821
596.755
597.047
597.93
597.17
595.626
594.66
592.068
589.472
586.669
583.154
579.435
574.878
568.767
563.217
556.066
548.688
541.045
532.541
523.76
515.187
504.876
494.191
483.12
472.052
460.526
448.54
435.455
422.8
408.925
394.707
380.867
365.63
350.897
335.529
319.69
304.164
288
271.118
254.503
237.023
219.666
203.376
185.149
166.928
18.6011
37.2022
56.2228
74.5185
93.5094
111.759
130.108
148.553
166.508
184.629
202.425
219.829
236.865
254.403
271.662
288.669
304.113
320.306
336.407
351.525
366.607
381.698
395.601
409.894
423.123
435.597
447.509
459.549
471.059
482.933
493.228
504
514.249
523.042
532.353
540.296
547.793
554.834
561.634
568.035
574.04
578.395
582.673
586.612
589.438
592.284
594.811
595.695
597.17
597.006
596.049
595.671
593.681
591.663
589.461
586.502
583.364
579.39
573.847
568.87
562.282
555.455
548.352
540.404
532.17
524.109
514.315
504.144
493.584
482.996
471.949
460.443
447.8
435.601
422.147
408.326
394.897
380.043
365.679
350.691
335.181
320
304.164
287.564
271.249
254.024
236.907
220.839
202.83
184.816
18.6011
37.6431
55.9732
75.0067
93.3381
111.759
130.3
148.395
166.643
184.613
202.2
219.429
237.186
254.672
271.919
287.626
304.109
320.512
335.935
351.336
366.76
381.033
395.683
409.308
422.191
434.495
446.978
458.917
471.239
482
493.228
503.954
513.249
523.054
531.52
539.538
547.099
554.448
561.4
567.958
572.85
577.701
582.22
585.577
588.994
592.103
593.57
595.626
596.049
595.671
595.874
594.479
593.034
591.427
589.02
586.458
583.065
578.088
573.684
567.659
561.384
554.822
547.432
539.749
532.203
522.932
513.281
503.239
493.138
482.578
471.561
459.37
447.636
434.615
421.203
408.198
393.742
379.759
365.166
350
335.181
319.69
303.389
287.392
270.44
253.584
237.756
219.986
202.2
19.105
37.4833
56.5685
75.0067
93.5094
112.161
130.419
148.809
166.973
184.762
202.2
220.193
237.924
255.425
271.413
288.201
304.923
320.665
336.4
352.172
366.83
381.849
395.885
409.191
421.9
434.839
447.219
460
471.239
482.933
494.146
503.953
514.261
523.259
531.805
539.894
547.8
555.309
562.425
567.86
573.289
578.393
582.286
586.276
589.969
592.021
594.66
595.671
595.874
596.657
595.857
594.983
593.97
592.112
590.123
587.307
582.893
579.055
573.59
567.861
561.834
554.995
547.855
540.816
532.06
522.92
513.386
503.763
493.68
483.14
471.39
460.109
447.509
434.495
421.9
407.83
394.214
380
365.166
350.691
335.529
319.514
303.816
287.124
270.512
254.908
237.36
219.784
18.3848
37.4833
55.9732
74.5185
93.2363
111.606
130.096
148.408
166.355
183.962
202.148
220.084
237.8
254.031
271.089
288.092
304.12
320.156
336.244
351.256
366.617
381.035
394.738
407.83
421.201
434
447.219
458.917
471.059
482.743
493.05
503.846
513.366
522.433
531.04
539.498
547.559
555.231
561.208
567.215
572.906
577.339
581.908
586.192
588.838
592.068
593.681
594.479
595.857
595.668
595.384
594.983
593.695
592.301
590.085
586.26
583.016
578.138
572.986
567.525
561.271
554.707
548.209
540.005
531.413
522.427
513.321
503.755
493.734
482.469
471.683
459.549
446.978
434.839
421.201
408
394.214
379.759
365.679
350.897
335.216
319.87
303.488
287.172
271.84
254.568
237.255
19.105
37.6431
56.2228
75
93.4773
112.058
130.511
148.607
166.373
184.743
202.872
220.792
237.255
254.568
271.84
288.141
304.463
320.852
336.204
351.889
366.674
380.757
394.214
408
421.201
434.839
446.978
459.549
471.683
482.469
493.734
503.755
513.321
522.427
531.413
540.005
548.209
554.707
561.271
567.525
572.477
577.603
582.454
585.672
589.472
591.663
593.034
594.983
595.384
595.668
595.857
595.117
594.295
592.657
589.401
586.728
582.417
577.821
572.906
567.215
561.208
555.231
547.559
539.498
531.04
522.433
513.366
503.846
493.05
482.743
471.059
458.917
447.219
434
421.201
407.83
393.742
380.043
365.63
350.274
335.269
319.188
303.16
288.092
271.089
254.031
18.6011
37.2022
56.0357
74.6257
93.2952
111.893
130.142
148.071
166.628
184.954
203.081
219.784
237.36
254.908
271.488
288.106
304.803
320.506
336.525
351.689
366.165
380
394.214
407.83
421.9
434.495
447.509
460.109
471.39
483.14
493.68
503.763
513.386
522.92
532.06
540.816
547.855
554.995
561.834
567.324
573.027
578.467
582.279
586.669
589.461
591.427
593.97
594.983
595.857
596.657
596.487
596.259
595.222
592.557
590.479
586.758
582.74
578.393
573.289
567.86
562.425
555.309
547.8
539.894
531.805
523.259
514.261
503.953
494.146
482.933
471.239
460
447.219
434.839
421.9
408.198
394.897
380.867
365.854
351.204
335.44
319.714
304.923
288.201
271.413
18.6011
37.4433
56.0803
74.793
93.4773
111.826
129.865
148.556
167.027
185.311
202.2
219.986
237.756
254.566
271.428
288.383
304.385
320.688
336.18
351
365.166
379.759
393.742
408.198
421.203
434.615
447.636
459.37
471.561
482.578
493.138
503.239
513.281
522.932
532.203
539.749
547.432
554.822
560.822
567.071
573.071
577.45
582.404
585.773
588.313
591.427
593.034
594.479
595.874
596.259
596.611
596.162
594.079
592.585
589.448
586.003
582.22
577.701
572.85
567.958
561.4
554.448
547.099
539.538
531.52
523.054
513.249
503.954
493.228
482
471.239
458.917
446.978
434.495
421.203
408.326
394.707
380.064
365.8
350.386
334.994
320.512
304.109
287.626
18.868
37.5899
56.356
75.1532
93.6216
111.79
130.633
149.265
167.72
184.816
202.83
220.839
237.895
255.016
272.244
288.562
305.164
321
336.18
350.691
365.679
380.043
394.897
408.326
422.147
435.601
447.8
460.443
471.949
482.996
493.584
504.144
514.315
524.109
532.17
540.404
548.352
554.867
561.669
568.232
573.185
578.705
582.656
585.773
589.461
591.663
593.681
595.671
596.611
597.542
597.68
596.178
595.265
592.71
589.836
586.612
582.673
578.395
574.04
568.035
561.634
554.834
547.793
540.296
532.353
523.042
514.249
504
493.228
482.933
471.059
459.549
447.509
434.615
422.147
408.925
394.64
380.747
365.667
350.595
336.407
320.306
304.113
18.7883
37.5766
56.4624
75.0267
93.3006
112.272
131.042
149.646
166.928
185.149
203.376
220.658
238.019
255.501
272.118
289
305.164
320.688
335.529
350.897
365.63
380.867
394.707
408.925
422.8
435.455
448.54
460.526
472.052
483.12
494.191
504.876
515.187
523.76
532.541
541.045
548.074
555.428
562.555
568.082
574.171
578.705
582.404
586.669
589.472
592.068
594.66
596.162
597.68
598.412
597.501
597.181
595.218
592.927
590.276
586.931
583.24
579.436
574
568.166
561.933
555.429
548.471
541.069
532.272
524
514.249
503.954
494.146
482.743
471.683
460.109
447.636
435.601
422.8
408.897
395.399
380.678
365.952
352.082
336.309
320.433
18.7883
37.6962
56.3028
74.6324
93.6803
112.539
131.244
148.661
167.036
185.432
202.892
220.445
238.134
255
272.118
288.562
304.385
319.514
335.216
350.274
365.854
380.064
394.64
408.897
421.969
435.46
447.889
459.861
471.377
482.926
494.094
504.893
513.951
523.252
532.287
539.807
547.691
555.36
561.443
568.082
573.185
577.45
582.279
585.672
588.838
592.021
594.079
596.178
597.501
597.181
597.451
596.084
594.378
592.305
589.56
586.464
583.22
578.364
573.111
567.459
561.507
555.104
548.264
540
532.272
523.042
513.249
503.953
493.05
482.469
471.39
459.37
447.8
435.455
421.969
408.902
394.58
380.237
366.722
351.319
335.801
18.9737
37.6431
56.0446
75.1864
94.1488
112.969
130.541
149.091
167.672
185.327
203.089
221
238.134
255.501
272.244
288.383
303.816
319.87
335.269
351.204
365.8
380.747
395.399
408.902
422.81
435.697
448.126
460.101
472.141
483.802
495.098
504.651
514.482
524.055
532.076
540.496
548.715
555.36
562.555
568.232
573.071
578.467
582.454
586.192
589.969
592.585
595.265
597.181
597.451
598.312
597.539
596.418
594.92
592.773
590.269
587.58
583.301
578.623
573.548
568.142
562.288
556
548.264
541.069
532.353
523.054
514.261
503.846
493.734
483.14
471.561
460.443
448.54
435.46
422.81
408.872
394.899
381.725
366.677
351.501
18.6815
37.108
56.2939
75.3127
94.2019
111.879
130.553
149.272
167.075
185
203.089
220.445
238.019
255.016
271.428
287.124
303.488
319.188
335.44
350.386
365.667
380.678
394.58
408.872
422.185
435.041
447.447
459.949
472.076
483.845
493.871
504.21
514.301
522.805
531.744
540.496
547.691
555.428
561.669
567.071
573.027
577.603
581.908
586.276
589.448
592.71
595.218
596.084
597.539
597.368
596.84
595.928
594.39
592.491
590.371
586.686
582.602
578.122
573.283
568
562.288
555.104
548.471
540.296
531.52
523.259
513.366
503.755
493.68
482.578
471.949
460.526
447.889
435.697
422.185
408.623
395.831
381.182
366.395
18.4391
37.6563
56.7186
75.6637
93.4345
112.219
131.061
149
167.075
185.327
202.892
220.658
237.895
254.566
270.512
287.172
303.16
319.714
334.994
350.595
365.952
380.237
394.899
408.623
421.893
434.716
447.665
460.245
472.471
482.958
493.79
504.386
513.36
522.805
532.076
539.807
548.074
554.867
560.822
567.324
572.477
577.339
582.286
586.003
589.836
592.927
594.378
596.418
596.84
596.896
596.561
595.625
594.321
592.764
589.665
586.169
582.278
578
573.283
568.142
561.507
555.429
547.793
539.538
531.805
522.433
513.321
503.763
493.138
482.996
472.052
459.861
448.126
435.041
421.893
409.484
395.238
380.841
19.2354
38.3275
57.3149
75.1665
94.0479
113
131.061
149.272
167.672
185.432
203.376
220.839
237.756
253.939
270.88
287.141
303.982
319.583
335.489
351.177
365.831
380.848
394.97
408.639
421.865
435.247
448.264
460.935
471.869
483.182
494.268
503.7
513.639
523.417
531.673
540.456
547.789
554.286
561.324
567.043
572.451
577.966
582.22
586.612
590.276
592.305
594.92
595.928
596.561
596.796
596.454
595.74
594.738
592.22
589.306
586
582.278
578.122
573.548
567.459
561.933
554.834
547.099
539.894
531.04
522.427
513.386
503.239
493.584
483.12
471.377
460.101
447.447
434.716
422.693
408.853
394.852
19.105
38.1182
56.0357
75
94.0479
112.219
130.553
149.091
167.036
185.149
202.83
219.986
236.4
253.618
270.148
287.272
303.191
319.401
335.418
350.443
365.816
380.338
394.411
408.044
421.865
435.326
448.447
459.837
471.641
483.228
493.129
503.572
513.869
522.664
531.978
539.868
546.923
554.513
560.817
566.789
572.892
577.701
582.673
586.931
589.56
592.773
594.39
595.625
596.454
596.732
596.634
596.212
594.304
592
589.306
586.169
582.602
578.623
573.111
568.166
561.634
554.448
547.8
539.498
531.413
522.92
513.281
504.144
494.191
482.926
472.141
459.949
447.665
436.056
422.655
409.079
19.0263
37
56.0357
75.1665
93.4345
111.879
130.541
148.661
166.928
184.816
202.2
218.833
236.315
253.103
270.496
286.723
303.223
319.556
334.94
350.657
365.568
380.033
394.062
408.31
422.204
435.764
447.599
459.883
471.96
482.32
493.259
504.063
513.39
523.225
531.662
539.268
547.401
554.282
560.811
567.493
572.85
578.395
583.24
586.464
590.269
592.491
594.321
595.74
596.634
597.147
597.302
596
594.304
592.22
589.665
586.686
583.301
578.364
574
568.035
561.4
555.309
547.559
540.005
532.06
522.932
514.315
504.876
494.094
483.802
472.076
460.245
449.055
436.096
422.953
18.0278
37.1214
56.3205
74.6726
93.2148
111.987
130.269
148.678
166.76
184.361
201.201
218.936
235.968
253.618
270.141
286.918
303.556
319.288
335.336
350.625
365.471
379.886
394.549
408.864
422.852
435.124
447.877
460.435
471.246
482.67
493.974
503.822
514.169
523.146
531.297
539.965
547.417
554.495
561.749
567.649
573.76
579.186
583.001
587.392
590.214
592.638
594.643
596.149
597.271
598
597.302
596.212
594.738
592.764
590.371
587.58
583.22
579.436
574.04
567.958
562.425
555.231
548.209
540.816
532.203
524.109
515.187
504.893
495.098
483.845
472.471
461.706
449.197
436.492
19.105
38.3275
56.7186
75.3127
94.1488
112.539
131.042
149.265
167.027
184.024
201.955
219.18
237.034
253.797
270.801
287.689
303.714
320.039
335.65
350.822
365.568
380.592
395.273
409.635
422.291
435.46
448.443
459.656
471.514
483.265
493.585
504.394
513.861
522.506
531.662
539.637
547.22
555
561.4
568.035
574
578.364
583.301
586.686
589.665
592.22
594.304
596
597.271
597.147
596.634
595.74
594.321
592.491
590.269
586.464
583.24
578.395
572.85
567.86
561.208
554.707
547.855
539.749
532.17
523.76
513.951
504.651
493.871
482.958
472.619
460.566
448.306
19.2354
37.6563
56.2939
75.1864
93.6803
112.272
130.633
148.556
165.711
183.84
201.259
219.317
236.326
253.559
270.703
287.028
303.638
319.581
335.09
350.179
365.575
380.636
395.386
408.442
422.043
435.47
447.103
459.413
471.631
482.445
493.737
503.718
512.884
522.551
531.075
539.189
547.522
554.448
561.634
568.166
573.111
578.623
582.602
586.169
589.306
592
594.304
596.149
596.634
596.732
596.454
595.625
594.39
592.773
589.56
586.931
582.673
577.701
573.289
567.215
561.271
554.995
547.432
540.404
532.541
523.252
514.482
504.21
493.79
483.911
472.347
460.566
18.4391
37.108
56.0446
74.6324
93.3006
111.79
129.865
147.167
165.484
183.087
201.341
218.586
236.038
253.428
270.046
286.932
303.2
319.038
334.462
350.224
365.658
380.789
394.24
408.267
422.133
434.181
446.938
459.619
470.924
482.695
493.188
502.872
513.048
522.12
530.763
539.646
547.099
554.834
561.933
567.459
573.548
578.122
582.278
586
589.306
592.22
594.643
595.74
596.454
596.796
596.561
595.928
594.92
592.305
590.276
586.612
582.22
578.393
572.906
567.525
561.834
554.822
548.352
541.045
532.287
524.055
514.301
504.386
494.975
483.911
472.619
18.6815
37.6431
56.3028
75.0267
93.6216
111.826
129.252
147.733
165.496
183.918
201.375
219.021
236.631
253.513
270.647
287.211
303.35
319.081
335.179
350.956
366.437
380.254
394.677
408.95
421.385
434.56
447.672
459.436
471.655
482.628
492.8
503.454
513.043
522.185
531.588
539.538
547.793
555.429
561.507
568.142
573.283
578
582.278
586.169
589.665
592.638
594.321
595.625
596.561
596.896
596.84
596.418
594.378
592.927
589.836
586.003
582.74
577.821
572.986
567.861
561.384
555.455
548.688
540.445
532.738
523.49
514.067
505.114
494.54
483.728
18.9737
37.6962
56.4624
75.1532
93.4773
111.018
129.653
147.567
166.148
183.807
201.636
219.456
236.597
253.97
270.823
287.256
303.289
319.715
335.829
351.655
365.833
380.648
395.324
408.142
421.731
435.271
447.493
460.158
471.611
482.271
493.401
503.508
513.149
523.073
531.52
540.296
548.471
555.104
562.288
568
573.283
578.122
582.602
586.686
590.214
592.491
594.39
595.928
596.84
597.368
597.539
596.084
595.218
592.71
589.448
586.758
582.417
578.138
573.59
567.659
562.282
556.066
548.352
541.181
532.452
523.534
515.05
504.98
494.662
18.7883
37.5766
56.356
74.793
92.4392
111.221
129.275
148.003
165.858
183.861
201.884
219.276
236.882
254.018
270.74
287.068
303.819
320.264
336.43
350.967
366.171
381.247
394.446
408.447
422.413
435.093
448.202
460.136
471.284
482.892
493.518
503.661
514.106
523.054
532.353
541.069
548.264
556
562.288
568.142
573.548
578.623
583.301
587.392
590.269
592.773
594.92
596.418
597.539
598.312
597.451
597.181
595.265
592.585
590.479
586.728
583.016
579.055
573.684
568.87
563.217
556.045
549.422
541.225
532.826
524.825
515.272
505.46
18.7883
37.5899
56.0803
73.7835
92.6553
110.802
129.63
147.628
165.759
183.935
201.527
219.317
236.685
253.647
270.224
287.251
303.98
320.44
335.292
350.839
366.27
379.812
394.183
408.534
421.631
435.146
447.522
459.123
471.173
482.283
492.895
503.829
513.249
523.042
532.272
540
548.264
555.104
561.507
567.459
573.111
578.364
583.001
586.464
589.56
592.305
594.378
596.084
597.451
597.181
597.501
596.178
594.079
592.557
589.401
586.26
582.893
578.088
573.847
568.767
562.15
556.09
548.441
540.578
533.076
524.061
514.779
18.868
37.4433
55.2178
74.2024
92.4554
111.396
129.557
147.828
166.172
183.984
201.973
219.593
236.812
253.653
270.972
288.002
304.77
319.953
335.859
351.66
365.557
380.312
395.061
408.59
422.522
435.354
447.42
459.923
471.529
482.62
494.054
503.954
514.249
524
532.272
541.069
548.471
555.429
561.933
568.166
574
579.186
583.24
586.931
590.276
592.927
595.218
597.181
597.501
598.412
597.68
596.162
595.222
592.657
590.085
587.307
583.065
579.39
574.878
568.811
563.305
556.199
548.864
541.853
533.368
524.605
18.6011
36.4005
55.4437
73.7564
92.7631
111.036
129.402
147.868
165.849
183.992
201.814
219.244
236.305
253.87
271.155
288.189
303.661
319.883
336.013
350.228
365.329
380.438
394.363
408.677
421.93
434.43
447.353
459.426
470.967
482.872
493.228
504
514.249
523.042
532.353
540.296
547.793
554.834
561.634
568.035
573.76
578.395
582.673
586.612
589.836
592.71
595.265
596.178
597.68
597.542
596.611
596.259
594.295
592.301
590.123
586.458
583.364
579.435
573.936
569.004
562.46
555.676
549.178
541.248
533.031
17.8045
36.8782
55.2268
74.2765
92.6337
111.072
129.634
147.757
166.027
184.024
201.638
218.893
236.677
254.191
271.465
287.2
303.712
320.145
334.655
350.076
365.52
379.816
394.488
408.138
421.048
434.37
446.885
458.855
471.208
482
493.228
503.954
513.249
523.054
531.52
539.538
547.099
554.448
561.4
567.649
572.85
577.701
582.22
586.003
589.448
592.585
594.079
596.162
596.611
596.259
596.487
595.117
593.695
592.112
589.02
586.502
583.154
578.221
573.861
567.881
561.649
555.666
548.293
540.626
19.105
37.4833
56.5685
75.0067
93.5094
112.161
130.419
148.809
166.973
184.762
202.2
220.193
237.924
255.425
271.413
288.201
304.923
319.714
335.44
351.204
365.854
380.867
394.897
408.198
421.9
434.839
447.219
460
471.208
482.872
494.054
503.829
514.106
523.073
531.588
539.646
547.522
555
561.749
567.493
572.892
577.966
582.286
586.276
589.969
592.021
594.66
595.671
595.874
596.657
595.857
594.983
593.97
591.427
589.461
586.669
582.279
578.467
573.027
567.324
561.834
554.995
547.855
18.3848
37.4833
55.9732
74.5185
93.2363
111.606
130.096
148.408
166.355
183.962
202.148
220.084
237.8
254.031
271.089
288.092
303.16
319.188
335.269
350.274
365.63
380.043
393.742
407.83
421.201
434
447.219
458.855
470.967
482.62
492.895
503.661
513.149
522.185
530.763
539.189
547.22
554.495
560.811
566.789
572.451
577.339
581.908
586.192
588.838
592.068
593.681
594.479
595.857
595.668
595.384
594.983
593.034
591.663
589.472
585.672
582.454
577.603
572.477
567.525
561.271
554.707
19.105
37.6431
56.2228
75
93.4773
112.058
130.511
148.607
166.373
184.743
202.872
220.792
237.255
254.568
271.84
287.172
303.488
319.87
335.216
350.897
365.679
379.759
394.214
408
421.201
434.839
446.885
459.426
471.529
482.283
493.518
503.508
513.043
522.12
531.075
539.637
547.417
554.282
560.817
567.043
572.477
577.603
582.454
585.672
589.472
591.663
593.034
594.983
595.384
595.668
595.857
594.479
593.681
592.068
588.838
586.192
581.908
577.339
572.906
567.215
561.208
18.6011
37.2022
56.0357
74.6257
93.2952
111.893
130.142
148.071
166.628
184.954
203.081
219.784
237.36
254.908
270.512
287.124
303.816
319.514
335.529
350.691
365.166
380
394.214
407.83
421.9
434.37
447.353
459.923
471.173
482.892
493.401
503.454
513.048
522.551
531.662
539.965
547.401
554.513
561.324
567.324
573.027
578.467
582.279
586.669
589.461
591.427
593.97
594.983
595.857
596.657
595.874
595.671
594.66
592.021
589.969
586.276
582.286
578.393
573.289
567.86
18.6011
37.4433
56.0803
74.793
93.4773
111.826
129.865
148.556
167.027
185.311
202.2
219.986
237.756
253.584
270.44
287.392
303.389
319.69
335.181
350
365.166
379.759
393.742
408.198
421.048
434.43
447.42
459.123
471.284
482.271
492.8
502.872
512.884
522.506
531.297
539.268
546.923
554.286
560.822
567.071
573.071
577.45
582.404
585.773
588.313
591.427
593.034
594.479
595.874
595.671
596.049
595.626
593.57
592.103
588.994
585.577
582.22
577.701
572.85
18.868
37.5899
56.356
75.1532
93.6216
111.79
130.633
149.265
167.72
184.816
202.83
220.839
236.907
254.024
271.249
287.564
304.164
320
335.181
350.691
365.679
380.043
394.897
408.138
421.93
435.354
447.522
460.136
471.611
482.628
493.188
503.718
513.861
523.146
531.662
539.868
547.789
554.867
561.669
568.232
573.185
578.705
582.656
585.773
589.461
591.663
593.681
595.671
596.049
597.006
597.17
595.695
594.811
592.284
589.438
586.612
582.673
578.395
18.7883
37.5766
56.4624
75.0267
93.3006
112.272
131.042
149.646
166.928
185.149
203.376
219.666
237.023
254.503
271.118
288
304.164
319.69
335.529
350.897
365.63
380.867
394.488
408.677
422.522
435.146
448.202
460.158
471.655
482.695
493.737
504.394
514.169
523.225
531.978
540.456
548.074
555.428
562.555
568.082
574.171
578.705
582.404
586.669
589.472
592.068
594.66
595.626
597.17
597.93
597.047
596.755
594.821
592.558
590.276
586.931
583.24
18.7883
37.6962
56.3028
74.6324
93.6803
112.539
131.244
148.661
167.036
185.432
201.896
219.447
237.135
254
271.118
287.564
303.389
319.514
335.216
350.274
365.854
379.816
394.363
408.59
421.631
435.093
447.493
459.436
470.924
482.445
493.585
503.822
513.39
522.664
531.673
539.807
547.691
555.36
561.443
568.082
573.185
577.45
582.279
585.672
588.838
592.021
593.57
595.695
597.047
596.755
597.054
595.716
594.039
592.305
589.56
586.464
18.9737
37.6431
56.0446
75.1864
94.1488
112.969
130.541
149.091
167.672
184.329
202.089
220
237.135
254.503
271.249
287.392
303.816
319.87
335.269
351.204
365.52
380.438
395.061
408.534
422.413
435.271
447.672
459.619
471.631
483.265
493.974
504.063
513.869
523.417
532.076
540.496
548.715
555.36
562.555
568.232
573.071
578.467
582.454
586.192
589.969
592.103
594.811
596.755
597.054
597.943
597.2
596.108
594.92
592.773
590.269
18.6815
37.108
56.2939
75.3127
94.2019
111.879
130.553
149.272
166.075
184
202.089
219.447
237.023
254.024
270.44
287.124
303.488
319.188
335.44
350.076
365.329
380.312
394.183
408.447
421.731
434.56
446.938
459.413
471.514
482.67
493.259
503.572
513.639
522.805
531.744
540.496
547.691
555.428
561.669
567.071
573.027
577.603
581.908
586.276
588.994
592.284
594.821
595.716
597.2
597.059
596.561
595.928
594.39
592.491
18.4391
37.6563
56.7186
75.6637
93.4345
112.219
131.061
148
166.075
184.329
201.896
219.666
236.907
253.584
270.512
287.172
303.16
319.714
334.655
350.228
365.557
379.812
394.446
408.142
421.385
434.181
447.103
459.656
471.246
482.32
493.129
503.7
513.36
522.805
532.076
539.807
548.074
554.867
560.822
567.324
572.477
577.339
582.286
585.577
589.438
592.558
594.039
596.108
596.561
596.647
596.561
595.625
594.321
19.2354
38.3275
57.3149
75.1665
94.0479
113
130.062
148.273
166.676
184.44
202.388
219.857
236.78
253.939
270.88
287.141
303.982
319.215
335.094
350.753
365.378
380.368
394.462
408.104
421.304
434.66
447.652
459.662
471.208
482.498
493.561
503.7
513.639
523.417
531.673
540.456
547.789
554.286
561.324
567.043
572.451
577.966
581.822
586.243
589.936
591.995
594.64
595.679
596.342
596.796
596.454
595.74
19.105
38.1182
56.0357
75
94.0479
111.221
129.557
148.098
166.048
184.166
201.854
219.018
236.4
253.618
270.148
287.272
302.794
318.976
334.966
349.961
365.308
379.803
393.849
407.457
421.252
434.688
447.125
459.152
470.933
482.498
493.129
503.572
513.869
522.664
531.978
539.868
546.923
554.513
560.817
566.789
572.892
577.333
582.334
586.622
589.281
592.524
594.173
595.438
596.454
596.732
596.634
19.0263
37
56.0357
75.1665
92.4392
110.887
129.553
147.679
165.952
183.848
201.241
218.833
236.315
253.103
270.496
286.295
302.769
319.075
334.431
350.121
365.005
379.444
393.449
407.671
421.541
434.394
446.891
459.152
471.208
482.32
493.259
504.063
513.39
523.225
531.662
539.268
547.401
554.282
560.811
567.493
572.512
578.086
582.961
586.216
590.051
592.304
594.166
595.74
596.634
597.147
18.0278
37.1214
56.3205
73.6817
92.228
111.005
129.294
147.709
165.801
183.412
201.201
218.936
235.968
253.618
269.683
286.435
303.046
318.751
334.773
350.036
364.856
379.247
393.886
408.178
421.436
434.394
447.125
459.662
471.246
482.67
493.974
503.822
514.169
523.146
531.297
539.965
547.417
554.495
561.749
567.341
573.482
578.939
582.784
587.205
590.059
592.514
594.643
596.149
597.271
19.105
38.3275
55.7315
74.3303
93.1719
111.571
130.081
148.314
166.087
184.024
201.955
219.18
237.034
253.314
270.292
287.155
303.152
319.453
335.037
350.184
364.907
379.907
394.566
408.178
421.541
434.688
447.652
459.656
471.514
483.265
493.585
504.394
513.861
522.506
531.662
539.637
547.22
555
561.121
567.786
573.781
578.176
583.144
586.56
589.571
592.22
594.304
596
19.2354
36.6742
55.3173
74.2159
92.72
111.319
129.692
147.628
165.711
183.84
201.259
219.317
235.816
253.024
270.143
286.44
303.026
318.944
334.428
349.494
364.867
379.907
393.886
407.671
421.252
434.66
447.103
459.413
471.631
482.445
493.737
503.718
512.884
522.551
531.075
539.189
547.522
554.2
561.416
567.979
572.955
578.498
582.508
586.107
589.306
592
594.304
17.4642
36.1386
55.0818
73.6817
92.358
110.86
128.95
147.167
165.484
183.087
201.341
218.048
235.476
252.842
269.433
286.295
302.538
318.352
333.754
349.494
364.907
379.247
393.449
407.457
421.304
434.181
446.938
459.619
470.924
482.695
493.188
502.872
513.048
522.12
530.763
539.646
546.882
554.648
561.778
567.335
573.454
578.061
582.248
586
589.306
592.22
18.6815
37.6431
56.3028
75.0267
93.6216
111.826
130.142
148.607
166.355
184.762
201.638
219.244
236.812
253.647
270.74
287.256
303.35
319.038
335.09
350.822
365.471
380.033
394.411
408.639
421.893
435.041
448.126
459.861
472.052
482.996
493.138
503.763
513.321
522.433
531.805
539.538
547.793
555.429
561.507
568.142
573.283
578
582.248
586.107
589.571
18.9737
37.6962
56.4624
75.1532
93.4773
111.893
130.511
148.408
166.973
184.024
201.814
219.593
236.685
254.018
270.823
287.211
303.2
319.581
335.65
350.625
365.568
380.338
394.97
408.623
422.185
435.697
447.889
460.526
471.949
482.578
493.68
503.755
513.366
523.259
531.52
540.296
548.471
555.104
562.288
568
573.283
578.061
582.508
586.56
18.7883
37.5766
56.356
74.793
93.2952
112.058
130.096
148.809
166.027
183.992
201.973
219.317
236.882
253.97
270.647
286.932
303.638
320.039
335.336
350.657
365.816
380.848
394.899
408.872
422.81
435.46
448.54
460.443
471.561
483.14
493.734
503.846
514.261
523.054
532.353
541.069
548.264
556
562.288
568.142
573.454
578.498
583.144
18.7883
37.5899
56.0803
74.6257
93.4773
111.606
130.419
147.757
165.849
183.984
201.527
219.276
236.597
253.513
270.046
287.028
303.714
319.288
334.94
350.443
365.831
380.237
394.58
408.902
421.969
435.455
447.8
459.37
471.39
482.469
493.05
503.953
513.249
523.042
532.272
540
548.264
555.104
561.507
567.335
572.955
578.176
18.868
37.4433
56.0357
75
93.2363
112.161
129.634
147.868
166.172
183.935
201.884
219.456
236.631
253.428
270.703
287.689
303.556
319.556
335.418
351.177
365.952
380.678
395.399
408.897
422.8
435.601
447.636
460.109
471.683
482.743
494.146
503.954
514.249
524
532.272
541.069
548.471
555.429
561.778
567.979
573.781
18.6011
37.2022
56.2228
74.5185
93.5094
111.072
129.402
147.828
165.759
183.861
201.636
219.021
236.038
253.559
270.801
286.918
303.223
319.401
335.489
350.595
365.667
380.747
394.64
408.925
422.147
434.615
447.509
459.549
471.059
482.933
493.228
504
514.249
523.042
532.353
540.296
547.793
554.648
561.416
567.786
18.6011
37.6431
55.9732
75.0067
92.6337
111.036
129.557
147.628
165.858
183.807
201.375
218.586
236.326
253.797
270.141
286.723
303.191
319.583
334.994
350.386
365.8
380.064
394.707
408.326
421.203
434.495
446.978
458.917
471.239
482
493.228
503.954
513.249
523.054
531.52
539.538
546.882
554.2
561.121
19.105
37.4833
56.5685
74.2765
92.7631
111.396
129.63
148.003
166.148
183.918
201.341
219.317
237.034
253.618
270.496
287.272
303.982
319.714
335.44
351.204
365.854
380.867
394.897
408.198
421.9
434.839
447.219
460
471.239
482.933
494.146
503.953
514.261
523.259
531.805
539.646
547.522
555
18.3848
37.4833
55.2268
73.7564
92.4554
110.802
129.275
147.567
165.496
183.087
201.259
219.18
235.968
253.103
270.148
287.141
303.16
319.188
335.269
350.274
365.63
380.043
393.742
407.83
421.201
434
447.219
458.917
471.059
482.743
493.05
503.846
513.366
522.433
530.763
539.189
547.22
19.105
36.8782
55.4437
74.2024
92.6553
111.221
129.653
147.733
165.484
183.84
201.955
218.936
236.315
253.618
270.88
287.172
303.488
319.87
335.216
350.897
365.679
379.759
394.214
408
421.201
434.839
446.978
459.549
471.683
482.469
493.734
503.755
513.321
522.12
531.075
539.637
17.8045
36.4005
55.2178
73.7835
92.4392
111.018
129.252
147.167
165.711
184.024
201.201
218.833
236.4
253.939
270.512
287.124
303.816
319.514
335.529
350.691
365.166
380
394.214
407.83
421.9
434.495
447.509
460.109
471.39
483.14
493.68
503.763
513.048
522.551
531.662
18.6011
37.4433
56.0803
74.793
93.4773
111.826
129.865
148.556
167.027
184.361
202.2
219.986
237.756
254.566
271.428
288.383
304.385
320.688
336.18
351
366.165
380.757
394.738
409.191
422.191
435.597
448.612
460.339
472.522
483.53
494.079
503.803
513.802
523.412
18.868
37.5899
56.356
75.1532
93.6216
111.79
130.633
149.265
166.76
184.816
202.83
220.839
237.895
255.016
272.244
288.562
305.164
321
336.18
351.689
366.674
381.035
395.885
409.308
423.123
436.57
448.761
461.395
472.89
483.926
494.106
504.624
514.752
18.7883
37.5766
56.4624
75.0267
93.3006
112.272
131.042
148.678
166.928
185.149
203.376
220.658
238.019
255.501
272.118
289
305.164
320.688
336.525
351.889
366.617
381.849
395.683
409.894
423.761
436.406
449.481
461.455
472.969
483.6
494.628
505.27
18.7883
37.6962
56.3028
74.6324
93.6803
112.539
130.269
148.661
167.036
185.432
202.892
220.445
238.134
255
272.118
288.562
304.385
320.506
336.204
351.256
366.83
381.033
395.601
409.849
422.91
436.39
448.807
460.766
471.816
483.322
494.446
18.9737
37.6431
56.0446
75.1864
94.1488
111.987
130.541
149.091
167.672
185.327
203.089
221
238.134
255.501
272.244
288.383
304.803
320.852
336.244
352.172
366.76
381.698
396.34
409.832
423.728
436.602
449.017
460.496
472.492
484.109
18.6815
37.108
56.2939
75.3127
93.2148
111.879
130.553
149.272
167.075
185
203.089
220.445
238.019
255.016
271.428
288.106
304.463
320.156
336.4
351.336
366.607
381.608
395.497
409.777
423.076
435.917
447.8
460.258
472.341
18.4391
37.6563
56.7186
74.6726
93.4345
112.219
131.061
149
167.075
185.327
202.892
220.658
237.895
254.566
271.488
288.141
304.12
320.665
335.935
351.525
366.871
381.142
395.79
409.5
422.754
435.026
447.931
460.466
19.2354
38.3275
56.3205
75.1665
94.0479
113
131.061
149.272
167.672
185.432
203.376
220.839
237.756
254.908
271.84
288.092
304.923
320.512
336.407
352.082
366.722
381.725
395.831
409.484
422.133
435.47
448.443
19.105
37.1214
56.0357
75
94.0479
112.219
130.553
149.091
167.036
185.149
202.83
219.986
237.36
254.568
271.089
288.201
304.109
320.306
336.309
351.319
366.677
381.182
395.238
408.267
422.043
435.46
18.0278
37
56.0357
75.1665
93.4345
111.879
130.541
148.661
166.928
184.816
202.2
219.784
237.255
254.031
271.413
287.626
304.113
320.433
335.801
351.501
366.395
380.841
394.24
408.442
422.291
19.0263
38.1182
57.3149
75.6637
94.2019
112.969
131.244
149.646
167.72
185.311
203.081
220.792
237.8
255.425
271.919
288.669
305.277
320.975
336.99
352.241
367.049
380.789
395.386
409.635
19.105
38.3275
56.7186
75.3127
94.1488
112.539
131.042
149.265
167.027
184.954
202.872
220.084
237.924
254.672
271.662
288.534
304.541
320.849
336.44
351.592
365.658
380.636
395.273
19.2354
37.6563
56.2939
75.1864
93.6803
112.272
130.633
148.556
166.628
184.743
202.148
220.193
237.186
254.403
271.531
287.837
304.429
320.351
335.839
350.224
365.575
380.592
18.4391
37.108
56.0446
74.6324
93.3006
111.79
129.865
148.071
166.373
183.962
202.2
219.429
236.865
254.238
270.836
287.703
303.949
319.766
334.462
350.179
365.568
18.6815
37.6431
56.3028
75.0267
93.6216
111.826
130.142
148.607
166.355
184.762
202.2
219.829
237.422
254.283
271.398
287.939
304.056
319.038
335.09
350.822
18.9737
37.6962
56.4624
75.1532
93.4773
111.893
130.511
148.408
166.973
184.613
202.425
220.227
237.346
254.7
271.529
287.939
303.2
319.581
335.65
18.7883
37.5766
56.356
74.793
93.2952
112.058
130.096
148.809
166.643
184.629
202.633
220.002
237.588
254.7
271.398
286.932
303.638
320.039
18.7883
37.5899
56.0803
74.6257
93.4773
111.606
130.419
148.395
166.508
184.665
202.233
220.002
237.346
254.283
270.046
287.028
303.714
18.868
37.4433
56.0357
75
93.2363
112.161
130.3
148.553
166.877
184.665
202.633
220.227
237.422
253.428
270.703
287.689
18.6011
37.2022
56.2228
74.5185
93.5094
111.759
130.108
148.553
166.508
184.629
202.425
219.829
236.038
253.559
270.801
18.6011
37.6431
55.9732
75.0067
93.3381
111.759
130.3
148.395
166.643
184.613
202.2
218.586
236.326
253.797
19.105
37.4833
56.5685
75.0067
93.5094
112.161
130.419
148.809
166.973
184.762
201.341
219.317
237.034
18.3848
37.4833
55.9732
74.5185
93.2363
111.606
130.096
148.408
166.355
183.087
201.259
219.18
19.105
37.6431
56.2228
75
93.4773
112.058
130.511
148.607
165.484
183.84
201.955
18.6011
37.2022
56.0357
74.6257
93.2952
111.893
130.142
147.167
165.711
184.024
18.6011
37.4433
56.0803
74.793
93.4773
111.826
128.95
147.628
166.087
18.868
37.5899
56.356
75.1532
93.6216
110.86
129.692
148.314
18.7883
37.5766
56.4624
75.0267
92.358
111.319
130.081
18.7883
37.6962
56.3028
73.6817
92.72
111.571
18.9737
37.6431
55.0818
74.2159
93.1719
18.6815
36.1386
55.3173
74.3303
17.4642
36.6742
55.7315
19.2354
38.3275
19.105
