80
149.164
124.036
234.252
235.722
78.0064
54.5711
152.109
186.43
89.9444
212.361
14.2127
112.272
215.613
114.237
111.83
183.24
83.678
46.5725
151.169
164.268
170.309
49.0918
196.229
81.0987
220.045
375.666
487.643
479.025
428.351
399.249
391.203
504.346
424.746
426.381
350.077
383.939
549.218
424.694
487.345
461.573
478.774
444.272
446.536
400.05
516.614
469.035
376.108
520.735
421.684
522.444
377.461
474.437
682.44
468.531
534.223
542.794
666.277
583.144
686.732
568.058
509.828
665.061
564.004
441.584
470.919
512.001
582.286
579.349
470.979
505.874
534.589
556.066
638.919
532.779
625.815
568.919
558.063
643.718
658.52
200.661
212.941
206.313
208.291
102.801
146.891
94.7945
210.381
119.403
149.773
217.635
203.394
68.1175
222.971
75.213
199.529
127.863
56.9386
205.119
183.807
121.078
159.298
212.455
114.061
247.316
370.656
388.542
341.738
291.29
281.087
409.982
291.254
336.364
232.215
277.721
433.14
308.585
393.3
354.09
383.96
316.304
358.586
280.303
421.474
370.168
300.328
397.574
338.463
425.603
249.273
338.733
556.619
348.053
398.502
449.027
539.894
481.598
561.232
443.644
407.83
531.146
448.876
318.788
340.243
392.46
449.419
476.303
355.81
382.907
404.802
452.249
502.641
407.398
518.117
448.496
459.743
530.088
541.543
143.224
150.207
76.5376
115.572
88.8144
172.351
60.208
186.938
138.221
38.4708
123.329
133.81
47.676
184.174
54.7814
93.0054
163.686
50.8035
76.4853
165.109
131.518
78.5875
202.941
447.973
570.359
578.678
529.366
487.923
478.357
602.163
491.343
525.694
431.269
473.559
632.87
507.799
585.192
551.113
576.125
516.954
547.121
480.13
614.099
564.008
481.142
598.159
524.202
619.013
449.929
537.93
757.219
548.272
597.358
641.225
740.466
677.267
761.846
644.302
603.24
730.173
648.464
519.216
540.646
592.663
649.049
672.503
555.059
583.463
605.186
648.605
700.746
608.059
716.039
648.914
654.007
729.572
741.659
12.53
216.52
193.598
83.5284
126.846
202.04
117.068
246.966
181.541
20.025
158.795
190.672
149.188
194.371
188.311
156.083
94.541
68.3593
255.163
53.6656
219.329
135.004
432.783
560.78
595.097
550.601
492.148
481.051
614.398
465.108
544.232
429.535
480.234
621.619
502.57
598.242
552.655
588.769
496.79
566.682
472.671
625.262
573.355
512.247
579.677
548.34
628.435
434.77
504.48
728.841
535.728
560.061
652.908
711.812
680.395
733.788
622.051
608.195
689.896
637.735
505.579
515.035
578.993
613.958
674.229
548.293
565.963
577.125
650.25
657.346
586.144
711.588
631.713
660.996
717.959
725.62
222.036
193
83.7735
117.953
208.118
106.471
248.091
188.664
27.8568
154.858
197.851
140.407
200.002
189.41
149.375
102.883
74.108
254.332
47.634
225.002
124.101
422.594
550.597
586.353
542.264
482.892
471.734
605.358
454.282
535.735
420.115
471.16
611.255
492.741
589.281
543.099
579.802
486.19
558.198
462.793
616.137
564.217
504.686
569.017
540.202
619.2
424.577
493.26
717.586
525.437
548.61
643.77
700.56
670.719
722.543
611.16
598.732
678.222
627.376
495.291
504.143
568.57
602.536
664.483
538.282
555.371
566.032
640.533
645.589
575.314
701.463
621.044
651.568
707.464
714.907
105.816
147.872
214.217
17.8045
235.262
89.3588
45.4533
196.499
153.522
40.4599
219.021
22.2036
80.4487
190.79
127.094
148.216
127.063
194.815
4.24264
247.97
447.341
562.641
556.821
506.211
475.295
466.901
581.998
494.91
504.103
424.147
460.126
624.577
499.586
564.985
537.953
556.354
516.435
524.379
474.081
594.243
546.312
454.11
594.508
499.626
599.981
449.197
543.843
755.89
542.741
603.776
620.532
739.538
660.439
760.279
641.649
586.941
735.661
639.569
515.14
542.31
586.573
653.172
656.507
546.245
579.646
606.488
633.108
708.393
606.012
702.574
643.469
635.56
719.701
733.959
110.114
132.098
109.563
158.382
62.0322
121.495
176.604
59.6657
125.172
128.736
99.2975
26.2488
96.7988
141.032
136.517
61.6117
149.693
109.932
165.56
343.14
461.313
464.087
414.436
376.205
367.143
488.026
389.853
411.078
322.149
361.448
523.635
398.323
471.017
439.331
462.053
412.378
432.296
371.809
500.064
450.537
365.657
491.615
409.029
505.223
345.029
438.475
652.452
440.446
498.401
527.004
635.957
564.281
656.921
538.49
490.323
630.546
538.934
412.226
437.741
484.6
548.231
559.812
445.382
476.783
502.113
536.064
602.939
502.594
604.425
541.34
540.448
619.662
632.918
88.5494
136.971
99.0858
164.344
124.354
66.7083
82.8553
133.27
104.995
127.094
105.688
95
64.846
37.1214
171.712
47.1699
151.42
116.039
386.626
513.035
535.421
488.545
437.023
426.522
556.683
425.396
483.249
376.48
423.842
575.17
452.111
540.054
499.373
530.69
454.041
505.455
423.005
568.096
516.628
445.926
536.725
485.077
572.071
388.623
469.307
692.165
489.295
527.595
595.686
675.214
627.243
696.955
581.423
553.738
659.94
591.122
459.436
475.464
533.496
580.538
621.704
499.025
522.384
539.424
597.622
629.124
545.094
662.245
588.43
605.941
672.241
682.233
208.331
27.6586
193.933
203.148
122.495
73.0616
211.192
22.4722
197.205
145.207
43.0813
153.114
121.758
181.995
75.326
218.323
34.176
307.527
435.33
468.411
424.393
365.322
354.249
487.562
342.644
417.8
302.804
353.391
496.681
376.336
471.429
426.016
461.953
373.012
440.266
346.554
498.415
446.509
387.738
456.01
422.47
501.597
309.524
384.669
608.589
410.645
442.115
526.062
591.582
553.864
613.453
499.53
481.465
573.901
512.765
380.526
392.796
454.318
495.501
547.793
422.404
442.005
456.032
523.78
542.559
463.35
585.878
508.001
534.238
593.408
602.001
227.976
102.391
27.6586
182.025
151.855
23.3238
214.87
11.3137
83.3847
188.112
111.005
134.034
138.362
183.358
18.7883
241.599
452.642
569.717
566.848
516.427
483.266
474.605
591.714
499.385
513.997
430.813
468.236
631.862
506.661
574.687
546.15
565.955
521.862
534.539
480.635
603.911
555.471
465.017
600.75
510.119
609.487
454.525
547.883
761.804
549.313
607.796
630.401
745.349
669.559
766.249
647.735
595.867
740.043
647.001
521.346
547.3
593.334
657.773
665.451
553.531
585.903
611.658
641.923
712.261
611.919
711.037
650.164
644.987
727.424
741.232
220.384
220.204
117.098
100.045
228.659
44.2041
217.083
169.859
70.5195
160.863
127.264
209.497
71.8401
239.27
18.6815
316.218
444.208
482.802
440.157
378.054
366.76
500.937
348.052
433.077
314.968
366.824
504.79
386.743
485.094
437.54
475.607
379.759
455.54
356.737
511.489
459.584
405.842
462.623
438.837
514.281
318.198
387.872
612.243
418.994
444.055
539.066
595.214
564.893
617.171
505.016
493.323
574.739
520.912
388.851
398.005
462.1
497.829
558.55
432.042
448.938
460.278
534.649
542.672
469.086
595.102
514.657
546.202
601.001
608.556
125.591
228.528
121.062
124.724
189.275
96.7678
58.6941
156.952
178.331
183.698
39.8497
207.692
92.1358
227.126
370.001
480.094
469.004
418.216
391.083
383.294
494.559
419.663
416.515
343.238
375.682
541.4
417.268
477.582
453.1
469.102
438.269
436.431
393.154
506.857
459.739
365.444
513.849
411.326
512.814
371.765
469.591
675.616
461.455
529.245
532.857
659.555
573.781
679.857
561.231
500.685
659.542
556.045
434.891
465.236
504.683
576.709
570.131
463.276
499.001
528.607
546.971
633.877
526.161
616.951
561.574
548.471
635.441
650.597
161.697
154.548
9.21954
212.434
29.0689
95.6347
188.438
88.0511
114.935
159.05
168.799
46.0435
235.213
463.206
582.664
584.086
534
497.668
488.636
608.473
508.608
531.114
443.438
482.869
645.031
519.711
591.447
560.772
582.58
532.456
552.008
492.976
620.588
571.473
483.647
612.42
528.095
625.924
465.124
556.357
772.8
561.55
616.137
647.341
756.208
685.374
777.325
659.109
611.479
748.762
660.367
533.094
557.195
605.78
666.915
681.014
566.81
597.616
621.715
657.322
720.234
623.076
725.854
662.439
661.272
741.137
754.269
145.661
170.848
144.257
174.347
170
147.122
75.1864
48.3735
238.212
47.1699
199.304
135.636
429.979
557.818
588.695
543.399
486.963
476.018
608.62
464.108
537.36
424.807
474.654
619.107
498.744
592.301
548.11
582.85
495.065
559.762
469.004
619.662
567.825
503.607
578.055
540.749
623.08
431.975
504.75
729.077
533.085
561.135
647.321
712.051
676.047
733.989
621.116
603.384
691.801
635.198
502.956
514.191
576.68
614.884
670.058
544.885
564.15
576.888
646.023
659.64
585.042
708.369
630.079
656.068
715.761
724.069
160.91
69.2892
140.584
76.6616
38.0789
137.441
118.596
110.218
107.629
157.762
106.066
314.841
438.737
454.96
407.344
359.113
349.013
476.954
357.577
402.449
300.326
345.371
501.209
376.703
460.179
422.019
450.894
383.604
424.5
348.382
488.565
437.484
363.6
465.249
403.491
492.879
316.811
404.144
623.687
416.016
463.625
516.047
606.898
549.364
628.341
511.097
475.509
596.433
516.962
386.65
406.975
460.418
515.241
544.155
423.926
450.628
471.492
520.116
567.19
474.802
586.192
516.33
527.23
598.178
609.509
220.002
28.2843
99.0404
195.412
97.0052
124.149
159.524
177.91
40.3113
243.479
467.757
586.476
586.308
536.076
500.953
492.051
610.892
513.577
533.375
447.321
486.067
648.779
523.474
593.863
563.993
585.048
537.018
554.13
496.969
623.041
574.181
485.264
616.66
530.001
628.473
469.665
561.555
777.278
565.594
621.386
649.693
760.727
688.172
781.778
663.452
614.343
753.923
664.05
537.291
561.976
609.765
671.941
683.907
570.506
601.839
626.461
660.273
725.603
627.481
729.03
666.49
663.886
744.71
758.077
203.59
145.362
32.3883
169.815
140.036
173.012
97.1648
223.213
41
286.175
413.818
445.982
401.92
343.076
332.038
465.214
322.307
395.335
280.672
331.062
475.341
354.497
449.055
403.937
439.582
352.172
417.8
324.785
476.098
424.199
365.396
435.139
400.005
479.326
288.174
365.131
588.67
389.289
423.043
503.748
571.68
531.836
593.507
479.004
459.315
555.195
491.407
359.201
372.465
433.094
476.202
525.817
400.712
421.043
435.993
501.789
524.218
442.764
564.22
487.083
512.06
572.171
581.07
73.0548
176.799
105.081
126.099
131.24
173.77
25
230.552
442.435
560.059
558.474
508.166
473.973
465.207
583.175
488.943
505.57
421.046
459.004
622.268
497.016
566.146
536.932
557.366
511.676
526.243
470.814
595.345
546.674
457.158
590.8
502.009
600.841
444.325
537.327
751.729
539.482
597.227
621.93
735.245
660.719
756.191
637.727
586.952
729.548
637.459
511.4
536.985
583.559
647.34
656.531
543.953
575.96
601.383
632.949
701.647
601.861
701.898
640.357
636.296
717.981
731.618
114.739
124.631
126.016
74.0608
149.683
84.6286
179.324
369.381
487.443
489.001
439.138
402.061
393.081
513.165
416
436
348.312
387.242
549.739
424.436
496.145
465.151
487.231
438.622
457.07
398.001
525.244
475.946
389.667
517.849
433.509
530.499
371.271
464.535
678.7
466.648
524.455
552.091
662.205
589.797
683.169
564.734
515.88
656.665
565.011
438.458
463.953
510.784
574.388
585.404
471.466
503.016
528.337
561.699
628.955
528.842
630.227
567.539
565.796
645.689
659.042
157.544
132.034
141.032
102.421
195.021
72.111
291.83
418.043
442.449
396.561
342.584
331.958
463.056
331.658
390.749
281.642
329.662
480.204
357.14
446.557
404.695
437.146
359.58
413.098
328.006
474.318
422.67
356.546
442.096
393.732
478.079
293.825
376.662
598.462
394.367
435.571
501.953
581.557
532.643
603.209
487.091
459.305
568.283
496.145
364.549
381.577
438.603
487.985
527.011
404.031
427.691
445.795
502.928
538.221
450.747
567.286
493.705
511.674
577.281
587.433
34.6554
198.6
94.7945
129.294
178.718
449.16
574.683
592.16
544.163
496.403
486.202
614.343
489.094
539.523
437.01
482.756
637.018
513.14
597.546
559.201
588.276
517.102
561.471
484.413
625.979
574.924
498.964
599.534
539.968
630.317
451.151
533.541
755.916
551.381
592.035
653.444
738.995
686.7
760.677
644.629
612.889
724.493
652.886
521.693
539.067
595.702
644.829
681.423
560.258
585.085
603.209
657.368
693.808
608.284
723.011
651.055
664.664
734.091
744.67
197.385
60.1415
151.083
145.413
423.426
550.008
572.344
525.298
474.14
463.643
593.709
461.658
520.1
413.586
460.943
612.099
489.173
577.062
536.493
567.706
490.633
542.274
460.027
605.142
553.701
482.17
573.397
521.707
609.144
425.424
505.083
728.32
526.186
563.078
632.724
711.351
664.364
733.13
617.92
590.854
695.193
628.064
496.291
511.769
570.351
616.209
658.825
536.06
559.097
575.587
634.742
664.082
581.606
699.315
625.156
643.044
709.159
719.005
210.19
130.188
213.115
330.927
440.266
429.959
379.269
351.241
343.444
455.334
380.963
377.345
303.592
335.847
501.552
377.461
438.339
413.299
429.796
398.964
397.457
353.477
467.611
420.214
327.055
474.157
372.592
473.483
332.67
431.045
635.928
421.717
490.567
493.746
619.901
534.297
640.154
521.552
461.091
620.458
516.196
395.275
426.104
464.888
537.607
530.574
423.435
459.315
489.286
507.359
595.117
486.556
577.256
521.771
509.117
595.615
610.748
198.295
90.5207
382.817
510.649
542.303
497.426
440.093
429.104
561.965
417.235
491.2
377.809
427.908
571.953
451.612
545.708
501.091
536.247
448.018
513.63
421.855
572.943
521.076
458.656
531.015
495.02
576.279
384.813
458.314
682.555
485.927
515.057
600.601
665.532
629
687.451
574.223
556.429
646.136
588.043
455.8
467.347
529.544
568.705
622.981
497.724
517.078
530.224
598.953
614.238
538.112
661.203
583.031
609.147
668.629
677.027
252.05
451.247
566.34
560.061
509.419
478.879
470.524
585.293
498.889
507.372
427.908
463.692
628.246
503.289
568.283
541.499
559.671
520.324
527.595
477.85
597.546
549.706
457.185
598.306
502.78
603.312
453.1
547.855
759.718
546.503
607.787
623.796
743.377
663.833
764.101
645.462
590.371
739.638
643.218
518.946
546.24
590.31
657.133
659.93
549.918
583.442
610.398
636.553
712.414
609.846
706.071
647.211
638.903
723.306
737.625
299.207
427.13
467.77
425.851
362.398
351.027
485.433
330.183
418.527
299.176
351.484
487.463
370.196
469.729
421.343
460.245
362.163
440.965
340.147
495.849
443.984
392.944
444.946
424.859
498.478
301.179
369.597
593.974
401.782
425.603
523.378
576.945
548.435
598.91
487.083
477.21
556.167
503.587
371.656
380.064
444.708
479.409
542.001
415.202
431.342
442.137
518.152
524.055
451.217
578.049
496.968
530.096
583.504
590.814
128.004
185.699
159.762
80.604
69.8928
196.367
52.4023
149.03
42.2019
79.1581
189.169
73.3485
183.003
126.59
174.011
69.2604
168.241
44.1022
204.941
155.425
161.771
150.473
164.985
205.828
2
102.552
309.613
103.121
160.602
231.366
293.002
250.492
314.162
196.329
182.082
289.546
205.244
73.0274
95.2575
147.003
206.708
243.68
116.181
135.945
159.154
220.127
264.592
160.1
278.883
201.896
234.386
286.028
295.611
106.794
121.758
91.586
97.509
99.1615
107.187
112.361
139.262
107.187
62.514
63.0635
95.1262
45.5412
90.6697
71.3442
114.586
90.3549
101.597
75.0067
166.208
43.0465
133.135
98.1835
126.02
101.872
198.093
26.4008
113.004
121.659
183.076
126.59
201.933
86.4523
71.8679
200.385
78.2304
55.7853
72.4224
26.2488
126.574
118.966
17.8045
32.9848
79.555
96.8969
187.665
59.5399
150.921
81.8596
116.387
159.452
171.607
50.9902
107.912
119.57
27.7849
192.213
53.0094
170.473
116.73
124.085
116.516
14.7648
68.942
16.1245
161.012
32.7567
142.172
39.8121
34.0147
106.892
143.283
59.4643
47.5079
184.196
203.973
259.615
122.711
219.329
63.9531
248.809
109.59
261.905
171.094
51.4782
284.81
129.495
137.437
173.925
123.199
223.973
108.407
98.7623
138.091
183.134
89.6437
280.644
158.808
158.808
153.629
82.0792
187.723
209.538
79.404
89.8721
77.7946
179.627
11.4018
135.207
82.134
158.673
102.84
61.4654
76.243
54.5894
154.871
18.2483
120.304
90.1388
54.5619
56.7979
163.982
11.6619
97.1442
158.644
203.63
299.867
127.664
232.131
114.935
287.587
159.531
302.645
200.831
93.0054
316.76
167.657
131.107
175.071
144.7
247.718
157.582
107.49
154.69
201.241
136.953
307.8
180.499
207.509
187.409
132.503
234.094
254.61
11.6619
123.13
103.947
68.5055
63.3246
15.6525
150.785
36.2353
107.838
63.1981
98.4124
86.6833
87.7838
41.7612
133.454
81.5966
93.5361
131.244
85.4927
136.308
79.404
137.295
289.664
79.9812
179.338
161.012
274.651
190.318
293.471
177.409
116.726
288.503
165.082
66.4831
112.894
117.597
209.602
185.043
73.9256
117.456
158.836
161.012
271.592
146.455
228.265
173.185
169.169
244.477
259.625
134.629
97.0824
79.2023
51.8652
13.6015
158.114
37.4833
119.436
73.0068
110.023
83.4865
99.0051
34.0588
144.838
93.0484
99
135.429
95.2943
147.526
68.7968
133.664
295.373
83.0963
178.734
172.351
280.08
200.721
299.294
182.236
127.424
291.606
172.8
65.5134
110.982
123.065
211.625
195.256
80.2309
121.211
160.702
171.187
273.47
150.083
237.683
179.368
180.05
252.834
267.329
195.576
78.0897
186.454
134.201
103.078
124.016
17.0294
71.4493
26.0768
162.003
59.808
152.266
12.3693
41.6293
134.261
129.869
86.9253
19.7231
194.7
200.352
234.137
119.708
208.137
39.1152
223.987
81.939
236.224
151.608
31.0161
262.886
106.231
139.703
170.417
110.318
206.785
80.6226
95.7183
127.346
169.853
62.2896
261.077
144.222
131.027
132.28
54.7083
160.312
182.455
168.238
91.7878
110
161.012
77.4726
185.602
124.631
177.859
35.8469
183.175
63.0317
201.537
158.685
196.041
115.412
187.515
200.212
51.0882
50.448
266.822
80.9938
109.604
225.22
249.904
233.692
271.588
157.013
174.23
240.751
176.921
55.9017
50.1597
118.271
158.398
225.942
102.176
102.611
114.14
204.083
214.217
121.037
253.618
167.2
222.847
254.657
260.768
125.734
72.1388
152.227
91.444
61.1882
66.8506
53.1601
143.544
22.4722
109.128
90.4268
49.2037
60
154.945
21.2132
96.7729
147.872
192.44
294.187
117.098
221.822
116.43
281.517
158.808
297.106
193.052
89.5545
309.013
162.003
119.821
164.012
135.956
238.717
156.263
97.5295
145.165
191.635
134.737
299.187
171.493
205.626
180.544
132.442
230.846
250.727
54.0833
201.718
76.531
171.094
123.321
161.645
98.0816
147.201
49.98
196.703
144.9
125.925
170.66
137.975
199.324
42.72
140
332.399
118.596
195.161
224.207
316.318
251.311
336.667
218.009
178.664
319.525
217.223
91.7061
126.811
162.521
237.034
245.489
123.794
155.801
187.224
221.416
297.059
182.989
286.002
219.365
231.465
298.304
310.846
166.388
49.8197
118.271
77.9295
108.784
97.0824
93.2363
47.0425
145.041
93.1719
86.093
146.492
86.267
148.476
78.2943
147.258
305.277
94.7629
192.023
172.696
290.227
204.039
309.095
192.855
130.138
303.416
180.613
78.7718
124.483
133.147
223.987
199.023
89.5545
132.548
173.113
175.071
285.918
161.524
242.986
188.828
182.102
259.788
275.136
125.32
109.385
92.358
110.476
126.372
145.609
152.84
97.8673
104.202
211.426
49.4065
170.238
90.3549
187.171
139.521
142.636
86.0523
121.433
103.947
129.402
83.6002
145.866
49.0918
73.0548
160.73
16.1245
116.155
115.832
42.9535
106.231
75
78.339
59.0931
80.7775
61.6847
158.07
55
92.6984
29.5466
87.2812
97.0824
109.385
111.759
53.3385
103.247
53
105.702
30.0832
132.019
84.1487
127.883
98.4784
111.463
132.593
71.5542
103.31
259.384
45.8039
143.126
158.146
243.824
178.264
263.427
145.619
108.747
254.136
140.73
30.8058
77.3692
87.4643
174.23
171.814
47.2652
84.0536
123.329
147.959
236.129
112.801
210.152
144.312
161.186
221.775
234.61
61.0328
9.48683
153.17
43.8292
139.014
29.2746
27.6586
118.186
130.015
71.1196
35.7351
181.4
194.24
245.051
112.925
206.874
56.0357
234.137
98.0816
247.386
156.605
36.7151
270.098
114.739
130.096
164.158
110
209.938
96.1769
88.7694
125.575
170
76.2758
266.205
145.279
146.294
138.924
71.3092
174.201
195.673
53.7122
92.2822
70.1142
82.7647
78.8162
34.9285
122.201
88.1419
87.5957
79.2591
124.824
135.44
234.617
54.7449
156.818
104.809
220.737
128.004
238.002
128.062
55.9732
243.655
105.119
69.0652
105.513
69.4622
171.898
122.332
32.0156
78.4474
125
98.2497
232.594
104.695
165.097
118.343
108.812
182.486
198.93
145.99
37.8021
130.096
38.0132
19.2094
111.364
127.475
64.8999
43.7379
172.43
188.215
248.395
106.892
203.246
65.192
237.002
105.65
250.89
156.605
39.6232
271.074
117.068
122.642
158.146
107.378
208.691
103.247
82.8613
122.037
167.242
82.365
265.957
143.136
152.971
139.979
79.4292
179.744
200.684
155.769
53.535
167.26
127.059
180.036
83
163.991
165.487
67.3573
50.636
240.402
45.2217
98.0816
190.245
223.761
197.851
244.976
127.577
139.302
221.964
142.415
24.0416
29.0689
83.4326
139.23
190.118
67.1789
69.1809
90.3383
168.241
198.977
91.2414
218.68
135.015
187.2
221.416
229.009
126.752
72.111
42.0476
74.4648
155.502
27.2947
79.3095
166.964
202.869
285.428
124.101
226.883
96.6902
273.629
141.693
288.043
189.621
77.1557
305.188
153.525
131.735
173.531
135.724
238.757
139.989
102.122
147.492
193.961
119.887
297.859
171.84
190.118
174.794
114.49
217.506
238.481
160.879
111.4
133.015
120.702
127.016
161.901
42.4382
101.951
282.462
68.6804
151.4
187.417
266.43
208.339
286.714
168.077
138.539
271.4
168.582
42.19
82.4197
112.805
189.497
201.854
76.0592
105.849
139.014
178.025
250.46
133.27
239.535
169.544
191.128
249.802
261.559
51.923
146.537
128.86
99.1615
8.60233
203.226
203.421
224.956
123.81
207.625
27.6586
215.335
69.7782
226.877
146.874
30.0832
256.164
99.3277
145.664
173.738
109.895
203.089
68.7968
100.265
127.758
168.514
51.7397
255.812
142.411
119.269
126.495
42.3792
149.335
171.863
109.202
114.337
66.0681
55.4437
153.808
170.141
245.375
89.0225
188.011
79.555
233.026
114.127
248.204
147.58
41.4367
263.219
113.146
103.586
140.132
94.3663
197.122
110.422
65.307
107.378
153.444
87.6413
255.891
130.495
158.433
133.135
90
182.124
201.646
209.246
47.4342
153.769
161.301
230.671
353.782
164.924
269.141
170.329
340.828
216.157
356.786
250.226
149.251
365.843
221.732
158.685
205.222
191.384
292.359
214.35
149.586
197.851
243.286
193.706
353.804
225.694
264.307
239.207
188.905
290.548
310.664
175.482
123.227
148.492
90.1388
161.771
52.8394
78.848
142.618
145.836
131.59
166.012
47.4236
99.2975
157.953
64.0078
79.404
67.6757
20.0998
83.7735
123.069
60
14.8661
40.05
106.254
144.627
16.5529
140.89
52.0384
130.511
139.262
146.014
106.513
163.976
213.235
311.243
138.311
243.016
122.972
299.055
168.861
313.984
212.492
103.856
328.422
179.067
140.431
185.003
156.263
259.237
167.26
118.6
166.027
212.551
147.146
319.401
192.01
217.412
199.023
141.51
244.639
265.409
204.071
200.025
216.363
121.38
202.074
25.5539
206.787
62.3939
218.277
139.435
26.4008
247.988
91.214
144.499
170.578
104.676
196.003
60.9016
98.3107
122.931
162.595
43.1856
248.085
136.312
111.306
118.697
35.6931
140.929
163.355
101.119
307.688
101.124
159.013
229.613
291.084
248.584
312.234
194.373
180.272
287.793
203.246
71.0282
93.4773
145.003
204.949
241.76
114.237
133.959
157.309
218.22
262.932
158.152
276.904
199.905
232.545
284.028
293.615
224.377
81.3449
59.9333
223.081
207.348
220.32
229.314
121.754
173.738
192.416
154.019
73.0068
30.0832
101.139
111.324
211.946
105.475
82.134
73.6817
193.041
164.596
89.1572
230.489
137.233
215.425
224.876
227.035
214.35
170.496
216.91
17.0294
169.594
5.09902
114.39
208.83
70.4344
132.231
240.875
216.91
172.308
116.842
164.924
215.745
176.615
152.742
173.908
100.265
149.893
125.936
116.765
193.259
88.8144
65.0692
105.019
145.726
198.565
152.958
218.504
100.185
95.0158
208.655
102.122
30.1496
51.264
44.4072
129.808
145.362
24.1661
38.2753
79.3221
123.167
191.815
67.0075
176.505
100.896
142.004
183.003
193.494
221.109
153.639
204.707
175.559
85.0412
177.89
132.816
131.826
113.252
69.029
97.8621
54.0093
196.115
124.904
81.3019
40.7063
182.464
104.709
67.1193
201.675
106.832
207.576
187.523
184.318
209.093
50.9117
218.257
152.398
50.9902
255.149
101.02
169.65
194.01
125.22
210.052
53.0094
123.11
144.059
180.887
45.5412
258.559
154.331
101.833
130.015
23.8537
135.418
159.261
163.487
22
98.4124
197.626
62.1691
120.104
224.698
200.04
157.099
100.13
158.146
200.808
160.639
135.794
165.052
88.4138
133.544
123.102
102.45
185.744
87.1436
65.5134
170.47
125.16
74.027
214.525
73.3553
181.342
194.01
119.331
182.148
8.60233
134.833
138.192
164.195
30.3645
222.812
138.6
50.9313
101.39
28.0179
85.1469
109.417
118.68
211.291
74.411
135.104
245.204
221.639
176.238
121.926
166.018
219.545
180.867
157.544
175.642
104.809
154.331
125.929
120.416
194.538
88.6454
64.4981
121.05
115.966
52.6308
126.531
107.019
60.208
57.8705
116.812
104.235
62.2415
49.2443
108.503
109.636
36.3456
116.692
23.7697
134.164
104.216
105.323
233.617
78.032
118.697
144.222
80.05
175.824
69.5845
72.1388
97.719
139.169
46.3249
230.653
113.358
117.004
102.528
52.8867
141.315
161.604
156.85
229.438
194.363
174.622
82.8553
207.964
217.8
171.143
132.412
209.669
34.9285
142.172
180.347
131.183
233.118
146.537
126.811
132.242
131.183
59.0339
110.422
64.846
93.5575
74.6726
91.6788
56.2228
157.715
67.2086
77.0779
29.2746
81.7435
81.2219
94.5569
46.5725
74.0608
147.922
174.003
47.1699
64.56
97.1854
151.212
209.308
91.2853
206.526
129.711
168.434
213.009
222.991
74.8866
111.508
185.801
75.3923
56.8243
64.56
165.849
170.414
71.3442
208.255
118.457
187.395
206.422
211.367
103.121
111.041
44.0454
19.2094
60
91.9674
163.233
36.1386
135.359
56.921
115
139.09
149.091
173.954
142.78
94.5145
50.9313
166.373
62.0081
67.2309
166.973
81.2527
192.034
145.671
137.877
127.758
129.835
155.596
24.0832
215.455
130
50.4777
93.0484
29.2062
82.4621
106.254
48.3011
94.3398
104.547
204.267
76.2758
163.518
99.2975
121.264
174.522
187.723
46.5725
111.126
156.16
29
151.714
66.0681
134.201
152.319
160.028
141.767
112.805
26.5707
163.835
68.4105
166.928
153.447
153.844
213.235
115.412
70.9366
85.4751
25.7099
98.0816
120.208
128.129
195.205
129.402
238.034
164.794
148.354
142.042
48.1041
140.46
136.015
140.036
95.4254
78.7464
37.3631
61.9839
111.018
88.0568
94
111.665
135.429
24.6982
