80
89.493
126.669
119.57
164.396
38.2753
152.118
134.715
156.541
37.1214
43.909
121.083
28.8444
137.768
38.4838
118.14
121.078
45.0111
97
126.495
115.732
153.056
116.726
94.9368
80.9506
53.2541
44.5533
223.815
320.88
144.9
218.552
257.857
57.0351
274.171
67.2309
212.462
199.472
201.102
124.201
152.643
169.706
134.618
295.244
244.248
180.834
283.097
276.725
248.421
229.02
70.6045
287.543
247.73
347.039
335.744
426.001
319.681
346.554
385.406
315.431
421.732
433.18
422.985
362.664
373.484
409.542
377.534
412.418
282.082
258.954
354.457
277.836
341.716
454.641
457.59
267.03
388.032
341.248
339.807
365.887
396.295
43.6578
36.3593
75.6637
98.326
75.1332
74.0608
68.8186
68.7677
91.2414
53.2353
86.4002
63.5689
69.3542
53.0094
92.6121
87.6641
30.4631
39.1152
50.8035
64.3817
108.6
75.4321
65.1153
57.28
93.3809
269.358
330.189
180.569
272.356
300.268
91.7061
299.294
59.1692
181.033
209.805
266.603
175.046
221.199
224.698
73.1095
284.074
236.373
246.077
304.357
280.945
296.705
270.276
141.796
287.117
228.729
290.656
259.023
342.231
245.326
258.521
313.957
251.575
357.246
370.904
350.783
299.58
317.674
341.224
321.896
356.09
217.451
183.657
272.905
221.165
263.737
378.636
389.102
183.576
333.542
256.439
260.726
298.412
335.042
50.9902
57.6975
140.89
32.2025
96.7729
57.0088
97.719
115.832
76.9415
116.056
77.6209
112.178
78.8923
127.283
130.969
31.7805
12.1655
28.2312
31.8277
147.105
114.978
106.78
100.881
136.565
312.128
365.624
223.134
315.753
342.527
135.351
338.793
102.416
206.7
247.685
310.227
218.625
264.622
268.263
95.462
313.955
268.57
289.689
343.006
315.734
339.612
312.578
184.456
320.44
257.303
249.834
215.418
300.326
201.675
220.239
270.387
209.246
314.396
328.39
307.156
257.158
276.805
297.893
281.043
314.875
175.206
140.014
230.098
181.041
220.239
335.048
345.696
141.287
292.91
215
217.366
255.265
292.836
47.3814
119.239
80.8022
45.8803
38.0789
104.005
127.016
26.0768
120.967
29.0689
91.214
28.4253
78.5684
105.929
59.4138
39.4462
72.8354
51
100.955
71.6938
68.2495
75.505
112.009
271.131
315.653
182.387
277.683
299.842
106.019
291.673
70.0071
155.926
199.529
277.541
183.415
234.94
232.157
44.5982
262.968
217.83
257.449
295.054
265.601
298.931
270.18
160.798
269.863
206.323
297.76
252.715
327.542
241.373
238.019
310.961
255.123
358.42
373.277
346.706
302.552
324.581
340.076
328.824
362.108
221.515
180.854
261.589
229.957
256.182
371.232
387.249
172.029
340.899
241.423
252.175
298.53
338.534
166.544
71.007
73.0616
10.4403
143.694
165.076
63.0635
161.697
50.5371
138.293
66.9403
115.039
153.31
84.5044
48.2597
85.9069
30.0666
140.218
115.122
114.215
122.809
159.389
312.271
342.243
224.611
320.744
339.329
153.209
325.613
117.209
172.285
232.699
323.011
228.543
281.4
276.525
71.6938
281.902
241.423
303.145
327.405
292.036
340.125
310.155
208.166
293.9
224.829
272.254
214.443
282.809
205.412
191.212
274.824
226.497
325.712
341.621
309.26
272.391
298.402
305.321
302.605
334.432
194.402
147.787
219.313
208.147
216.813
330.938
351.433
131.061
315
196.987
212.059
265.505
308.415
170.262
120.652
157.29
70.1783
81.8596
112.401
66.6408
129.865
29.0172
108.747
96.2133
15
115.741
137.441
137.058
162.003
85.6154
72.1249
61.6117
43.7379
10
188.175
282.689
106.944
185.068
221.822
23.7065
236.129
51.8941
182.003
161.623
172.235
88.3912
125
136.033
120.95
259.002
208.01
151.638
244.902
238.902
213.621
192.575
43.566
250.056
213.413
375.757
355.557
440.556
340.801
355.563
408.271
341.33
447.836
460.185
445.566
389.102
402.513
433.97
406.636
441.439
307.456
279.26
370.951
305.997
360.756
475.143
482.066
281.823
417.538
354.746
358.109
390.541
423.558
125.539
74.8131
119.507
133.881
106.832
137.186
104.652
142.046
109.202
158.619
161.276
55.3263
41.7732
37.6563
41.1096
179.067
147.122
138.957
131.848
166.676
344.205
396.434
255.249
347.49
374.703
166.388
370.742
134.239
234.401
279.351
340.978
250.108
294.822
299.767
124.169
342.778
298.444
320.395
374.769
346.4
371.646
344.746
213.694
350.584
285.829
217.862
185.3
274.046
170.763
199.86
239.002
177.045
282.294
296.211
275.986
224.964
244.806
266.092
249.046
282.781
143.003
109.11
202.356
149.402
190.625
304.884
313.982
115.434
260.969
189.953
188.247
223.305
260.634
62.9682
131.095
154.777
21.095
145.121
22.8035
98.3514
21.095
43.1741
105.688
102.396
85
118.127
90.6091
69.2315
52.2015
59.1692
82.0244
111.306
240.709
272.25
154.557
250.833
266.852
100.623
252.733
69.6563
110.055
159.841
257.095
163.028
219.107
208.777
1.41421
217.368
173.104
238.002
254.88
222.029
268.509
237.945
155.618
225.417
160.58
340.365
287.472
353.345
278.065
258.132
347.6
296.285
397.555
413.073
382.256
343.07
366.98
377.8
371.214
403.937
263.23
219.329
291.815
273.6
289.872
403.864
424.199
204.071
383.438
268.198
285.077
337.38
379.138
137.437
159.364
52.6308
155.206
40.3113
129.283
56.5155
104.695
143.851
80.9938
46.2385
85.0706
33.9559
129.808
104.738
104.077
113.565
149.933
301.851
333.108
214.17
310.306
328.976
143.422
315.66
107.466
164.21
222.751
312.7
218.213
271.266
266.13
61.5873
273.748
232.551
292.865
317.605
282.875
329.706
299.775
198.58
285.047
216.622
280.601
224.511
293.234
215.205
201.358
284.691
235.274
335.179
350.956
319.288
281.46
306.889
315.04
311.103
343.185
202.872
157.08
229.706
215.745
226.991
341.229
361.298
141.322
323.459
207.425
222.302
274.973
317.511
23.7065
113.371
18.3848
127.883
54.7083
111.414
129.653
70.7107
66.2193
100.225
82.0975
127.122
132.639
104.12
89.0898
61.0737
72.9452
258.312
347.497
176.119
254.372
292
81.8596
304.631
75.0067
223.808
224.876
238.076
158.493
189.679
205.373
130.614
315.228
264.683
217.745
312.656
301.438
283.551
262.732
107.336
310.942
264.371
309.919
300.816
393.326
284.271
317.506
349.285
278.627
384.832
396.158
386.908
325.738
336.363
372.979
340.414
375.299
245.422
224.083
321.002
240.751
307.103
419.228
420.986
234.94
350.926
309.458
305.531
329.304
359.255
137.058
15.2315
151.433
73.2462
135.118
151.908
86.1278
84.0773
119.887
96.3016
146.485
153.013
126.02
111.018
82.3893
86.977
267.24
363.676
188.733
261
301.4
97.9847
317.972
96.7471
245.837
241.63
241.019
167.863
192.427
212.434
154.305
334.731
283.924
221.145
326.741
318.693
291.446
272.723
112.45
328.897
285.016
311.236
310.232
405.691
292.828
333.521
355.924
283.049
388.415
398.83
393.573
329.304
337.203
378.144
341.157
375.985
250.667
234.002
332.602
243.189
317.039
427.376
425.893
248.574
351.177
323.051
316.014
334.516
361.831
128.456
17.4642
87.1321
4
53.8238
97.8621
81.3019
65.5134
97.2677
74.8131
77.8203
52.345
53.7587
70.4911
103.817
249.576
289.705
161.608
257.69
277.281
95.0789
266.903
60.5392
130.648
174.413
260.509
165.979
220.002
213.591
20.025
237.065
191.755
240.832
269.898
239.616
277.431
247.873
150.864
243.791
180.546
323.371
275.182
345.861
264.683
253.237
334.325
280.243
382.838
397.955
369.628
327.466
350.139
363.918
354.38
387.497
246.806
204.832
281.952
255.828
278.167
392.868
410.797
193.023
366.502
260.048
273.788
322.8
363.496
143.68
59
126.194
139.27
71.0634
84.4808
118.596
99.6092
145.499
139.058
113.159
98.27
69.4262
71.7844
252.533
348.511
173.54
246.781
286.625
82.9759
302.764
83.9524
232.8
226.55
227.846
153.003
179.254
198.071
144.755
320.226
269.357
207.8
311.512
303.659
276.957
257.841
98.3514
313.982
271.017
322.273
317.068
410.645
300.167
335.672
364.387
292.617
398.46
409.308
402.04
339.324
348.462
387.398
352.46
387.331
259.788
240.468
338.053
253.663
323.558
435.02
435.299
252.557
362.691
327.099
322.188
343.722
372.336
104.446
21.1896
64.622
115.317
88.459
65.521
101.4
68.2495
90.1388
68.0074
70.8308
87.818
121.264
262.162
294.646
175.111
271.413
288.877
112.361
275.51
78
129.769
182.628
275.801
181.334
236.136
228.254
21.4009
238.271
195
256.33
277.683
244.403
290.002
259.788
168.134
247.421
181.246
318.044
264.802
332.146
255.28
238.16
324.829
273.695
374.767
390.314
359.555
320.383
344.595
355
348.827
381.42
240.753
196.543
269.704
251.676
267.301
381.473
401.424
181.596
361.083
246.678
262.589
314.587
356.452
83.7616
82.6378
19.7231
88.2383
108.462
110.023
133
80.0999
56.4624
42.5441
16.6433
24.6982
209.781
292.857
124.197
209.122
242.588
28.4253
251.334
29.2062
174.748
170.188
199.251
111.252
152.778
160.378
98.4124
261.503
210.737
178.639
258.861
246.739
236.136
212.84
72.4431
256.363
212.021
350.595
327.232
411.577
312.776
326.676
380.622
314.859
421.275
434.005
417.8
362.77
377.477
406.787
381.635
416.329
280.85
251.149
342.13
280.713
332.285
446.861
454.852
252.907
392.759
325.744
329.521
363.494
397.549
50.6063
94.1541
81.7435
67.6757
98.3717
78.0064
74.2428
48.3735
49.8197
67.1193
100.09
245.862
287.237
157.801
253.842
273.695
91.214
263.782
56.8595
129.541
171.406
256.533
162.003
216.002
209.659
20.2237
235.372
189.679
236.846
266.918
237.2
273.715
244.248
146.997
241.599
179.011
326.106
278.706
349.748
268.076
257.218
337.717
283.196
386.012
401.059
373.097
330.494
352.904
367.222
357.146
390.346
249.69
208.087
285.701
258.38
281.753
396.506
414.162
196.698
369.242
263.911
277.417
326.006
366.509
81.8413
123.065
116.846
142.78
128.6
26.1725
26.2488
41
69.857
86.2148
197.649
238.562
111.463
207.694
224.29
73
213.19
55.3173
94.1913
120.967
215.021
121.696
178.885
166.193
44.3847
191.971
143.781
196.308
216.49
188.905
225.471
195.167
123.146
194.589
137.674
376.191
328.694
396.445
318.446
301.251
388.085
333.678
436.617
451.656
423.264
381.047
403.051
417.738
407.294
440.655
300.083
258.652
334.311
308.021
331.472
445.899
464.583
245.978
419.329
311.169
326.914
376.602
417.049
107.838
126.59
129.692
150.333
73.0821
57.3149
46.6154
31.0161
6.08276
190.434
277.651
105.802
189.433
223.446
12.0416
233.94
37.3363
169.499
155.502
179.778
91.6079
133.664
140.663
106
250.242
199.251
159.176
241.963
232.596
216.64
193.794
55.0364
243.016
202.988
370.3
346.286
429.471
332.039
343.176
400.05
334.552
440.954
453.715
437.175
382.472
397.175
426.358
401.33
436.033
300.533
270.379
360.547
300.421
351.204
465.927
474.41
271.118
412.438
343.494
348.312
383.099
417.267
36.7967
22.2036
62.6817
138.398
105.119
93.723
80.1561
112.925
295.042
360.323
206.932
296.355
326.719
114.237
328.123
85.6329
210.858
239.47
287.467
198.457
240.684
247.97
101.316
314.493
266.833
266.852
333.588
311.207
322.047
296.731
158.928
317.522
259.023
264.017
240.26
329.002
225.142
251.319
292.549
226.896
333.204
346.182
329.826
274.875
291.007
318.55
295.203
329.679
192.824
163.713
257.63
194.201
245.791
359.707
366.617
170.047
306.624
244.346
243.528
275.264
309.898
39.0512
26.9258
137.535
106.019
98.8838
95.901
132.371
304.401
354.803
215.335
308.869
334.325
130
329.14
95.8593
194.795
237.605
304.803
212.313
259.887
261.842
83.672
302.318
257.266
284.345
333.048
304.821
332.006
304.436
180.898
309.26
245.579
259.532
221.109
303.117
208.147
220.193
277.281
218.037
322.56
336.886
313.747
265.801
286.449
305.378
290.691
324.299
184.133
146.697
233.985
191.175
225.497
340.577
353.001
144.534
302.655
217.332
222.252
263.097
301.624
58.8218
159.402
126.21
115.365
102.343
134.659
317.246
380.875
229.107
318.473
348.901
136.341
349.794
107.713
227.882
260.601
309.095
220.554
262.057
270.026
116.927
333.156
286.225
288.481
355.046
331.507
344.246
318.911
179.936
337.356
277.157
241.814
220.132
311.231
204.475
237.255
271.33
204.883
311.262
324.119
308.717
252.834
268.805
296.933
273.002
307.475
170.845
143.377
239.052
172.003
226
339.299
345.023
152.948
284.431
227.491
224.083
253.553
287.785
151.793
122.577
117.953
119.34
156.259
322.064
362.836
233.225
328.184
350.839
152.594
341.713
117.277
196.596
249.161
326.497
232.964
282.606
282.11
89.1964
305.812
263.213
306.198
344.595
312.604
349.847
321.179
205.156
315.653
248.685
249.804
201.777
279.33
190.394
194.139
260
205.779
308.026
323.167
295.706
252.794
276.384
289.277
280.617
313.345
172.627
130.096
211.74
183.611
205.387
320.512
336.341
122.004
292.857
193.256
201.547
248.002
288.846
33.2866
46.2385
71.7008
75.9605
172.07
222.146
85.3288
181.604
199.462
62.0322
191.69
58.6941
96.4624
101.213
189.095
96.3379
154.029
140.089
70.406
182.822
132.673
170.575
196.084
173.528
199.92
170.074
104.69
181.069
132.004
396.914
352.943
422.246
342.142
327.361
411.768
355.46
459.296
474.004
447.282
403.1
423.869
441.022
428.109
461.816
321.629
281.801
359.507
328.098
355.985
470.673
488.133
270.795
440.005
336.816
351.602
399.46
439.005
15.0333
43.7379
62.2415
199.489
255.392
110.693
206.184
228.615
50
224.163
29.2746
119.821
134.402
208.166
113.635
168.146
161.409
52.8867
213.925
164.469
188.521
228.974
206.62
227.271
198.829
103.788
213.771
161.124
364.737
324.353
397.854
312.706
305.577
382.205
324.006
428.515
442.904
418.169
371.809
391.726
410.911
395.961
429.849
290.043
251.794
332.988
295.655
327.873
442.923
458.312
243.578
407.774
311.905
323.858
368.917
407.604
28.8617
52.1536
205.529
268.002
116.469
210.395
235.748
41.7852
234.438
14.3178
134.837
146.185
209.296
115.209
167.192
164.174
59.5399
228.32
178.572
189.235
239.885
219.659
233.122
205.798
97.4166
227.306
175.923
355.687
319.232
395.79
306.844
305.419
376.108
315.978
421.142
435.167
412.438
363.918
382.702
404.25
386.928
421.046
281.902
245.524
329.528
286.262
323.155
438.321
451.885
239.842
398.61
309.672
319.453
361.865
399.546
37
215
289.993
127.405
216.317
246.986
34.5398
251.813
14.5602
163.487
167.287
209.347
118.533
164
168.155
82.0366
254.49
204.159
188.809
258.496
242.745
241.919
217.039
86.0058
251.446
203.298
344.093
316.291
398.549
302.443
312.231
370.85
306.863
413.011
426.203
407.804
354.87
371.066
397.695
375.255
409.782
272.753
240.759
329.879
274.235
321.014
435.911
445.669
240.352
386.602
312.541
317.97
354.645
389.997
186.724
276.74
103.175
185.068
219.966
13.9284
231.847
43.3244
172.409
155.003
174.554
87.4586
128.16
136.18
111.647
251.05
200.04
153.942
240.169
232.228
212.702
190.434
49.0102
242.99
204.658
374.819
351.791
435.332
337.427
349.206
405.316
339.438
445.88
458.53
442.485
387.324
401.663
431.474
405.809
440.545
305.452
275.786
366.285
304.962
356.77
471.429
479.541
276.904
416.857
349.378
353.929
388.167
422.03
144.669
89.0674
27.2029
34.4819
181.813
77.4919
210.24
196.787
102.391
69.4622
99.8248
93.771
57.3847
241.961
178.281
149.003
72.4431
92.0272
130.384
27.8568
13.8924
155.872
147.411
177.192
559.057
523.837
594.054
512.079
497.941
581.485
520.93
626.499
640.262
617.603
568.938
586.042
609.777
590.235
624.719
486.803
450.941
531.504
489.22
527.273
642.228
657.384
442.54
601.601
508.811
523.129
567.359
604.358
179.889
171.094
125.642
265.979
67.5426
279.063
174.837
122.772
214.107
209.538
231.482
190.379
273.66
79.0759
101.671
215.52
52.8015
50.2494
147.34
130.973
267.172
51
124.908
612.614
553.397
601.446
546.48
500.128
615.137
568.23
667.69
683.802
647.877
614.567
639.22
646.443
643.453
676.036
535.397
490.026
550.828
545.517
554.294
664.267
691.466
468.898
655.687
522.289
548.482
607.524
650.614
96.3172
119.808
95.7758
129.283
121.606
138.679
68.6222
107.079
32.8938
82.801
56.8859
155.724
173
125.718
90.7579
138.578
141.227
116.726
89.8109
87.367
155.168
143.45
470.821
434.99
507.209
423.065
412.689
492.441
432.112
537.53
551.403
528.613
480.101
497.829
520.712
502.036
536.4
397.997
361.885
443.428
401.08
438.564
553.615
568.318
354.171
513.522
421.561
434.545
478.323
515.606
52.0096
182.132
103.619
213.338
217.083
124.064
43.4166
97.9439
76.3217
49.0408
252.01
205.066
173.948
50.636
118.309
157.493
33.5261
41.0488
148.553
174.522
201.358
559.708
529.623
603.457
517.015
508.945
586.059
523.179
629.299
642.511
622.615
571.183
586.598
613.58
590.756
625.442
489.07
455.517
539.171
489.82
533.521
648.676
661.436
449.704
601.87
517.731
529.728
570.729
606.252
214.394
59.4643
241.4
211.021
117.273
94.5304
133.686
126.372
91.7061
268.157
173.416
153.574
102.396
73.8783
123.422
21.9317
30
190.287
139.846
183.358
590.628
552.35
619.549
541.201
522.121
610.757
551.696
656.841
670.914
646.537
599.654
617.637
639.519
621.844
656.202
517.602
480.405
558.579
520.885
555.446
670.099
686.921
470.188
633.325
534.883
551.047
597.415
635.239
223.134
36.0139
158.483
143.68
174.909
84.22
130.05
133.765
101.079
238.21
187.216
154.402
230.887
220.708
208.403
184.589
55.7853
231.037
191.157
377.774
350.721
431.912
336.964
344.001
405.39
341.116
447.353
460.417
442.34
389.104
404.709
432.19
408.883
443.497
307.026
275.282
363.815
307.883
355.36
470.32
480.177
274.171
420.119
345.811
352.227
389.102
424.124
243.167
175.847
92.9139
146.779
154.402
167.362
127.004
254.126
117.273
108.042
149.255
14.7648
67.4166
80.604
64.0312
213.506
82.7345
138
588.6
540.009
598.773
530.79
499.001
600.333
546.773
649.726
664.841
634.856
594.22
615.549
630.448
619.789
653.435
513.069
471.615
542.175
519.747
542.092
655.176
676.932
456.12
631.694
516.097
537.004
589.652
630.206
149.091
156.668
209.308
116.456
165.469
166.012
69.814
241.423
191.366
188.958
249.239
231.234
237.548
211.4
91.2414
239.41
189.594
349.245
316.967
396.415
303.849
308.006
372.755
310.698
416.416
430.043
409.414
358.71
376.258
400.281
380.468
414.802
276.568
242.266
328.901
279.551
321.288
436.406
448.108
239.176
391.996
310.281
317.907
357.543
394.119
94.6414
241.35
166.066
221.359
192.302
111.328
109.622
73.5731
227.66
172.662
126.052
221.199
188.175
195.533
124.471
52.6308
444.531
379.389
427.463
373.363
326.497
441.418
398.448
495.138
511.708
473.565
443.65
470.619
473.08
474.814
506.333
366.652
318.812
376.005
379.907
379.961
489.434
517.487
295.007
487.23
347.52
374.001
435.175
479.527
153.379
101.514
144.807
108.208
161.236
104.403
57.9828
143.178
95.5249
77.2787
126.57
93.5361
152.643
89.0505
80.1561
497.097
447.103
507.385
437.905
408.383
507.434
454.599
557.072
572.325
541.946
501.878
523.978
537.61
528.221
561.621
421.043
378.893
449.65
428.696
449.227
562.499
584.036
363.266
540.23
424.044
444.185
496.955
537.904
94.5304
48.6004
50.2195
258.124
243.403
207.82
20.6155
161.4
197.517
74.0068
83.2586
130.863
214.478
233.212
547.418
525.625
605.083
511.713
513.741
579.828
513.565
620.071
632.368
616.936
561.324
574.042
606.001
578.13
612.99
479.683
450.032
538.199
477.825
530.253
645.229
654.077
448.465
588.81
518.957
527.053
562.648
595.691
58.1893
49.6588
164.012
205.876
158.496
75.0267
165.197
173.046
125.32
104.862
59.1354
187.417
175.328
461.79
433.417
510.883
420.24
419.211
488.999
425.329
531.534
544.637
525.77
473.321
488.692
516.14
492.855
527.523
391.234
358.615
444.668
391.899
437.676
552.818
564.075
354.949
504.005
424.796
434.195
473.152
508.338
41.2311
220.005
245.253
202.625
29
180.898
204.834
109.786
105.119
82.7345
221
223.808
499.296
479.942
561.869
465.549
472.61
533.234
466.044
572.554
584.624
570.488
513.697
525.861
558.95
529.936
564.809
432.261
403.927
493.822
429.806
484.861
599.582
607.049
404.209
540.545
475.742
481.922
515.493
547.878
209.862
205.643
165.097
35.5106
140.228
164.003
79.2023
66.7083
100.125
180.336
188.282
510.956
482.912
559.247
469.847
466.412
538.645
474.865
581.118
594.142
575.392
522.843
537.82
565.796
541.97
576.688
440.783
408.236
493.68
441.082
487.083
602.244
613.734
404.011
553.036
473.255
483.517
522.793
557.79
218.717
174.496
239
256.285
223.439
269.765
239.232
156.17
226.815
161.914
338.954
286.094
352.098
276.669
256.971
346.208
294.871
396.146
411.661
380.875
341.656
365.568
376.4
369.803
402.523
261.817
217.92
290.493
272.2
288.506
402.517
422.806
202.714
382.027
266.923
283.72
335.972
377.725
51.0098
238.076
105.948
50.1199
192.042
165.012
255.812
34.7851
57.1402
554.153
487.197
528.64
481.976
427.126
549.444
508.016
603.928
620.69
580.762
553.03
580.235
581.381
584.429
615.872
476.274
428.229
481.586
489.326
487.283
594.613
625.122
403.14
596.848
451.811
481.041
544.118
588.847
199.424
102.259
52.4786
168.434
137.321
205.976
52.4976
30.1496
512.875
451.758
500.993
445.018
399.941
513.553
467.823
566.414
582.671
546.21
513.798
539.308
544.942
543.53
575.736
435.326
389.073
449.298
446.643
452.625
562.755
589.841
367.266
555.844
421.029
446.813
506.29
549.805
163.478
194.258
83.9524
85.3288
110.454
210.983
223.332
526.924
505.099
584.962
491.138
494.054
559.225
492.967
599.471
611.791
596.343
540.735
553.568
585.385
557.66
592.515
459.078
429.46
517.858
457.305
509.762
624.712
633.462
428.133
568.37
498.824
506.596
542.033
575.125
57.0701
95.2103
78.4474
224.109
71.1688
131.643
592.571
541.513
597.967
532.8
497.727
602.224
550.114
652.376
667.728
636.38
597.358
619.466
632.637
623.708
657.14
516.568
474.157
542.623
524.047
543.332
655.843
678.832
457.359
635.699
515.963
538.075
592.224
633.392
142.436
116.778
228
17.0294
78.7464
562.392
503.572
553.451
496.448
452.359
565.212
517.981
617.557
633.624
598.148
564.335
588.986
596.433
593.219
625.788
485.153
439.823
501.618
495.387
504.6
615.081
641.6
419.068
605.459
473.469
498.871
557.38
600.384
33.0606
179.287
159.154
197.649
586.008
551.624
621.846
539.79
525.575
609.164
548.234
653.924
667.587
645.332
596.25
612.974
637.36
617.159
651.701
514.102
478.602
559.361
516.14
555.09
670.06
685.007
470.389
628.462
536.639
550.963
594.871
631.605
162.496
133.795
166.012
560.63
522.794
591.03
511.494
494.136
581.023
521.725
626.919
640.956
616.884
569.689
587.639
609.693
591.846
626.202
487.627
450.618
529.462
490.89
525.985
640.74
657.137
440.868
603.332
506.123
521.66
567.532
605.26
241.251
217.35
416.602
398.99
484.004
384.069
398.212
451.266
383.416
489.915
501.908
488.636
431.02
443.199
476.592
447.282
482.147
349.693
322.596
414.513
347.079
404.254
518.541
524.696
325.346
457.948
398.132
401.647
433.073
465.151
73.9256
565.354
503.672
550.514
497.209
449.169
565.584
520.317
618.719
635.039
597.971
566.258
591.798
597.081
596.021
628.232
487.821
441.509
500.405
499.009
504.366
613.802
641.776
419.218
608.331
471.632
498.448
558.622
602.257
497.081
431.483
476.606
425.763
375.247
493.611
451.071
547.609
564.238
525.435
496.271
523.206
525.381
527.403
558.961
419.223
371.436
427.142
432.186
431.856
540.448
569.541
347.207
539.812
398.045
425.776
487.689
532.139
108.259
193.6
96.0833
214.401
86.3134
49.0408
83.0542
89.2693
112.712
34.8281
27.0185
85.7963
31.241
65.7343
77.9359
128.86
144.845
69.8928
116.662
155.235
125.782
165.677
43.1393
171.82
124.197
57.3847
53.0848
106.005
20.5913
106.471
62.3699
69.1158
119.708
137.83
94.8683
84.1487
123.004
94.8103
126.016
145.784
76.8505
76.7919
38.833
104.35
9.89949
119.641
138.105
84.5044
137.233
63.6396
16.1555
65
113.323
126.59
101.514
109.659
169.009
155.541
172.29
104.235
160.031
196.492
129.12
197.709
200.504
182.705
174.195
73.9797
209.122
96.6075
84.6463
141.287
159.079
204.919
86.1452
94.3398
136.484
170.097
119.331
69.6419
52.2015
122.025
139.201
105.603
77.4919
114.272
100.005
117.712
141.51
56.3028
61.6847
58
84.22
30.2324
134.974
146.168
79.404
129.634
77.8332
34.6554
62.9682
110.463
156.109
171.292
215.133
233.805
173.851
190.066
229.264
187.257
232.138
249.064
165.027
128.144
74.9667
195.01
99.0454
174.201
218.753
91.2634
243.008
43.0116
91.0879
169.106
216.023
77.9295
59.4643
78.1089
37.6563
51.6236
86.8332
32.7567
88.1022
95.3362
106.17
130.587
81.2527
122.642
63.8122
75.3127
76.6094
146.414
95.8593
114.56
71.1969
29.6816
62.8013
106.513
119.365
114.11
48.0208
72.9452
95.352
77.026
107.935
34.1321
80.6226
107.912
44.7214
78.7718
153.222
142.864
116.662
89.5545
130.035
85.0882
52.1536
83.6002
18.6815
51.8652
59.1354
65.146
28.1603
63.3246
48.0104
140.428
178.227
140.52
145.523
122.54
88.4081
43.4166
201.308
62.9682
173.954
130.188
60.208
30.5941
68.0661
71.3442
67.0298
46.6905
64.195
39.1152
153.496
193.876
159.201
155.666
140.943
100.722
47.0106
218.6
60.1664
192.627
148.647
76.5768
37
78.924
104.89
29
104.69
98.8383
143.59
167.156
102.626
158.534
93.6056
42.5441
45.4863
179.201
108.577
135.831
99.7246
62.6498
72.3464
39.4588
53.7587
42.107
64.405
82.1523
124.844
117.239
86.6833
91.022
121.248
98.326
154.738
53.0848
147.054
99.0051
23.7065
36.0694
76.0592
4.24264
38.9487
104.019
153.561
156.697
96.8349
130.246
146.82
108.522
188.215
16.6433
186.269
138.177
62.3618
34.9285
75.743
71.5122
127.613
159.223
112.894
138.232
96.566
70.8025
48.1041
178.241
79.6492
146.441
103.942
43.6807
43.4166
34.8855
108.231
157.648
159.261
101.02
133.094
146.349
106.569
192.065
12.53
189.13
141.057
64.5368
33.6155
140.73
187.856
174.347
135.624
151.251
136.4
86.0233
219.135
25.4951
206.4
159.305
80.8084
33.0606
53.1507
113.569
30.0167
86.5332
180.178
175.57
95
120.603
127.64
90.4268
83.9345
117.644
100.225
78.1025
83.0963
196.003
206.519
44.3847
170.176
99.6444
82.0975
118.068
160.776
142.144
29.1548
113.464
148.111
89.7385
169.579
33.6155
23.3452
95.1893
141.287
114.215
197.942
184.7
121.926
112.446
157.547
118.828
96.0833
118.68
115.169
137.902
85.9826
144.003
56.0357
8.06226
70.5762
118.457
60.208
199.922
149.215
143.01
119.101
103.446
113.278
222.576
105.119
181.276
144.423
91.7061
73.9797
204.475
74.5453
81.0062
142.302
189.169
200.002
152.013
74.4312
36.2353
48.0937
126.194
173.401
78.6384
126.495
48.3839
