80
161.617
38.833
70.0071
45.8803
25.5539
123.406
132.015
140.218
157.41
137.931
108.19
119.218
117.107
91.351
77.8781
91.2853
92.228
168.668
103.078
55.0818
163.954
125.228
87.8237
79.3095
150.735
659.571
682.587
699.461
654.352
651.249
634.067
699.246
633.86
671.075
601.928
636.485
667.881
648.049
623.899
682.842
644.376
625.156
712.531
679.638
681.933
671.693
736.596
621.395
576.125
699.743
631.418
371.323
332.34
325.074
318.831
301.179
364.166
357.687
338.835
310.587
330.068
303.318
294.211
348.662
340.278
359.924
327.536
336.4
308.663
357.74
331.023
317.12
343.223
330.819
343.7
332.459
350.189
327.983
284.201
151.169
223.949
174.233
145.496
124.423
184.228
145.165
113.464
169.201
223.958
43.4626
182.915
252.517
234.617
202.032
253.775
50.01
217.083
216.615
74.0068
82.7647
245.986
89.0056
138.033
754.603
785.178
782.704
757.747
751.681
720.592
791.038
703.069
771.923
690.757
730.8
752.014
711.376
721.2
770.271
707.234
700.106
804.629
756.764
769.758
751.534
826.516
694.38
657.565
792.162
713.278
532.869
493.69
486.684
479.401
462.689
525.446
519.065
500.357
471.839
491.664
464.838
455.412
509.848
501.893
521.472
488.925
497.941
469.661
519.294
491.675
478.724
504.311
492.379
504.906
494.025
511.625
489.147
445.567
73.9797
84.0773
54.7449
87.3212
165.215
165.387
174.132
168.003
84.0773
107.782
151.427
115.521
109.567
129.711
114.272
146.986
141.834
76.9025
137.233
97.2522
117.546
62.2415
173.416
698.033
720.62
738.239
692.362
689.447
672.81
737.808
672.626
709.228
640.635
674.994
706.655
686.699
662.288
721.543
683.011
663.982
751.074
718.471
720.625
710.515
775.201
660.206
614.95
738.282
670.231
386.529
351.32
341.352
340.119
319.507
377.922
371.903
353.99
330.097
347.386
321.562
314.025
368.164
357.028
375.203
346.37
351.717
329
373.076
352.051
334.349
363.067
346.342
363.167
350.121
368.657
341.44
298.721
98.0816
94.921
150.266
188.322
205.913
226.771
198.882
67.2309
180.499
171.991
57.9828
70.9366
132.544
53.2635
220.635
138.014
34.1321
209.194
169.296
71.3442
135.665
217.83
665.406
683.656
711.153
655.347
654.07
645.019
706.327
653.6
673.351
612.198
643.094
679.566
670.323
629.003
692.545
666.925
642.244
719.261
694.761
691.434
685.555
744.218
639.519
590.834
706.468
644.883
312.832
279.007
267.989
269.258
247.002
304.016
298.055
280.321
258.157
274.357
249.008
242.349
296.061
283.778
301.533
274.002
278.086
257.562
299.421
280.943
261.324
291.172
272.767
291.062
277.218
296.042
267.526
225.009
35.805
164.073
90.802
110
137.612
100.846
150
136.499
74.8131
90.6973
65.3911
45.6508
94.8103
192.925
58.4123
68.7968
193.685
157.953
77.4726
107.355
123.329
617.353
641.693
655.776
613.544
609.895
590.635
656.635
588.83
629.84
558.707
594.106
624.239
602.695
581.953
639.62
598.993
580.539
669.989
635.302
638.759
627.603
693.795
576.615
532.001
657.222
587.457
369.177
325.682
322.22
309.128
295.99
364.003
357.022
337.236
303.567
325.73
298.203
287.084
341.022
336.538
357.841
321.162
334.628
300.51
355.614
321.492
313.129
335.185
328.868
336.186
327.613
343.961
328.77
284.487
128.973
110.549
115.109
132.004
114.438
132.22
105.119
96.6902
108.24
89.1403
79.511
110.386
159.355
93.3488
75.6637
158.619
122.299
100.499
72.0902
125.3
652.663
677.324
690.38
649.192
645.441
625.412
691.795
622.126
665.408
593.609
629.365
658.878
635.406
617.353
674.501
631.646
614.369
705.173
669.4
673.665
661.916
728.869
610.257
566.319
692.417
621.884
389.741
348.891
343.127
334.045
318.251
383.301
376.628
357.393
326.933
347.554
320.426
310.466
364.837
358.022
378.344
344.193
354.889
324.524
376.14
346.342
334.712
359.217
349.228
359.918
349.748
366.956
347.385
303.31
228.178
211.518
202.062
223.933
118.406
94.1488
217.883
200.524
196.825
208.471
198.295
92.1954
222.252
162.484
70.3278
41.6773
204.436
70.6045
213.565
781.425
805.403
819.308
777.208
773.793
754.381
820.684
750.033
793.696
722.58
758.178
787.819
762.594
745.998
803.474
758.76
742.814
834.046
798.051
802.636
790.712
857.802
738.529
695.129
821.283
750.745
458.279
427.917
415.011
419.237
395.79
447.94
442.598
426.117
407.506
422.171
397.725
391.945
445.152
431.029
447.189
422.863
424.075
407.276
445.162
430.796
409.207
440.474
419.03
440.165
425.265
444.496
411.643
371.022
48.0104
91.1373
21.3776
239.677
163.343
16.5529
168.074
138.957
63.2535
173.948
221.732
69.029
156.952
232.88
207.196
149.402
158.902
63.1269
571.148
601.043
601.768
573.562
567.649
538.614
608.185
526.462
587.882
508.178
547.395
570.734
537.301
537.403
588.252
533.344
521.36
621.752
577.56
587.65
571.454
644.113
516.294
476.592
609.199
532.452
425.174
376.3
378.652
355.563
350.036
422.962
415.471
394.954
354.519
379.87
352.264
338.615
389.524
391.189
414.248
372.392
392.185
349.824
412.022
367.679
368.246
383.262
386.359
385.064
380.927
394.588
390.032
346.621
43.1856
27.4591
246.982
132.74
56.7539
197.995
169.918
100.24
202.97
187.723
110.309
178.676
202.786
183.469
181.466
141.014
15.8114
610.184
641.83
637.541
614.654
608.053
575.543
646.234
558.456
628.301
545.881
586.353
606.869
567.462
577.17
625.218
563.373
555.083
659.831
611.697
624.725
606.387
681.542
549.459
512.411
647.408
568.114
466.245
418.718
419.402
398.924
391.369
463.062
455.716
435.362
396.743
421.322
393.605
380.596
432.541
432.539
455.151
414.629
432.634
392.451
452.916
411.156
409.353
426.358
426.804
427.968
422.623
437.082
429.197
385.265
70.5762
258.141
112.805
98.5089
228.213
201.646
138.192
232.422
160.59
149.897
203.666
179.569
168.024
213.6
134.729
29.4109
647.892
680.73
672.851
653.793
646.722
611.805
683.187
591.148
666.958
582.75
624.039
642.499
598.754
615.435
661.42
594.577
589.062
696.788
645.85
661.007
641.138
718.001
583.042
548.016
684.475
603.477
502.726
456.465
455.742
437.517
428.286
498.723
491.522
471.365
434.385
458.246
430.521
418.084
470.766
469.345
491.517
452.232
468.68
430.443
489.281
449.82
446.024
464.663
462.866
466.107
459.749
474.849
464.178
419.99
246.11
152.269
33.8378
183.663
154.797
80.8084
189.201
209.347
88.5099
169.047
222.423
199.602
165.759
153.574
42
585.407
616.344
614.186
589.042
582.713
551.656
621.884
536.795
602.959
521.647
561.601
583.342
546.671
552.081
601.332
542.643
532.621
635.472
589.071
600.79
583.398
657.469
527.25
488.984
622.99
544.783
445.217
396.728
398.577
376.247
370.13
442.701
435.253
414.779
374.883
400.012
372.361
358.9
410.124
411.305
434.235
392.766
412.022
370.303
432.006
388.398
388.278
403.882
406.192
405.632
401.143
415.043
409.453
365.843
182.571
224.27
124.201
137.753
191.269
118.697
205.718
199.279
99.1615
187.387
151.159
138.571
137.931
256.144
732.274
749.913
778.359
721.62
720.605
712.215
773.285
720.57
739.796
679.378
710.044
746.776
737.049
695.823
759.68
733.616
709.384
786.184
761.977
758.56
752.785
811.204
706.601
658.046
773.396
712.114
344.372
318.699
303.028
313.465
286.723
333.014
328.123
312.775
299.588
311.127
288.487
284.986
336.149
319.152
333.542
313.6
310.928
300.51
331.604
324.279
298.412
332.038
306.193
331.242
314.531
334.229
297.136
258.521
158.521
210.49
194
169.387
211.436
59.3633
184.619
173.968
70.214
56.0089
205.061
45.793
130.269
733.655
762.219
765.11
734.479
729.222
701.862
771.11
688.985
749.412
671.269
709.965
734.064
698.928
699.503
751.48
694.894
684.448
784.659
740.754
750.856
734.761
807.217
679.23
639.935
772.063
695.795
490.049
451.558
444.011
437.831
420.374
482.421
476.098
457.515
429.796
449.181
422.508
413.411
467.863
459.315
478.659
446.754
455.122
427.815
476.488
450.059
436.213
462.404
449.589
462.905
451.613
469.401
446.078
402.613
151.727
122.642
47.3814
157.544
217.607
54.7083
140.456
227.035
199.279
133.225
149.773
72.5328
575.142
603.911
607.497
576.251
570.8
543.821
612.71
534.004
591.003
513.008
551.461
576.313
545.573
540.992
593.384
541.673
528.153
626.248
584.098
592.724
577.624
648.945
523.345
482.454
613.633
538.313
411.447
363.142
364.781
342.883
336.382
408.873
401.43
380.963
341.259
366.28
338.615
325.235
376.671
377.562
400.451
359.146
378.208
336.757
398.221
355.069
354.51
370.448
372.377
372.151
367.441
381.473
375.618
332.024
29.1548
105.309
7
259.095
104.547
38.6394
252.04
212.276
20.3961
170.003
212.302
608.099
625.859
654.782
597.557
596.431
588.585
649.159
599.414
615.652
555.676
585.915
623.234
616.942
571.634
635.814
613.649
587.29
662.034
639.191
634.669
629.693
687.1
584.87
535.351
649.25
588.992
281.514
241.174
234.887
227.495
210.238
275.282
268.531
249.195
219.347
239.403
212.398
202.941
257.391
249.816
270.118
236.409
246.678
217.329
267.912
239.677
226.53
251.915
241.006
252.438
241.661
259.116
239.55
195.359
76.1577
35.3412
246.089
75.8947
39.4081
241.814
202.882
12.083
156.847
184.505
597.214
617.066
641.537
588.748
586.822
575.502
637.823
582.818
606.315
542.795
574.653
609.926
599.414
560.986
623.354
596.008
571.707
650.868
624.52
622.29
615.51
675.6
568.87
520.578
638.063
574.876
303.842
260.969
256.909
245.284
230.933
298.613
291.632
271.86
238.9
260.584
233.137
222.407
276.586
271.326
292.496
256.377
269.258
236.14
290.271
257.614
247.923
270.852
263.503
271.708
262.545
279.179
263.427
219.146
111.414
228.123
15.2315
99.1413
232.246
198.829
86.267
147.611
115.836
573.485
598.847
610.87
570.789
566.703
545.91
612.459
543.25
586.728
514.138
550.129
579.367
557.047
538.313
595.021
553.343
535.123
625.857
590.021
594.193
582.458
649.471
531.128
486.856
613.111
542.397
366.005
318.718
319.165
299.393
291.153
362.891
355.524
335.148
296.697
321.111
293.389
280.494
332.776
332.316
354.911
314.574
332.415
292.551
352.677
311.681
309.118
326.639
326.585
328.154
322.444
337.095
329.22
285.428
259
111.072
38
251.247
211.367
27.2947
170.188
217.111
613.788
631.222
660.8
602.927
601.928
594.59
654.908
605.855
621.103
561.659
591.663
629.264
623.482
577.294
641.727
620.202
593.614
667.756
645.398
640.57
635.838
692.867
591.244
541.585
654.976
595.134
279.53
240.142
233.077
227.141
208.952
272.919
266.267
247.121
218.435
237.893
211.092
202.094
256.533
248.171
268.129
235.325
244.641
216.668
265.932
239.253
224.964
251.149
239.008
251.563
240.252
257.965
237.008
192.925
243.343
221
26.5707
54.5619
256.425
89.3588
182.784
792.606
821.458
823.278
793.746
788.401
760.322
829.869
745.915
808.6
729.905
768.891
792.324
755.175
758.573
809.969
751.091
741.966
843.429
798.414
809.373
792.67
865.843
736.563
698.072
830.858
753.908
533.442
498.029
488.338
486.066
466.315
524.605
518.684
500.915
476.656
494.336
468.386
460.479
514.762
504.01
522.128
493.105
498.658
475.304
520.009
498.121
481.3
509.566
493.301
509.77
497.041
515.477
488.109
445.62
104.005
247.31
213.6
84.5813
162.41
126.087
559.322
584.303
597.369
556.216
552.268
532.257
598.453
530.793
572.267
500.37
536.017
565.836
545.015
524.047
581.276
541.355
522.258
611.828
576.938
580.425
569.2
635.55
518.41
473.6
599.07
529.046
356.741
308.585
310.074
288.617
281.684
354.201
346.746
326.27
286.665
311.589
283.917
270.601
322.273
322.865
345.743
304.554
323.512
282.252
343.513
300.847
299.803
316.078
317.682
317.718
312.771
326.933
321.076
277.606
213.469
173.666
43.4166
132.242
191.638
636.581
656.193
680.909
627.873
626.065
614.886
677.216
621.643
645.524
582.19
614.04
649.296
637.942
600.333
662.759
634.497
610.778
690.254
663.742
661.696
654.799
715
607.85
559.802
677.45
614.177
316.267
277.849
270.083
265.121
246.497
309.091
302.605
283.769
256.223
275.218
248.62
239.921
294.335
285.351
304.869
273.002
281.341
254.568
302.688
277.218
262.246
288.998
275.77
289.358
277.671
295.584
272.927
229.12
40.0125
251.436
86.539
199.529
801.786
829.347
834.405
801.465
796.644
770.851
839.631
759.003
816.789
740.024
778.165
803.273
769.094
767.328
820.419
765.065
754.223
853.155
810.44
819.759
804.279
875.951
749.096
709.288
840.517
765.154
521.5
488.05
477.074
477.303
456.11
512.016
506.333
489.075
467
483.547
458.132
451.018
505.009
492.914
510.263
483.066
486.902
466.069
508.178
489.2
470.515
500.001
481.664
500.009
486.411
505.194
475.55
433.757
212.219
51.225
183.142
771.318
797.544
806.08
769.525
765.222
741.904
809.749
733.239
785.293
710.651
747.822
774.773
744.453
736.456
791.324
740.509
727.386
823.219
783.236
790.591
776.568
846.414
722.619
681.23
810.522
737.052
481.814
448.071
437.247
437.293
416.145
472.492
466.744
449.361
427.001
443.65
418.172
411.011
465.017
453.062
470.558
443.091
447.17
426.058
468.466
449.188
430.615
460
441.906
460.017
446.494
465.242
436.01
394.036
167.084
196.163
594.415
613.374
639.816
585.056
583.467
573.69
635.232
582.719
602.85
540.881
572.014
608.227
599.801
558.073
621.266
596.454
571.095
648.204
623.472
620.165
614.226
673.09
568.465
519.555
635.406
573.55
291.784
249.088
244.859
233.636
218.961
286.531
279.551
259.788
227.035
248.584
221.163
210.545
264.775
259.307
280.435
244.477
257.189
224.357
278.21
245.953
235.907
259.069
251.436
259.887
250.567
267.277
251.348
207.068
143.684
720.236
746.328
755.485
718.304
714.029
691.148
758.765
683.62
734.093
659.795
696.762
724.133
695.346
685.32
740.519
691.446
677.326
772.224
733.017
739.769
726.175
795.498
672.704
630.754
759.517
686.543
446.964
409.956
401.299
397.322
378.451
438.854
432.678
414.407
388.404
406.872
380.552
372.132
426.522
416.789
435.597
405.08
412.069
386.809
433.447
409.441
393.859
421.217
406.607
421.54
409.445
427.591
402.424
359.288
619.633
652.04
645.591
625.02
618.108
584.123
655.231
565.078
638.351
554.812
595.785
615.093
573.37
586.963
633.773
569.235
562.385
668.833
619.107
633.325
614.121
690.254
556.547
520.601
656.473
576.181
481.824
434.425
434.957
414.693
406.989
478.535
471.208
450.877
412.438
436.946
409.225
396.274
448.288
448.152
470.714
430.322
448.154
408.176
468.479
426.93
424.947
442.11
442.326
443.708
438.269
452.792
444.567
400.586
50.2892
71.8401
46.2277
30.0167
53.1507
42.1545
133.282
35.3412
68.6804
23.8537
57.3847
158.474
36.7151
45.2217
160.879
109.444
54.2033
93.8616
43.0116
79.3095
80.0562
119.541
112.294
41.5933
75.5844
582.533
544.929
571.969
524.123
555.63
597.097
592.029
582.289
543.089
561.634
556.058
543.568
537.573
566.587
581.32
547.008
580.745
535.62
580.675
524.223
563.653
534.614
578.879
538.535
558.055
548.381
598.201
590.23
108.074
28.3196
34.7851
103.325
62.7694
183.175
16
114.07
68.0294
103.73
207.589
68.1542
84.8999
210.202
159.703
65.4599
138.539
82.807
125.208
87.9659
169.815
159.013
59.5399
125.873
577.015
542.996
570.48
523.811
556.421
592.277
587.729
579.581
543.203
559.759
556.648
545.202
534.2
563.777
576.784
545.495
578.247
536.049
576.327
522.725
562.921
531.787
576.867
535.616
555.989
544.772
596.446
592.187
115.871
101.242
66.242
46.8615
100.603
98.7927
99.2975
82
31.6228
115.849
101.02
26.6833
119.604
88.955
51.8941
39.2046
28.8617
34.4819
55.0818
97.719
125.208
50.448
69.4262
648.471
608.938
635.591
587.205
617.832
662.607
657.262
646.624
605.803
625.538
618.392
605.248
602.47
631.04
646.721
610.748
644.957
598.161
645.973
588.055
626.827
599.204
642.8
603.162
622.09
613.372
661.891
651.464
17.2047
93.6483
76.1183
176.173
21.2132
96.5091
54.1295
103.586
202.625
47.1699
89.9444
204.727
150.841
83.0241
140.089
87.7097
125.495
108.167
160.59
141.283
73.6817
116.97
552.319
517.325
544.722
497.743
530.134
567.396
562.702
554.13
517.054
534.086
530.405
518.73
508.885
538.34
551.813
519.724
552.742
509.825
551.305
496.932
536.979
506.329
551.24
510.185
530.36
519.528
570.77
565.679
76.5376
65.0077
159
20.2485
81.3019
37.3363
87.0057
185.421
33.541
74.8465
187.523
133.765
73.9797
123.6
72.6154
108.853
100.02
143.558
126.321
63.1269
99.8499
559.378
523.187
550.442
503.051
535.076
574.228
569.362
560.261
522.223
539.933
535.415
523.378
515.228
544.502
558.55
525.446
558.802
514.884
557.979
502.642
542.441
512.489
557.137
516.377
536.27
525.952
576.585
570.232
73.5391
82.662
87.9318
33.1059
40
34.9285
109.877
54.8179
49.679
111.665
57.2451
86.8159
62.3939
49.2037
48.0104
106.254
67.1193
65.307
75.6108
23.3238
588.043
546.996
573.331
524.681
554.725
601.761
596.185
584.85
543.015
563.491
555.36
541.879
541.223
569.386
585.809
548.614
583.097
535.283
584.973
526.031
564.287
537.718
580.734
541.698
560.143
552.178
599.633
587.8
137.321
56.3205
100.439
63.2456
54.1479
157.28
78.721
30.2655
160.59
119.017
13.6015
82.3468
29.0689
71.8401
38.0789
129
138.798
3.60555
89.4427
623.566
586.513
613.622
565.892
597.522
638.263
633.281
623.784
584.911
603.233
597.931
585.526
578.946
608.059
622.527
588.647
622.268
577.47
621.914
565.852
605.392
576.067
620.468
579.977
599.627
589.723
639.831
632.225
168.621
94.0479
122.642
83.3607
29.1548
136.029
107.056
29.8329
27.0185
147.411
62.8172
108.342
67.0075
155.631
20.2485
75.5381
140.577
59.4054
634.858
590.003
615.081
566.072
593.758
647.374
641.225
628.001
583.31
606.007
594.66
580.057
586.308
613.029
631.383
591.008
626.001
575.348
630.317
569.008
605.212
582.168
623.029
586.167
603
597.302
641.153
624.34
98.0816
52.0384
90.9065
193.631
52.811
74.027
196.105
144.669
62.2013
126.59
71.8401
112.699
87.0517
154.729
143.014
53.6004
110.725
573.482
538.321
565.692
518.623
550.93
588.537
583.823
575.175
537.904
555.08
551.218
539.449
529.96
559.389
572.943
540.693
573.775
530.649
572.427
517.897
557.896
527.376
572.245
531.237
551.366
540.615
591.76
586.376
46.3897
68.0294
123.146
49.7293
80.9197
123.81
67.1193
114.039
92.2659
80.0562
79.0759
135.949
74.6525
45.0444
101.789
42.4264
557.396
515.629
541.793
493.042
522.793
570.898
565.212
553.543
511.239
532.062
523.463
509.828
510.202
538.145
554.923
517.151
551.748
503.468
554.044
494.636
532.62
506.582
549.287
510.569
528.765
521.177
568.085
555.598
58.8218
149.803
19.105
56.3205
151.648
96.8969
76.2168
94.4299
54.4518
79.2023
101.242
106.55
91.0879
63.4114
63.2456
566.973
528.171
555.01
506.859
537.944
581.257
576.011
565.73
525.647
544.825
538.436
525.632
521.331
550.091
565.406
530.103
564.115
518.089
564.695
507.359
546.454
518.186
562.085
522.131
541.317
532.2
581.288
572.116
104.924
77.6209
24
107.912
65.2763
65.123
36.6197
25.0799
21.9317
78.5493
75.1066
94.4934
57.3149
39.4462
620.936
580.539
607.012
558.464
588.751
634.842
629.366
618.328
576.91
597.081
589.356
576.008
574.465
602.81
618.915
582.238
616.612
569.213
618.117
559.604
598.084
571.063
614.335
575.035
593.69
585.4
633.318
622.049
164.055
127.44
4.47214
56.0357
165.952
76.6551
129.027
85.44
170.356
49.1935
102.84
160.723
87
660.746
615.235
640.02
591.03
618.182
673.018
666.768
653.196
608.013
631.114
619.136
604.331
611.945
638.346
657.043
616.117
651.151
600.021
655.934
594.273
630.001
607.692
648.062
611.688
628.179
622.929
666.001
648.174
75.1066
165.56
109.481
90.9175
112.721
73.171
97.4987
116.726
118.6
94.2019
78.2943
77.0779
548.358
509.902
536.814
488.771
520.032
562.716
557.518
547.398
507.632
526.575
520.496
507.829
502.897
531.738
546.883
511.885
545.807
500.109
546.19
489.124
528.346
499.808
543.832
503.746
523.042
513.749
563.078
554.401
130.648
89.202
41.1947
54.0833
2.23607
42.1545
56.9386
99.0808
114.057
33.541
61.3514
623.29
584.33
611.11
562.873
593.784
637.558
632.295
621.928
581.592
600.968
594.304
581.358
577.59
606.304
621.701
586.223
620.298
574
620.984
563.494
602.482
574.415
618.23
578.364
597.478
588.467
637.398
627.733
56.8507
169.446
80.399
132.197
88.7694
174.233
49.3964
101.922
164.012
88.6172
659.055
613.36
638.063
589.085
616.098
671.253
664.975
651.307
606
629.203
617.066
602.213
610.184
636.491
655.284
614.208
649.25
598.001
654.164
592.409
628.007
605.899
646.131
609.893
626.288
621.163
664.019
645.949
130.384
56.8507
90.0888
54.626
142.369
10.198
54.5894
122
34.0147
613.209
569.198
594.613
545.62
573.928
626.02
620
607.211
563.152
585.342
574.764
560.418
565.004
592.102
610.02
570.351
605.268
555.234
609.007
548.179
584.932
561.008
602.439
565.008
582.248
576.003
620.775
605.179
89.8443
40.4475
80.895
26.2488
140.228
152.118
12.8062
101.868
633.344
596.88
624.071
576.508
608.32
648.167
643.273
634.039
595.601
613.616
608.699
596.446
589.075
618.292
632.475
599.083
632.558
588.205
631.894
576.281
615.959
586.285
630.835
590.181
609.978
599.817
650.247
643.212
56.0357
15.2315
94.0053
63.8122
103.942
85.9069
51.6624
649.604
607.87
633.988
585.202
614.772
663.148
657.474
645.793
603.327
624.289
615.469
601.708
602.466
630.404
647.176
609.37
643.991
595.534
646.302
586.873
624.763
598.847
641.508
602.835
621.003
613.439
660.273
647.297
43.8634
57.1402
100.02
113.877
32.249
61.6847
621.422
582.541
609.338
561.121
592.068
635.708
630.457
620.127
579.855
599.184
592.582
579.662
575.765
604.497
619.856
584.445
618.502
572.27
619.143
561.712
600.727
572.603
616.445
576.55
595.689
586.638
635.623
626.056
88.955
63.2456
95.6033
75.2861
40.7063
635.91
594.564
620.794
572.071
601.868
649.561
643.944
632.453
590.298
611.023
602.536
588.901
588.959
617.023
633.6
596.124
630.677
582.533
632.748
573.582
611.658
585.404
628.256
589.388
607.705
599.923
647.09
634.642
151.634
170.988
38.4838
117.686
659.385
623.077
650.281
602.74
634.566
674.248
669.38
660.212
621.84
639.816
634.943
622.695
615.22
644.461
658.57
625.291
658.738
614.448
657.998
602.489
642.185
612.452
657.031
616.345
636.171
625.953
676.451
669.46
56.0357
132.015
44.0114
615.549
571.022
596.242
547.234
575.191
628.179
622.08
609.03
564.599
587.085
576.064
561.573
567.127
594.001
612.184
572.087
607.053
556.655
611.138
550.015
586.451
563.044
604.14
567.043
584.042
578.125
622.354
606.078
140.769
55.8659
559.515
515.048
540.334
491.33
519.466
572.148
566.057
553.058
508.771
531.136
520.317
505.917
511.098
538.008
556.152
516.14
551.091
500.84
555.109
494.036
530.589
507.025
548.205
511.024
528.077
522.096
566.467
550.616
92.0706
622.097
585.261
612.403
564.738
596.444
636.84
631.889
622.489
583.788
601.988
596.84
584.5
577.603
606.756
621.119
587.421
620.987
576.365
620.518
564.624
604.219
574.757
619.216
578.662
598.369
588.367
638.599
631.229
599.188
556.903
582.893
534.051
563.425
612.552
606.792
594.86
552.081
573.273
564.143
550.295
551.763
579.524
596.567
558.334
593.028
544.265
595.658
535.893
573.582
548.056
590.474
552.048
570.025
562.748
609.163
595.796
53.8238
47.0106
79.925
75.1665
17.0294
17.4642
32.5576
72.8354
45.607
72.9452
87.4586
50
34.2053
11.4018
56.0803
34.9285
79.3095
13.6015
71.5891
56.9386
55.3624
40.5216
51.6236
45.2769
39.5601
47.5184
87.8237
27.7308
26.4008
32.1403
60.407
53.1601
38.0132
22.1359
16.7631
30.2655
38.6005
17.4642
23.3452
45.618
5.09902
36.1248
26.6271
43.8634
21.0238
23.4307
14.4222
33.9559
12.6491
13.1529
18.3848
53.4509
64.4981
49.0102
29.7321
45.2548
37.4833
17.0294
33.2415
11.4018
27.6586
43.8292
41.0122
16.1245
35.7771
25
14.2127
41.2311
33.541
47.8017
11.6619
40.8044
8.94427
37.6431
15.6205
34.1321
26.3059
44.5533
34.2053
86.7295
79.3788
62.8013
19.7231
40.4475
33.8378
29.0689
34.4093
49.3356
72.0139
25.7099
60.531
14.2127
70.2638
12.3693
39.6232
28.0179
57.0789
30.4795
38.0789
41.7732
75.1665
71.8401
74.9667
67.1789
46.7547
14.8661
29.9666
2.23607
14.8661
49.4975
41.1825
64.405
27.074
43.9318
20.5913
62.2013
40.8044
18.4391
45.3542
38.4187
44.5533
31.6228
49.163
50.5964
37.6431
7.81025
28.3196
76.0066
48.0208
72.8629
88.7299
61.0737
37.5766
16
61.327
31.1448
83.3547
17.1172
80.2808
56.6392
65.4905
36.8782
61.5224
49.1935
50.0899
36.4966
80.0062
20.6155
68.2642
40.3113
65.0692
80.9197
55.0364
30.0832
11.1803
53.8516
23.4307
75.6637
11.4018
73.3485
48.8365
59.0762
29.2062
55.0818
41.6293
44.0454
31
73.4983
49.2443
22.3607
44.6878
60.803
45.6946
15.8114
21.2132
37.2156
2.82843
57.0088
19.105
59.0339
28.6007
47.8017
8.60233
43.9659
25.02
35.8469
19.8494
55.3263
28.0179
14.2127
16.4924
38.1182
39.0512
63.1269
17.8885
46.6154
8.06226
61.0737
26.0768
22.2036
33.0151
42.0595
33.1361
27.5862
40.4969
58.2151
52.4023
27.7308
41.8688
29.7321
11.4018
35.3553
15
20.0998
35.3553
33.2415
37.4833
13.0384
29.4109
17.2627
26.2488
4.24264
23.7697
36.6879
53.4509
16.5529
47.676
38.9487
62.2013
25.1794
41.8688
20.6155
60
39.8246
16.2788
43.6807
36.4005
42.7551
29.4109
47.0956
49.0408
38.2099
54.4518
53.2635
77.1557
34.176
58.0086
15.5242
75.0067
39.2938
32.2025
49.0918
52.6972
49.4975
42.4382
56.921
65.4599
47.0106
29.9666
45.0999
22.561
44.7214
40.5216
44.0114
23.3452
39.8246
6.40312
44.6542
5
25.4951
11
64.1405
81.3941
24.0832
23.7697
14.7648
46.0435
22.0227
44.1022
23.4094
32.0156
15.6205
28.1603
11.6619
20.6155
34.4093
60.6712
47.1699
23.5372
70
2.23607
64.846
46.0435
49.6488
29.1204
45.7056
35.609
34.1321
37.3631
76.531
35.0571
23.3452
45.2769
22.8035
19.105
19.2354
32.1403
17.72
12.3693
22.8035
51.1957
59.6825
54.4243
21.3776
57.1402
25.807
46.4866
5.83095
42.72
23.0217
35.2278
19.8494
53.1507
68.0074
23.7697
30.2655
34.7131
50
35.7351
34.4093
44.7772
66.2722
58.0086
63.3246
43.8292
48.3735
26.9258
44.4072
33.6006
33.0151
35.7351
74.4312
40.7063
17.0294
54.7449
20.2485
34.1321
32.249
73.9797
77.8332
37.8021
20.5913
35.5106
16.1245
35.9026
36.0555
41.6293
45.618
4
25.2389
15.8114
65.307
78.8923
42.0595
20.8806
36.0694
19.6977
48.0104
22.0227
12.083
61.7171
76.9415
19.9249
40.4969
57.2451
55
77.1622
44.2832
