80
23.2594
144.312
149.967
98.0051
41.8808
161.409
184.391
106.569
128.016
193.706
171.968
86.2148
268.151
218.515
74.4312
200.871
174.748
108.157
7.2111
115.209
142.636
94.255
270.159
104.661
125.877
354.813
451.887
376.033
542.531
455.003
325.26
406.597
338.161
551.363
494.009
357.013
481.506
471.454
346.595
550.343
520.663
573.924
528.734
432.487
402.126
326.46
409.684
394.928
434.968
479.004
518.941
443.714
363.412
596.612
547.179
637.772
339.201
530.849
598.873
648.608
348.817
445.382
553.474
464.898
510.837
513.101
438.48
635.457
590.452
379.401
588.534
324.84
442.884
358.95
474.934
586.822
531.738
526.156
598.874
122.919
171.863
75.2861
65
176.465
186.304
87.5557
139.302
211.142
169.941
94.0213
278.259
222.463
53.0377
220.871
181.62
113.635
29.6816
112.73
159.411
111.36
279.029
114.826
147.187
376.538
473.942
397.283
563.174
473.258
346.013
426.793
358.452
572.087
515.048
378.065
501.303
493.244
363.6
570.061
539.812
593.742
547.482
450.469
421.474
346.302
427.684
414.744
455.397
500.144
537.64
465.752
386.374
619.401
569.48
661.007
362.022
553.218
622.121
671.763
371.602
466.95
576.722
487.952
533.146
536.144
460.304
658.523
613.325
402.236
611.003
347.131
465.43
382.099
496.025
609.25
554.994
548.008
622.027
294.279
51.0784
185.311
294.267
273.967
116.211
252.385
331.693
247.008
156.438
383.704
313.345
100.17
343.6
283.099
218.22
151.427
126.194
279.723
232.71
381.251
176.918
269.987
471.01
569.772
487.571
646.098
541.008
433.866
508.701
442.747
655.534
601.708
467.269
578.911
586.451
427.057
646.004
612.209
670.078
617.001
517.035
497.692
427.965
495
494.297
538.391
587.821
607.001
561.53
505.547
739.346
666.76
771.928
482.059
651.329
736.587
788.509
491.798
589.665
688.596
595.214
630.825
654.426
554.236
776.418
732.793
522.143
732.22
468.902
586.467
499.517
618.935
730.59
669.021
670.458
738.878
247.008
109.636
85.4459
188.473
230.835
106.705
79.6241
202.704
183.927
194.487
198.829
212.174
61.131
152.201
136.132
142.864
233.703
65.7951
77.3692
204.9
184.141
26.4008
265.002
350.828
292.139
458.705
402.505
253.314
335.006
271.155
466.203
406.725
277.597
410.505
373.996
315.382
477.423
455.306
499.064
467.386
384.22
341.123
266.537
362.829
328.892
358.615
390.928
458.53
343.284
218.692
449.319
438.831
504.251
193
421.684
459.997
505.8
202.2
295.481
419.506
341.503
403.272
368.648
341.884
490.988
443.843
233.077
439.629
175.548
294.401
218.048
325.601
437.778
394.351
376.205
456.18
139.846
243.311
226.02
74.0945
201.308
281.114
200.808
132.378
333.431
265.153
50.2494
294.245
233.002
167.443
104.809
118.962
229.172
182.628
331.429
154.729
222.036
440.696
539.134
459.341
621.93
523.394
406.498
484.5
417.08
631.145
575.634
439.455
557
557.159
410.567
625.097
592.811
649.062
598.927
499.818
476.038
403.402
477.32
471.106
513.819
561.217
588.959
530.895
461.395
694.606
635.61
733.426
437.2
619.724
695.852
746.25
446.806
541.71
649.458
558.646
599.401
611.007
524.492
733.321
688.456
477.403
686.286
422.384
540.715
456.653
570.274
684.527
628.53
622.994
696.529
135.015
182.609
141.51
111.328
161.617
177.722
92.7631
248.92
211.851
113.323
163.686
164.149
104.995
35.3553
135.237
113.283
67.3647
253.211
104
86.954
319.002
414.946
341.475
509.174
427.563
292.226
374.675
306.276
517.789
459.736
323.048
450.344
435.225
322.605
519.216
490.946
542.517
499.93
405.765
372.308
295.787
383.021
363.992
402.374
444.496
490.275
406.832
321.549
554.837
509.428
596.645
297.417
492.915
557.237
606.764
307.059
405.01
512.235
424.721
473.092
471.221
402.21
593.576
548.625
337.605
547.03
283.593
401.323
317.101
435.215
545.36
490.181
485.372
557.028
109.458
202.312
46.0977
42.72
130.981
226.883
117.745
114.061
197.497
74.9667
70.214
85.9127
154.742
270.067
24.1661
68.1836
125.24
234.787
75.6042
347.846
429.54
375.577
540.56
487.89
338.386
419.547
356.387
547.73
488.305
361.797
494.652
453.442
399.906
560.98
539.823
582.232
552.197
469.666
426.357
351.973
448.261
413.905
442.459
472.496
543.434
422.309
269.676
486.388
513.654
562.091
242.405
496.397
512.533
551.82
249.904
316.471
478.301
410.352
478.9
414.307
422.019
534.176
482.945
279.646
470.792
215.128
331.308
275.427
339.525
468.257
449.989
399.11
503.191
159.841
84.119
145.582
33.4215
268.955
120.37
39.4588
176.011
183.011
40.1123
77.9359
180.677
298.344
123.227
130
113.146
284.398
170.074
453.471
537.879
480.492
647.138
586.941
439.957
522.472
457.149
654.578
595.097
465.543
598.324
561.495
491.545
665.622
642.627
687.416
654.15
567.342
526.833
450.848
545.264
515.442
546.726
579.294
645.083
530.519
376.133
583.824
622.965
668.683
348.862
605.714
617.344
653.437
355.732
407.977
585.496
519.702
588.083
516.954
529.71
634.48
581.557
384.553
564.925
319.263
431.177
383.423
425.472
562.004
556.296
489.351
605.642
156.541
243.977
131.309
177.544
274.696
199.279
37.2156
265.801
174.642
117.444
110.114
181.157
194.489
155.554
270.416
199.542
204.436
460.184
556.44
482.037
648.945
560.772
431.668
513.157
444.713
657.731
600.163
463.212
588.062
576.587
451.093
656.89
627.026
680.485
634.874
538.015
508.561
433.014
515.228
501.483
541.479
585.069
625.048
548.318
449.472
678.278
650.884
733.029
423.53
634.331
690.464
736.596
432.539
515.379
648.298
564.182
614.554
599.283
543.575
721.489
673.393
463.418
666.208
403.368
522.591
448.547
540.545
664.025
624.34
597.89
686.997
88.6002
96.026
203.571
140.175
104.235
153.883
116.812
54.8179
39.8246
122.147
241.746
45.7056
48.4149
142.864
215.244
86.3771
370.88
457.526
397.508
564.836
502.824
356.104
438.799
373.172
572.462
513.008
382.154
514.778
480.692
408.044
582.334
558.851
604.325
570.225
483.24
442.792
366.742
461.187
431.523
463.406
497.229
561.12
449.989
310.483
530.865
544.945
601.881
283.381
527.755
553.864
594.811
291.371
362.228
517.607
445.19
509.559
457.083
448.537
577.71
527.106
321.616
515.984
257.963
375.406
314.396
385.593
513.517
490.27
444.887
545.881
170.52
249.514
116.846
141.411
237.002
39.5601
105.475
128.406
186.682
295.995
51.9711
99.8098
128.763
254.071
83.6002
325.383
401.622
353.871
515.513
471.858
321.204
399.981
339.86
522.231
463.121
341.76
473.711
426.072
391.063
538.543
519.65
559.021
532.888
455.044
409.401
337.44
434.425
395.942
421.1
447.371
524.49
394.725
230.586
444.113
482.271
523.18
203.305
465.017
472.446
510.468
210.297
273.754
439.915
376.133
448.232
373.209
395.536
492.464
440.855
239.46
428.18
174.416
289.337
238.053
297.059
425.622
410.835
356.396
462.082
258.07
153.688
70.3847
151.753
205.913
67.5426
74.9466
169.402
282.652
140.129
135.385
145.99
275.334
181.417
466.181
553.531
492.441
660.21
594.156
449.565
532.624
466.107
667.943
608.528
476.593
608.79
576.64
495.117
676.735
652.274
698.978
663.121
573.789
535.231
458.656
551.415
524.615
557.855
592.77
653.857
545.979
400.476
612.491
640.815
693.001
373.186
623.61
642.907
680.642
380.494
437.888
609.275
540.001
605.499
543.605
544.419
662.205
609.846
409.91
594.485
344.935
458.852
406.389
456.448
591.656
580.822
519.678
632.447
341.672
301.254
140.46
244.049
255.033
191.408
88.7525
51.1077
204.245
159.966
345.909
22.561
168.024
314.746
413.494
331.146
490.976
391.051
277.505
353.452
286.803
500.308
445.765
310.871
425.118
430.016
278.498
493.001
460.479
517.001
466.55
367.524
344.023
272.443
344.99
339.589
382.991
431.713
456.584
405.257
369.054
601.768
510.533
620.846
348.58
495.227
589.143
643.904
358.575
468.216
538.717
442.471
474.688
513.64
397.834
633.874
593.997
387.332
598.96
342.841
454.318
359.21
501.483
597.86
521.492
544.872
594.751
86.267
283.551
151.855
100.688
166.736
262.322
381.701
141.873
181.805
16.0312
351.194
191.426
437.384
506.807
466.255
623.59
587.177
436.483
513.626
455.337
629.717
571.358
455.409
586.042
531.791
507.906
649.303
632.403
668.929
646.224
570.938
524.462
453.6
550.594
510.546
533.346
555.788
638.095
500.461
312.808
492.854
580.6
597.369
287.221
563.541
541.045
568.842
291.431
313.398
518.046
469.503
548.34
437.257
502.733
547.584
492.54
315.674
469.554
252.602
348.415
326.466
324.137
466.181
485.99
390.8
523.608
215.037
180.826
49.5177
110.386
214.189
333.422
133.454
152.62
76.6094
315.317
184.613
461.806
541.938
489.612
654.144
601.14
452.134
533.548
469.972
661.188
601.827
475.846
608.711
566.127
510.064
675.005
653.839
696.187
666.118
582.467
539.935
465.022
560.803
527.702
556.518
586.026
657.307
534.869
368.001
566.34
623.655
659.215
341.013
606.399
605.828
638.753
347.036
388.33
577.195
517.228
589.513
503.766
535.061
618.813
564.881
374.534
545.514
309.273
416.371
377.584
402.995
542.388
546.824
468.334
591.856
253.86
182.989
118.33
79.2465
144.972
185.54
141.45
281.301
162.561
186.132
429.195
526.317
450.188
616.208
525.601
399.031
479.818
411.486
625.115
568.022
431.029
554.26
545.858
415.235
622.994
592.562
646.697
600.057
502.666
474.317
399.284
479.905
467.714
508.434
553.09
590.193
518.145
430.163
661.485
621.55
709.415
404.931
605.188
668.824
716.843
414.248
503.294
624.869
538.043
585.206
580.246
512.891
702.684
656.001
445.094
651.202
387.238
506.377
427.548
530.338
649.224
602.1
585.317
667.127
143.003
155.206
193.662
293.128
72.4707
112.432
165
245.098
77.2528
286.923
362.112
315.572
476.299
435.326
284.628
362.271
303.486
482.945
423.908
304.021
435.46
386.598
358.281
499.842
481.578
520.133
495.073
419.144
372.634
301.975
398.931
358.816
382.792
408.176
486.803
355.242
194.743
414.614
442.832
487.124
167.487
425.575
437.778
478.014
175.111
249.804
403.366
337.249
408.721
340.309
356.168
460.925
410.59
205.08
400.895
141.152
258.938
200.639
276.523
398.599
375.033
332.182
429.135
68.0661
169.779
289.928
86.406
103.233
98.6154
268.062
136.213
416.784
499.625
444.185
610.007
553.466
405.188
487.165
422.765
617.292
557.832
429.796
562.705
523.442
461.069
629.543
607.455
651.061
619.391
534.453
492.66
417.278
512.64
480.775
510.784
542.02
610.463
492.355
336.043
545.18
583.824
628.611
308.769
566.565
577.443
614.03
315.674
370.346
545.39
479.939
549.106
477.326
491.888
595.303
542.677
344.581
526.966
279.331
391.945
343.328
389.139
524.127
516.236
452.165
566.079
103.817
223.215
82.8553
62.3699
166.193
206.495
112.112
394.981
484.797
420.577
588.858
519.756
376.324
459.527
392.506
596.812
537.555
404.148
535.763
507.312
420.174
604.007
578.775
626.505
589.306
499.196
461.291
384.575
476.765
451.028
485.297
521.867
579.967
477.066
347.255
569.761
574.384
637.477
320.339
557.291
590.601
632.678
328.605
401.927
552.957
477.514
538.628
494.895
474.752
615.959
565.796
359.089
555.34
296.096
414.135
349.984
425.417
552.914
526.343
484.588
583.568
120.221
135.724
87.3613
264.594
106.217
118.697
350.463
447.269
372.001
538.836
452.593
321.562
403.194
334.731
547.618
490.083
353.115
478.301
467.03
344.819
547.165
517.79
570.688
526.061
430.215
399.185
323.289
407.413
391.74
431.422
475.017
516.294
439.11
356.707
589.802
542.351
631.773
332.405
525.967
592.575
642.097
342.001
438.248
547.417
459.289
506.006
506.463
434.038
628.841
583.689
372.614
581.591
317.838
435.966
352.433
467.754
579.866
525.495
519.065
592.36
248.516
202.002
384.532
61.8466
216.342
354.154
452.386
368.09
522.464
415.019
314.014
385.565
321.179
532.015
479.552
347.536
454.221
467.386
301
520.778
486.544
544.861
491.037
391.001
373.101
305.603
369.066
370.568
415.377
466.154
481.037
444.204
419.334
651.485
549.392
666.035
399.239
534.619
636.234
691.923
409.238
519.317
584.77
486.893
514.009
562.873
435.894
682.495
643.506
437.778
649.29
393.914
504.929
408.906
552.58
648.251
568.684
595.836
642.991
48.3839
149.375
211.436
52.345
330.553
414.802
357.841
524.024
467.693
318.944
400.784
336.648
531.413
471.934
343.39
476.299
438.326
377.795
543.17
521.081
564.746
533.094
449.037
406.591
331.567
427.423
394.534
424.389
456.127
524.203
407.398
264.97
487.082
500.919
556.189
237.924
483.696
508.372
549.885
246.033
321.014
471.903
400.031
465.752
412.109
406.492
533.104
483.011
276.409
473.194
213.242
331.386
268.693
346.157
470.851
444.623
403.6
500.828
186.682
169.641
51.6236
332.614
422.803
358.23
526.49
458.912
314.353
397.498
330.764
534.443
475.189
341.892
473.713
445.166
361.668
541.853
516.978
564.281
527.746
438.749
399.846
323.289
416.472
389.281
423.08
459.505
518.475
415.03
294.659
522.733
513.062
581.592
268.412
496.025
536.881
581.653
277.281
361.913
496.855
418.122
477.177
444.127
412.549
566.181
517.847
308.131
511.038
247.833
367.078
295.054
388.95
508.932
471.501
444.059
532.152
356.32
200.142
451.294
521.728
480.101
638.23
600.182
449.471
527.186
468.245
644.435
585.956
468.943
599.948
546.671
519.394
663.54
646.226
683.316
659.905
583.651
537.562
466.135
563.131
523.811
547.252
570.355
651.701
515.321
328.71
508.394
596.091
613.395
303.053
579.014
557.032
584.625
307.332
328.897
534.072
485.189
563.706
453.216
517.429
563.288
508.178
331.67
484.836
268.509
364.351
342.218
339.081
481.433
502.021
405.909
539.485
171.047
295.381
394.02
310.942
469.564
368.665
257.099
332.068
265.836
478.942
424.807
290.558
403.279
410.03
255.988
471.017
438.292
495.036
444.227
345.099
322.126
251.177
322.591
317.984
361.686
410.903
434.256
385.798
358.734
590.217
491.102
604.623
339.33
475.988
574.415
630.087
349.326
461.46
523.115
425.699
455.412
501.343
378.054
620.746
582.104
377.414
588.634
335.775
444.815
347.714
495.52
587.682
506.854
536.733
581.178
284.782
372.973
311.22
478.804
417.379
269.883
352.466
287.124
486.526
427.114
295.779
428.412
395.73
325.731
495.962
472.573
517.983
484.084
398.249
356.887
281.192
376.428
345.377
377.033
411.359
475.034
365.301
245.073
475.379
462.277
530.36
219.317
445.19
486.352
532.189
228.473
319.766
445.601
366.531
426.517
395.001
363.329
517.32
470.004
259.357
465.279
201.206
320.264
244.393
349.057
463.371
420.63
400.96
482.573
98.7623
29.0689
194.031
158.644
47.0106
78.7464
54.7083
201.854
142.58
27.1662
148.661
116.726
138.463
213.338
195.064
234.386
209.275
149.402
97.9439
70.6824
135.665
81.4125
95.9635
126.921
201.534
90.5207
192.333
358.064
195.788
323.241
198.215
180.613
307.709
370.005
203.158
312.066
250.226
147.003
160.031
269.364
83.863
368.409
346.562
209.067
371.57
227.247
261.431
168.68
349.357
372.543
245.465
354.203
326.353
86.2844
119.474
159.154
139.542
97.4936
137.058
124.278
70.2922
106.677
112.792
25.2389
203.002
154.302
153.935
169.012
171.493
164.939
126.21
154.616
164.757
114.237
81.3941
57.4543
167.72
8.24621
217.83
311.088
97.0824
240.285
234.719
82.3468
238.883
302.552
235.595
318.121
180.569
90.1998
61.7414
232.948
19.2094
306.726
298.317
228.037
333.014
269.557
258.565
195.931
351.602
335.073
187.949
337.369
265.819
168.514
130.863
54.0833
50.2195
51.0882
176.777
118.271
20.6155
119.887
99.2975
126.463
185.408
166.148
206.93
180.236
123.369
72.1249
68.7677
111.803
55.3624
67.2309
103.044
172.467
78.492
217.47
369.509
182.082
321.727
225.002
168.238
311.827
375.021
229.456
335.201
253.476
151.608
147.733
282.821
68.4251
375.406
357.561
233.384
385.41
254.939
282.434
193.706
372.055
386.674
252.634
373.134
333.444
130.599
217.279
137.525
205.039
9.84886
52.3927
186.188
72.4707
94.3663
231.387
45.1774
71.1758
51.3128
85.44
151.476
150.416
218.586
166.964
151.908
108.116
68.1542
88.7694
124.619
336.69
390.786
106.005
274.876
354.154
110.476
299.167
358.274
354.853
430.768
248.477
192.421
107.564
327.483
120.934
370.109
377.636
345.897
419.142
389.031
369.716
315.159
462.058
422.019
269.216
438.839
334.26
150.712
80.9506
132.004
140.089
117.171
135.093
61.6117
147.679
114.07
111.072
73.4983
134.406
76.0263
24.1868
62.9365
136.191
46.0977
78.1025
79.404
116.056
66.0303
157.003
347.264
470.16
214.245
383.85
355.788
209.697
393.432
456.465
360.035
462.014
336.341
249.002
195.433
391.251
144.087
463.03
457.341
362.311
492.016
385.737
406.273
323.514
497.974
494
346.671
491.906
423.001
83.2406
19.2094
226.108
169.296
33.5261
159.48
153.379
99.0454
227.985
202.781
250.88
214.238
135.104
88.2326
27.0185
116.211
75.591
110.168
154.729
205.275
131.529
222.643
402.959
235.968
369.823
223.618
221.822
354.673
416.857
230.063
345.058
297.236
194.01
201.246
313.409
122.25
414.904
391.695
240.917
415.03
248.365
298.329
199.812
382.884
415.8
292.063
393.144
372.865
68.469
146.874
94.921
58.2495
76.243
97.7446
108.19
144.81
120.304
167.887
132.925
76.1183
29.1204
81.0987
69.5845
17.6918
29.8329
83.1865
124.535
92.3093
266.43
403.124
180.056
337.013
274.875
169.712
335.932
399.626
279.084
382.28
277.431
181.033
150.894
319.828
78.7909
402.875
390.692
281.727
421.996
305.11
327.715
242.668
418.642
423.619
282.082
415.833
361.509
214.149
158.978
32.0156
144.156
148.034
84.4808
212.984
186.271
236.241
197.091
115.974
69.9714
17.6918
97.0052
58.5235
97.0052
145.134
187.949
129.402
239.201
412.753
231.767
372.325
241.205
218.49
360.325
423.09
247.386
361.112
302.324
199.492
198.114
324.04
118.727
422.246
401.218
257.126
426.175
266.661
313.006
216.093
398.814
427.108
299.242
407.034
380.191
59.4811
194.743
82.2982
99.0454
241.232
49.2544
78.7718
50.6952
92.1141
161.152
160.162
227.879
176.777
161.447
117.346
75.2861
96.1509
129.85
340.577
388.506
102.489
269.551
358.575
108.416
295.611
354.035
359.026
432.678
245.967
193.869
107.355
327.014
127.012
366.442
375.366
349.311
417.422
393.629
371.442
319.331
463.492
420.377
267.72
438.895
331.187
137
57.28
46.6476
198.588
84.0238
88.0738
99.3579
105.759
132.061
114.586
173.98
141.45
111.485
65.3911
15.8114
103.947
74.2496
287.988
364.496
97.1288
267.088
304.266
92.9731
280.585
342.656
305.473
387.262
225.375
152.765
80.7527
293.517
69.0652
351.172
351.411
298.329
389.965
338.754
327.061
265.876
420.011
392.46
240.674
401.927
312.578
132.914
119.871
112.792
200.192
178.135
222.407
191.128
124.036
72.9452
49.5782
109.202
57.0088
81.2712
122.102
182.784
98.7927
219.094
382.649
202.684
340.384
224.154
188.767
328.495
391.369
229.401
339.171
270.416
167.726
168.238
294.681
89
390.867
370.946
236.028
397.102
252.295
288.562
195.502
376.494
398.178
267.882
381.106
348.827
95.3362
159.424
68.884
46.7547
92.4392
62.482
80.0562
81.2219
155.048
94.5145
86.5794
52.6972
60.0083
56.6039
113.217
321.179
419.011
153.522
324.23
333.906
150.217
337.35
399.685
336.602
428.627
281.498
202.054
137.674
344.646
102.552
407.727
406.001
333.918
443.157
366.613
370.095
297.955
463.001
445.457
295.007
450.156
368.665
205.828
130.43
133.135
144.278
150.841
156.869
124.619
165.061
160.125
115.365
75.1798
36.1386
147.963
31.3847
242.539
324.039
84.0595
240.882
259.788
72.2496
245.943
309.201
260.526
340.617
188.664
107.448
53.1507
249.56
33.0151
315.357
311.079
252.301
347.829
294.703
280.473
220.839
373.45
350.121
200.09
356.507
275.378
222.2
186.424
246.148
190.095
90.0056
84.0536
72.111
68.3593
90.5097
134.629
189.201
180.1
196.698
321.403
495.316
288.106
443.262
321.1
277.894
437.476
500.899
327.989
444.015
378.942
277.91
258.94
407.462
183.807
501.786
483.53
339.848
509.843
343.722
397.152
298.739
481.873
510.882
379.084
491.471
459.854
38.5876
24.0832
46.4004
134.715
149.084
223.886
154.26
155.425
118.929
97.6217
53.0377
157.953
371.797
435.822
151.083
318.779
387.497
155.563
344.285
403.124
389.001
470.642
293.602
233.9
151.648
371.252
151.347
415.204
422.67
382.335
463.906
421.628
410.079
349.494
502.845
466.734
313.904
481.881
379.438
61.0983
17.72
97.5141
118.663
195.249
118.089
127.758
99.2018
97.1442
17.72
155.653
366.652
451.602
173.277
344.269
380.017
174.347
364.496
425.18
382.488
471.832
311.058
240.416
166.193
381.587
146.291
435.46
438.48
378.863
477.722
412.985
412.495
343.6
505.529
480.277
328.093
489.59
398
65
158.24
173.026
247.477
178.101
179.011
141.209
114.202
73.2462
173.485
386.793
438.416
151.796
314.516
403.537
158.808
344.105
401.244
404.586
482.066
295.787
243.707
157.991
377.709
168.22
414.654
425.293
396.474
467.736
438.098
421.029
364.936
513.359
470.737
318.201
489.531
380.296
100.125
128.082
204.919
122.004
138.708
113.952
114.826
10
173.072
383.401
468.975
189.402
359.874
396.37
191.094
381.257
441.638
399.005
489.254
328.184
258.136
183.461
399.276
163.478
452.249
455.848
395.835
495.262
429.089
430.026
360.257
523.054
497.835
345.562
507.307
415.03
51.4782
117.801
22.8035
68.1542
83.5464
128.413
90.1388
161.645
340.824
475.429
228.862
396.313
347.612
222.827
402.482
465.907
352.434
458
344.688
253.237
207.155
394.127
148.223
471.247
462.776
356.707
495.791
376.3
403.803
317.065
494.531
497.579
352.8
491.757
430.61
76.844
41.0122
16.7631
50.9313
105.262
118.68
121.264
289.456
432.098
205.066
364.968
296.142
195.78
364.892
428.585
300.958
407.217
306.425
210.098
177.609
348.382
107.703
431.968
419.695
305.5
450.672
324.992
353.787
265.707
443.952
452.244
311.194
443.086
390.621
97
68.469
110.549
160.59
195.479
147.003
249.359
428.488
248.944
389.955
249.69
235.85
377.477
440.114
256.345
371.91
319.583
216.615
215.523
339.33
136.18
438.95
417.077
267.748
441.203
273.542
325.346
226.638
409.763
442.041
315.964
420.105
396.89
57.1402
84.9706
135.418
112.004
160.44
327.983
472.649
236.631
400.959
333.326
229.094
403.604
467.248
338.6
446.878
345.326
250.45
212.144
389.317
146.84
471.349
460.185
344.511
491.55
360.935
394.143
304.306
483.823
493.15
351.232
483.931
430.215
46.0977
100.344
129.692
108.674
272.712
417.337
197.74
354.177
279.544
187.385
352.036
415.716
284.297
390.483
293.471
195.76
168.505
332.952
95.2943
418.47
405.02
288.737
435.362
308.598
337.191
248.96
427.245
436.871
297.121
426.793
376.948
54.6443
106.794
78.3135
273.249
392.149
154.175
316.057
284.355
145.245
319.406
382.953
287.628
384.832
261.4
170.238
127.581
312.058
65.0692
387.848
379.444
287.117
413.174
316.269
328.056
249.708
420.273
415.077
269.295
412.641
347.109
111.826
60.4401
274.221
359.022
101.213
268.153
289.945
94.414
278.097
340.812
291.383
375.502
221.775
143.586
79.3788
285.591
54.037
348.213
346.006
285.044
383.423
324.228
315.736
251.873
408.765
385.778
235.019
392.613
308.877
168.861
377.751
468.165
190.874
361.952
390.217
191.669
381.755
442.61
393.046
484.839
328.002
255.409
183.025
397.141
158.761
452.691
455.057
390.519
493.907
422.655
425.96
354.493
518.947
496.407
344.489
504.401
415.03
213.846
313.847
105.304
246.603
230.054
90.471
243.633
307.327
231.225
316.185
185.162
92.0217
69.857
234.361
13.6015
310.923
301.159
224.617
335.037
264.66
257.099
191.638
350.091
337.001
191.23
337.44
269.785
233.962
273.724
292.611
27.2947
257.303
243.403
287.124
21.3776
123
209.468
159.731
244.969
150.083
221.145
272.523
227.247
19.9249
229.957
60.208
87.2353
23.7697
161.003
228.954
180.347
183.096
237.542
286.7
160.515
257.42
280.316
103.175
85.3815
247.8
179.524
142.636
222.315
285.58
91.0659
327.214
59.9083
13.1529
217.249
37.0135
274.913
155.795
242.588
176.182
41.4005
124.004
110.318
64.405
171.563
296.284
17.2627
193.21
252.446
294.272
347.922
144.069
114.39
36.3456
230.586
113.719
264.121
273.591
277.838
316.59
332.036
286.379
256.07
375.41
319.714
168.077
343.862
228.72
319.903
174.184
62.6099
92.6984
312.963
301.921
84.7703
179.613
189.18
164
259.465
113.252
150.073
284.703
197.314
350.043
251.883
287.545
313.696
201.586
112.446
257.769
97.3088
279.589
270.485
313.249
10
129.838
236.685
183.175
266.242
175.756
236.178
298.007
251.34
40.2244
251.048
35.7771
105.759
40.2492
167.359
249.73
207.639
198.245
263.797
190.168
251.048
277.737
334.054
138.051
98.4733
20.6155
220.045
99.8499
261.155
267.167
261.847
309.006
315.357
272.443
239.353
362.327
311.97
159.399
332.886
224.27
63.6946
262.667
240.608
58.6003
160.863
199.832
104.307
257.189
71.007
91.4002
232.998
138.842
298.117
193.259
241.963
251.247
142.902
67.6757
195.359
38.9487
304.508
258.017
122.25
223.647
262.011
137.786
320.882
25.9422
80.2309
273.775
120.83
336.875
222.463
289.664
259.372
125.3
125.734
195.028
49.7393
120.839
230.217
180.546
264.97
166.859
237.857
288.95
241.859
30.8869
241.133
38.833
95.7758
39.6989
158.534
239.794
200.564
188.353
255.157
235.716
239.008
327.666
138.578
326.107
235.478
179.805
104.173
157.204
125.706
61.6198
145.279
38.0132
154.146
201.296
82.662
216.123
103.233
145.014
99.8098
198.736
126.696
129.522
203.062
173.104
268.007
179.424
203.214
254.702
176.411
34.4384
210.278
87.2067
89.1067
142.79
105.171
223.886
209.774
163.453
243.019
218.762
177.629
143.252
269.666
245.002
101.514
249.195
182
219.92
79.404
270.453
272.443
250.801
312.618
302.002
266.12
226.02
357.351
315.357
162.607
331.545
232.138
247.164
122.45
81.4002
136.059
102.591
199.223
89.0225
155.081
155.039
103.947
66.4831
113.442
88.8876
324.524
314.554
232.744
348.116
270.296
267.591
198.494
360.462
350.036
204.749
349.292
283.381
56.0357
258.074
94.9368
319.862
203.364
276.904
235.128
99.4032
123.004
170.038
42.0595
211.116
47.5079
270.237
151.7
234.828
179.234
51.6624
111.005
114.983
53.0754
211.691
65.3758
67.7422
41.1096
142.088
210.535
172.29
163.233
224.511
264.093
145.774
241.919
147.763
4.47214
150.03
80.2247
100.568
119.269
76.0263
160.627
262.231
237.609
202.714
288.092
104.043
93.0376
144.257
145.165
96.8401
175.647
183.175
241.299
176.528
200.861
239.927
144.007
220.801
67.6018
222.252
152.83
76.4199
104.738
178.832
80.9506
162.388
