80
13
28.8444
35.805
23.7065
25.318
47.5184
58.6003
28.2312
55.0818
34.8855
39.3573
21.2603
60.959
46.8615
31.5753
25.9615
36.8782
47.4131
45.3982
47.0425
36.3593
46.6154
34.1321
46.5725
36.6197
1001.14
1002
955.525
968.967
991.583
987.142
975.919
1001.6
970.048
959.213
991.1
981.644
954.019
984.974
955.967
987.828
964.997
998.759
974.89
984.752
993.903
998.644
948.97
983.972
947.575
971.014
220.411
254.49
209.057
233.574
422.797
229.713
406.864
311.67
264.622
267.479
414.606
171.231
447.77
349.291
179.204
252.161
434.181
447.854
398.91
400.605
312.923
354.171
394.23
353.442
388.846
385.488
238.008
426.85
19.4165
44.0114
16.0312
21.5407
59.0339
68.0074
31.1448
55.0727
26.3059
30.5941
11.1803
67.7422
54.1202
26.6833
27.5862
36.8917
56.6127
43.8634
43.1741
45.2217
56.5155
38.4187
46.6476
44.9444
994.635
995.504
949.584
962.538
985.982
981.432
969.594
995.141
964.35
952.95
984.588
975.846
947.773
978.649
949.965
981.253
958.658
992.464
968.907
978.265
987.928
992.36
942.839
977.553
941.491
964.494
219.864
247.823
203.199
226.566
414.367
226.559
397.825
299.408
263.139
255.123
403.496
169.815
438.617
345.562
179.368
241.305
423.608
440.477
388.765
396.461
311.811
349.757
387.505
341.775
378.114
378.114
233.42
418.084
45.0999
5.83095
12.0416
65.2534
69.0072
27.074
42.45
7
11.1803
8.24621
64.0312
52.345
12.2066
23.0217
26.8328
58.0345
30.4138
26.9258
47.2652
59.3043
34.3657
35
46.0977
975.287
976.158
930.344
943.204
966.828
962.248
950.276
975.8
945.169
933.643
965.24
956.64
928.47
959.332
930.712
961.897
939.338
973.152
949.658
958.921
968.68
973.049
923.559
958.22
922.22
945.145
204.012
228.484
184.068
207.183
395.035
208.691
378.653
283.863
246.4
239.885
385.8
153.388
419.488
327.249
164.347
223.323
405.346
421.062
370.158
377.915
295.298
331.103
368.143
324.902
360.001
358.699
214.756
398.83
40
33.2415
22.8035
24.3311
18.6815
34.9285
46.0977
49.0408
43.2897
25.4951
11.4018
36.4005
22.3607
25.807
13.0384
33.2415
40.4599
2.82843
14.3178
13.6015
29.4109
1
984.752
985.572
937.594
952.37
972.721
968.572
959.025
985.081
951.458
942.161
974.726
963.309
936.923
968.073
938.199
971.634
948.153
981.767
957.056
968.31
976.038
981.62
931.561
967.337
930.037
954.674
192.419
240.709
193.569
221.109
413.484
207.002
399.825
321.31
238.053
278.196
416.557
145.582
440.985
327.002
150.373
254.018
433.402
434.954
396.365
379.065
285.379
333.486
379.569
358.811
389.031
372.855
218.673
418.718
8.06226
59.6657
64.1249
22.561
41.2311
11.1803
15.6525
5.83095
60.0833
47.8539
11.1803
18.4391
24.2074
53.0094
29.4109
27.5136
42.0476
54.0833
30.0832
33.2415
41
978.886
979.751
933.703
946.768
970.044
965.511
953.797
979.379
948.427
937.138
968.84
959.94
931.958
962.853
934.097
965.522
942.865
976.661
953.035
962.51
972.055
976.554
926.998
961.78
925.639
948.748
204.707
232.08
187.267
210.924
399.411
210.642
383.275
289.62
247.607
245.668
391.203
154.383
424.156
329.56
164.596
228.659
410.557
425
375.213
380.434
296.38
333.726
371.797
330.492
365.274
362.631
217.389
403.342
54.0833
57
15.0333
33.8378
13.4164
17.2047
13.4536
52.2015
40.3113
6.32456
11
16.2788
46.0977
22.3607
22.0907
35.5106
47.5184
22.3607
25.6125
34.2345
975.833
976.69
930.276
943.661
966.4
961.936
950.621
976.296
944.844
933.921
965.789
956.42
928.729
959.676
930.708
962.514
939.698
973.464
949.634
959.443
968.649
973.35
923.694
958.667
922.304
945.702
198.323
229.172
183.788
208.279
397.839
205.507
382.237
292.515
241.665
248.805
392.317
148.314
423.208
324.785
157.877
229.617
411.033
422.587
375.247
375.9
290.3
329.342
368.912
332.388
365.954
360.225
213.084
402.057
18.9737
40.7063
56.0357
67.4166
70.7743
61.6604
33.0151
25.4951
58.1808
43.8634
48.6004
15.8114
55.9017
63.2535
20
11.7047
36.4005
51.6624
22.0227
1001.67
1002.48
953.764
969.204
988.382
984.392
975.712
1001.94
967.275
958.776
991.658
979.257
953.518
984.752
954.453
988.654
964.868
998.396
973.269
985.213
992.227
998.233
948.001
984.147
946.412
971.631
203.305
259.725
212.191
240.693
433.586
221.815
420.595
344.093
249.802
300.927
438.99
159.079
461.775
341.423
161.009
276.552
455.457
453.79
418.145
393.794
295.995
348.862
397.8
381.54
411.258
391.899
235.342
439.164
42.0119
47.2017
69.2604
71.7008
67.6018
16.5529
17.72
59.3043
46
46.3249
11.4018
51.0784
59.2368
22.8035
12.2066
35.2278
45.618
23.3452
985.106
985.897
936.779
952.589
971.136
967.225
959.008
985.332
950.108
942.034
975.099
962.154
936.765
968.044
937.512
972.149
948.182
981.657
956.303
968.637
975.247
981.485
931.161
967.515
929.538
955.088
184.784
245.155
197.396
226.753
419.935
204.534
407.848
338.999
231.424
296.569
429.958
141.428
449.021
323.818
142.506
268.203
445.184
438.799
407.226
376.279
277.346
331.67
382.341
374.253
401.528
377.154
219.021
425.945
27.2947
27.4591
30.3645
26.9258
37.6962
25.318
17.72
4.12311
10.4403
31.257
19.6469
24.6982
21.1896
32.9848
7.61577
19.0263
19.6469
976.971
977.811
930.658
944.696
966.326
962.007
951.514
977.37
944.902
934.735
966.934
956.608
929.52
960.566
931.171
963.745
940.613
974.313
950.068
960.554
969.07
974.183
924.331
959.685
922.879
946.861
192.276
231.158
184.792
210.851
402.057
202.714
387.424
303.804
236.719
260.45
401.015
143.391
428.515
322.56
150.987
238.298
418.724
425.208
382.256
374.162
284.886
328
370.667
342.286
374.005
362.927
212.191
406.787
38.0132
37.5899
47.0106
33.6155
31.1448
30.4138
29.1204
18.3848
41.1096
12.0416
18.0278
37.5766
44.8219
24.1868
8.544
35.3412
950.905
951.736
904.218
918.578
939.686
935.427
925.32
951.271
918.319
908.502
940.873
930.078
903.277
934.371
904.768
937.732
914.432
948.094
923.649
934.476
942.644
947.956
898.012
933.557
896.529
920.809
165.412
206.041
159.126
186.271
378.556
175.482
364.966
291.925
209.554
249.722
383.463
116.181
406.133
295.381
124.483
221.353
399.506
400.281
362.112
347.071
257.847
301.027
345.162
327.141
355.445
338.126
185.456
383.803
4.47214
15.1327
62.6498
52.0096
10
23.7697
24.5153
58.6941
26.0768
21.2603
48.5077
60.4152
34.0588
31.305
47.0744
968.34
969.21
923.362
936.25
959.834
955.258
943.315
968.849
938.178
926.678
958.293
949.653
921.504
952.371
923.733
954.954
932.378
966.189
942.678
951.972
961.699
966.086
916.586
951.265
915.245
938.199
197.687
221.531
177.071
200.26
388.361
201.854
372.136
279.401
239.821
235.601
380.217
146.932
413.005
320.32
158.294
217.624
399.44
414.198
364.047
370.951
288.766
324.127
361.204
319.766
354.189
351.832
207.781
392.237
19.4165
64.195
54.231
12.6491
26.9258
26.0192
61.3922
26
20
51.5461
63.3246
36.4966
31.6228
50
964.126
964.997
919.231
932.047
955.756
951.162
939.127
964.641
934.085
922.499
954.078
945.543
917.328
948.182
919.592
950.731
928.188
962.005
938.54
947.761
957.562
961.903
912.426
947.064
911.092
933.983
194.987
217.329
173.026
196.01
383.943
198.406
367.681
275.334
236.783
231.603
375.826
144.087
408.545
316.659
155.926
213.214
394.994
409.883
359.58
367.185
285.787
320.315
356.976
315.484
349.757
347.52
203.983
387.796
64.622
51.923
17
22.8473
29.7321
56.3205
35.2278
33.2415
45.0999
57.0351
34.5398
38.9487
44.2832
983.472
984.342
938.467
951.381
974.905
970.341
958.443
983.981
953.26
941.804
973.425
964.745
936.629
967.498
938.842
970.087
947.506
981.315
957.786
967.103
976.807
981.212
931.704
966.396
930.36
953.331
210.488
236.662
192.128
215.39
403.268
216.12
386.836
290.589
253.3
246.473
393.418
160.112
427.656
334.903
170.417
231.043
413.189
429.298
378.134
385.684
302.101
338.923
376.336
332.182
367.784
366.935
222.576
407.039
14.1421
52.7731
41.7852
38.2099
18.4391
40.3113
48.5077
25.807
22.2036
30.0832
34.3657
24.8395
969.054
969.85
920.939
936.558
955.46
951.497
943.019
969.298
934.379
926.064
959.043
946.385
920.8
952.057
921.647
956.07
932.185
965.685
940.452
952.589
959.404
965.518
915.24
951.492
913.636
939.025
170.696
228.615
180.867
210.202
403.387
188.86
391.369
325.161
217.018
283.177
414.365
126.063
432.539
308.415
128.413
252.96
429.2
422.309
391.082
360.799
263.532
315.945
365.925
359.356
385.716
360.634
202.83
409.42
42.0119
29.4279
28.6356
10
33.541
41.6293
12.083
13.8924
18.0278
28.3019
10.8167
977.08
977.89
929.52
944.649
964.398
960.326
951.223
977.373
943.21
934.32
967.059
955.126
929.071
960.267
930.168
964.017
940.366
973.934
949.005
960.627
967.975
973.779
923.626
959.603
922.068
947.021
182.2
234.361
186.904
215.232
408.094
198.162
395.133
322.009
228.116
279.373
414.606
136.132
436.314
318.057
140.036
252.446
430.573
428.492
393.046
370.265
275.153
324.963
372.667
358.046
386.571
366.547
210.761
413.673
14.3178
14.8661
48.8365
18.4391
16.4924
38.8973
50.6952
24.0832
22.8035
37.3631
969.62
970.478
924.13
937.456
960.303
955.823
944.428
970.087
938.732
927.735
959.575
950.295
922.545
953.483
924.555
956.294
933.504
967.275
943.483
953.231
962.499
967.162
917.524
952.463
916.14
939.488
193.546
222.926
177.634
202
391.515
199.912
375.932
287.237
236.546
243.655
386.374
143.279
416.909
319.038
153.418
223.652
404.935
416.293
369.066
370.061
285.282
323.447
362.668
326.696
359.903
353.929
207.155
395.74
11.0454
35.1283
20.025
23.7697
24.7386
36.6742
11.7047
20.6155
23.3452
977.37
978.215
931.263
945.123
967.054
962.696
951.98
977.787
945.595
935.222
967.331
957.265
930.013
961.033
931.754
964.119
941.073
974.791
950.659
960.96
969.665
974.666
924.866
960.117
923.431
947.254
194.487
231.251
185.13
210.772
401.568
204.083
386.657
301.204
238.665
257.73
399.224
145.279
427.72
323.818
153.388
236.485
417.235
425.169
380.963
375.3
286.965
329.024
370.86
340.125
372.404
362.857
213.059
406.154
36.7696
9.21954
14.8661
28.6007
39.3573
12.2066
9.84886
26.6271
966.636
967.478
920.411
934.371
956.144
951.804
941.204
967.042
934.7
924.434
956.598
946.387
919.222
950.257
920.913
953.401
930.301
964.008
939.814
950.222
958.818
963.88
914.051
949.362
912.606
936.523
183.774
220.737
174.428
200.412
391.649
193.039
377.097
295.503
227.774
252.414
391.451
134.373
418.199
312.775
142.864
228.79
408.853
414.773
372.227
364.269
276.147
318.014
360.268
333.216
364.243
352.49
202.089
396.415
42.72
50.6063
11.4018
4.12311
25
37.8021
12.0416
986.017
986.822
938.23
953.56
972.948
968.926
960.09
986.291
951.809
943.166
976
963.766
937.911
969.132
938.904
972.984
949.242
982.784
957.728
969.559
976.69
982.624
932.419
968.507
930.842
955.969
189.085
243.92
196.38
224.929
417.872
206.475
405.031
331.436
235.332
288.647
424.549
144
446.213
326.221
146.813
262.338
440.569
437.978
403.045
378.529
281.945
333.444
382.001
367.822
396.551
376.092
219.672
423.515
8.24621
36.0694
45.8039
20
6
33.9411
957.439
958.282
911.259
925.179
947.032
942.678
932.019
957.848
925.575
915.254
947.401
937.251
910.043
941.073
911.755
944.2
921.115
954.826
930.658
941.026
949.664
954.699
904.881
940.171
903.441
927.326
176.045
211.518
165.221
191.207
382.539
184.318
368.11
288.73
219.641
245.935
383.344
126.242
409.225
303.949
135.518
220.78
400.41
405.561
363.607
355.36
268.168
309.04
351.05
325.641
355.924
343.281
193.041
387.363
43.2782
53.535
26.9072
14.1421
41.2311
954.313
955.165
908.529
922.106
944.545
940.113
929.021
954.755
923.018
912.297
944.272
934.625
907.098
938.076
908.983
941.026
918.105
951.851
927.901
937.914
946.913
951.732
902.017
937.107
900.609
924.189
177.279
207.885
162.117
187.243
377.809
183.469
362.906
281
220.095
238.076
376.591
126.874
403.976
302.696
137.437
213.925
394.081
401.642
357.561
353.815
268.868
307.275
347.574
318.399
349.425
339.308
191.042
382.385
12.0416
16.4012
32.2025
2.23607
987.059
987.877
939.818
954.667
974.89
970.758
961.306
987.38
953.644
944.434
977.033
965.51
939.194
970.353
940.432
973.951
950.437
984.042
959.285
970.615
978.265
983.893
933.814
969.631
932.283
956.984
193.961
243.214
196.023
223.672
416.112
209.022
402.517
324.099
239.719
280.964
419.38
147.411
443.68
329.002
151.855
256.844
436.203
437.453
399.145
381.106
286.923
335.596
382.001
361.637
391.843
375.373
220.912
421.38
27.313
41.1096
13.3417
990.131
990.936
942.327
957.673
977.029
973.012
964.2
990.404
955.895
947.275
980.115
967.856
942.019
973.242
943.004
977.1
953.353
986.893
961.826
973.673
980.788
986.732
936.523
972.619
934.944
960.084
192.899
248.02
200.489
229.002
421.922
210.535
409.02
334.51
239.207
291.606
428.165
148.003
450.201
330.256
150.615
265.876
444.326
442.088
406.871
382.577
285.727
337.52
386.122
371.214
400.25
380.195
223.788
427.537
17.088
14.4222
975.078
975.91
928.401
942.756
963.845
959.596
949.503
975.447
942.487
932.687
965.046
954.254
927.462
958.554
928.953
961.899
938.614
972.278
947.834
958.65
966.828
972.141
922.198
957.736
920.715
944.981
187.361
229.965
183.199
209.99
401.856
199.251
387.743
307.709
232.228
264.613
403.288
139.086
428.879
319.226
145.784
240.682
420.409
424.17
383.575
371.022
280.146
325.075
369.221
345.303
375.918
361.964
209.612
406.854
30
958.341
959.177
911.858
926.041
947.443
943.148
932.824
958.725
926.042
916.027
948.306
937.77
910.807
941.876
912.387
945.14
921.929
955.611
931.277
941.918
950.276
955.478
905.584
941.026
904.118
928.238
173.954
212.96
166.307
192.925
384.775
183.698
370.741
293.716
218.05
251.078
387.331
124.664
411.885
303.534
133.015
224.9
404.005
407.141
366.958
355.141
266.372
309.002
352.295
330.106
359.68
344.92
193.259
389.803
984.919
985.738
937.713
952.531
972.809
968.67
959.177
985.244
951.556
942.308
974.893
963.415
937.069
968.224
938.323
971.808
948.306
981.915
957.178
968.476
976.158
981.767
931.696
967.497
930.168
954.843
192.208
241.006
193.83
221.45
413.879
207.01
400.281
322.126
237.895
279.034
417.221
145.496
441.444
327
150.137
254.7
434.005
435.247
396.931
379.084
285.17
333.542
379.816
359.547
389.659
373.162
218.799
419.144
1.41421
66.4003
32.8938
79.0253
70.3491
29.8329
4.12311
75.8947
46.8722
10.0499
64.3273
52.1536
22.8035
62.482
14.5602
38.9487
19
52.3927
16.4924
47.0425
20
61.2209
18.868
64.5368
30.1496
809.391
746.813
792.245
768.173
591.001
781.195
615.263
791.094
763.217
821.901
668.45
844.751
580.246
664.801
848.896
785.052
632.482
556.232
646.789
612.465
727.351
654.492
607.166
734.836
672.773
618.026
766.345
592.166
66.2193
33.5261
78.0577
69.4622
30
3
75.2728
47.1699
11
63.561
52.4786
22.6716
62.3699
15.8114
39.3573
18.0278
51.8941
17.2627
46.0977
19.0263
61.4003
19.2354
64.6607
31.0644
810.106
747.682
793.091
769.051
592
781.965
616.293
792.21
763.918
822.982
669.604
845.521
581.31
665.523
849.633
786.064
633.624
557.164
647.878
613.176
727.996
655.245
608.043
735.963
673.886
618.943
767.151
593.19
42.9535
46.0435
37.1214
38.0132
63.8905
24.8395
27.0185
60.0333
28.7924
25.318
43.6005
5
62.6498
34.5254
52.4976
19.6469
54.5619
38.4708
51.8556
17
49.2443
14.2127
50.9902
758.388
702.14
746.496
723.896
553.448
732.309
579.367
760.149
711.77
788.495
640.614
795.721
546.628
614.296
798.645
747.575
603.925
515.248
614.479
561.712
674.051
605.188
563.288
704.807
641.929
576.008
718.924
556.051
73.9256
63.6946
11.3137
32.7567
61.4003
17
23.2594
55.0273
21.4009
18.3848
38.0789
22.6716
8.544
32.0156
38.3275
16.5529
46.2277
32.28
31.9061
15.0333
35.8469
8.06226
776.621
714.72
760.012
736.144
560.089
748.594
584.72
761.838
730.415
792.051
639.932
812.146
550.186
632.048
816.184
754.265
603.738
524.645
617.098
579.687
694.471
621.831
575.138
705.783
643.467
586.299
733.897
561.557
10.2956
63.5689
75.06
23.0868
64.6375
78.4092
19.4165
66.0681
62.1691
49.0408
83.863
68
60.0333
36.3593
76.2955
32
59.0339
61.6198
70.406
59.8164
80.9938
791.099
739.133
782.783
761.066
594.142
766.616
620.627
802.757
744.235
830.297
684.2
829.807
588.743
647.735
831.847
787.93
647.383
554.593
656.875
595.134
705.071
639.519
601.053
747.741
684.717
614.684
754.233
597.285
53.4509
66.4831
17.1172
54.4059
69.0652
9.21954
55.9732
52.469
39.6611
74.3303
57.7062
51.4782
26.0768
66.6108
23.5372
50.4876
52.0096
60.6712
50.4777
70.8378
787.655
734.36
778.245
756.239
588.062
762.691
614.335
795.932
740.854
823.811
676.925
825.96
582.107
644.045
828.266
782.001
640.166
548.993
650.13
591.434
702.098
635.56
596.001
740.771
677.806
609.328
749.999
591
28.3019
53.0094
17.4642
22.2036
45.1221
22.8473
9.05539
33.6155
24.6982
11
23
29.0689
16.5529
35
23.0217
31.4006
11.4018
34.7131
17.4642
782.43
721.803
766.907
743.303
568.285
754.862
593.155
770.93
736.11
800.85
649.351
818.397
558.914
637.932
822.171
762.514
613.074
532.304
626.005
585.496
699.704
627.976
582.326
714.973
652.553
593.81
740.463
569.956
72.45
45.6508
11.4018
60.6383
51
20.5183
60.1415
17
38.0789
15.0333
49.1935
17
43.1045
16.0312
59.6406
18.0278
62.8013
31.0161
809.356
747.319
792.67
768.714
592.008
781.349
616.393
792.591
763.134
823.243
670.116
844.901
581.519
664.79
848.936
786.107
634.095
556.978
648.167
612.42
727.083
654.588
607.705
736.381
674.253
618.712
766.625
593.273
48.3839
72.3671
14.2127
48.3322
54.9181
28.8444
76.6551
53.9351
58.1808
24.1868
68.469
33.3017
57.2713
41.6173
62.514
39.0512
69.2604
770.565
717.307
761.16
739.196
571.428
745.574
597.814
779.757
723.771
807.407
661.121
808.844
565.796
626.936
811.163
765.299
624.309
532.152
633.896
574.325
685.075
618.443
579.001
724.707
661.695
592.409
732.888
574.474
38.2884
45.2217
5.38516
26.2488
22.0227
39.0512
8.60233
39.6232
28.4253
31.8277
42.5441
39.4588
15
28.0179
18.868
24.6982
765.23
705.19
750.179
726.736
552.566
737.831
577.678
756.235
718.878
785.764
635.172
801.355
543.779
620.762
805.029
746.821
598.77
516.117
611.082
568.304
682.358
610.902
565.792
700.426
637.869
577.499
723.565
554.445
62.0725
43.4166
17.4642
55.7584
6.40312
30
20.5913
48.2701
6.7082
46.6905
21.4709
53.0377
10.8167
56.5862
20.0998
799.465
736.767
782.205
758.125
581
771.207
605.298
781.298
753.311
812.023
658.764
834.765
570.335
654.868
838.943
775.065
622.759
546.188
636.928
602.545
717.533
644.522
597.117
725.069
662.967
607.978
756.328
582.193
46.7547
45.0111
30.8869
67.0075
48.7545
45.8803
17
59.0762
19.4165
44.9222
43.0116
53.0848
41.6773
62.3618
782.984
728.618
772.685
750.451
581.316
757.629
607.425
788.61
736.24
816.737
669.284
820.954
574.941
639.191
823.476
775.35
632.569
542.623
642.876
586.581
697.827
630.487
590.054
733.344
670.428
603.14
744.686
584.098
31.6228
20.3961
43.8634
13.4536
44.911
30.4795
36.8782
46.0977
44.7214
10.7703
33.2866
14.8661
28.6531
759.901
700.024
744.981
721.583
547.666
732.547
572.85
751.636
713.54
781.047
630.734
796.068
539.056
615.442
799.716
741.923
594.295
511.079
606.419
562.979
676.993
605.607
560.651
695.874
633.277
572.423
718.318
549.607
39.6989
22
20.025
14.0357
30.8058
14.1421
31.3847
14.1421
39.4462
8.24621
42.4382
21.9317
791.41
730.858
775.961
752.358
577.25
763.888
602.077
779.677
745.077
809.688
657.97
827.421
567.768
646.923
831.171
771.473
621.728
541.334
634.81
594.479
708.604
636.993
591.38
723.685
661.302
602.85
749.507
578.885
58.1378
29.6142
49.4065
19
50.1199
38.0132
48.8262
12.8062
44.9444
10.8167
46.0977
759.406
702.443
746.922
724.162
553.001
733.076
578.775
759.171
712.834
787.737
639.344
796.516
545.818
615.228
799.581
747.177
602.702
515.117
613.58
562.659
675.337
605.977
563.47
703.739
640.912
576.003
719.526
555.471
30.4795
26.9258
52.469
8.24621
52.3927
27.7849
54.037
14.1421
57.8014
17.4642
796.895
733.443
778.989
754.752
577.022
768.368
601.163
776.709
750.813
807.62
653.979
831.928
566.022
652.274
836.264
771.016
618.037
542.551
632.484
600.004
715.31
641.776
593.756
720.425
658.401
604.417
753.313
578.086
34
31.7805
23.4307
42.5206
34.0147
23.6008
20.1246
27.4591
16.4924
771.749
710.862
755.993
732.353
557.291
744.067
582.177
760.059
725.461
789.917
638.581
807.606
547.973
627.229
811.444
751.522
602.277
521.311
615.094
574.811
689.194
617.207
571.371
704.129
641.683
582.825
729.605
558.975
35.805
21.9317
28.0713
1
51.6236
18.3576
54.1295
34
804.789
744.686
789.735
766.204
591.274
777.452
616.112
793.671
758.41
823.714
671.894
840.976
581.799
660.342
844.622
785.499
635.674
555.292
648.827
607.872
721.726
650.517
605.238
737.662
675.296
616.78
763.178
592.919
44.2832
19.0263
35
28.7924
38.3275
28.6356
45.8912
778.006
721.405
765.849
743.132
571.934
751.847
597.655
777.825
731.397
806.531
657.757
815.271
564.588
633.891
818.242
766.123
621.161
534.113
632.292
581.311
693.698
624.734
582.454
722.325
659.54
595.003
738.383
574.356
45.2217
22.6274
46.6905
6
50.3289
14.0357
792.9
730.442
775.838
751.82
575.008
764.712
599.404
775.735
746.729
806.311
653.38
828.269
564.564
648.309
832.404
769.11
617.318
540.009
631.253
595.974
710.898
638.003
590.811
719.555
657.389
601.761
749.889
576.281
27.074
46.8722
39.5601
47.2652
52.1536
796.822
740.43
784.865
762.158
590.794
770.779
616.437
796.313
750.187
825.194
675.966
834.192
583.227
652.754
837.101
785
639.426
553.09
650.856
600.167
712.341
643.659
601.479
740.733
678.001
614.007
757.366
593.145
51.264
18.868
53.7122
34.4819
804.558
744.587
789.615
766.114
591.305
777.268
616.173
793.819
758.169
823.822
672.09
840.788
581.898
660.122
844.408
785.535
635.857
555.26
648.95
607.645
721.443
650.323
605.153
737.824
675.444
616.73
763.024
592.976
42.5206
4.12311
39.3573
753.733
695.179
739.914
716.817
544.259
726.829
569.759
749.443
707.276
778.389
629.143
790.32
536.411
609.381
793.708
738.497
592.582
507.001
604.003
556.864
670.322
599.803
555.98
693.862
631.129
568.127
712.907
546.48
45.9674
15.6525
791.4
729.736
775.01
751.166
575.07
763.487
599.654
776.547
745.16
806.877
654.472
827.036
565.042
646.845
831.012
769.235
618.328
539.676
631.889
594.462
709.064
636.695
590.161
720.447
658.182
601.332
748.848
576.5
43.382
751.881
693.877
738.518
715.545
543.549
725.166
569.171
749.197
705.386
777.96
629.139
788.641
536.004
607.58
791.922
737.765
592.534
506.025
603.68
555.044
668.261
598.111
554.759
693.689
630.908
567.056
711.372
545.88
779.624
716.674
762.127
738.028
561.004
751.236
585.377
761.726
733.51
792.278
639.426
814.796
550.529
635.012
819.045
755.095
603.345
526.1
617.224
582.718
697.915
624.59
577.021
705.559
643.376
587.882
736.296
562.257
119.616
91.0055
117.712
280.143
46.0977
279.201
303.007
47.0956
276.355
340.389
51.3128
317.277
144.641
42.2966
214.009
340.834
283.21
299.242
196.939
92.9624
156.544
224.401
309.919
307.327
227.846
73.9256
290.589
47.8539
22.3607
175.966
73.6817
167.92
196.003
109.115
179.8
220.792
119.503
208.339
120.801
136.033
111.086
222.612
194.247
181.157
162.163
139.864
115.836
139.743
193.437
187.771
132.189
45.8803
183.439
32.6497
223.647
52.9245
214.441
212.002
100.24
186.317
258.265
75.7166
255.204
149
95.2733
123.004
264.201
241.599
223.329
196.756
143.402
149.466
186.038
221.206
226.035
179.778
37.8021
230.755
193.205
74.0068
182.628
188.29
116.181
167.631
226.312
108.227
223.573
141.198
127.142
100.439
231.603
214.401
190.688
184.024
152.532
137.383
161.009
192.213
193.871
152.086
48.8365
199.625
237.008
30.6105
217.8
247.843
238.504
131.883
293.6
40.8044
172.351
307.176
194.258
103.73
50.9117
80.8084
156.003
244.806
152.427
71.0211
170.206
111.759
55.0091
212.285
15.0333
234.44
261.843
48.0104
238.43
294.364
63.561
273.178
120.017
71.3442
173.277
294.824
244.043
253.237
172.105
94.3663
127.142
185.432
265.452
261.276
186.207
27.8568
246.806
187.883
251.08
210.278
103.788
287.308
41.1825
185.284
302.695
170.238
79.6304
81.3941
51.0392
176.505
253.955
165.605
89.8053
139.617
81.5659
68.0074
208.197
23.3452
303.975
44.6878
126.775
278.04
214.56
298.412
300.673
89
160.003
266.693
146.031
319.803
335.161
284.86
248.365
57.0351
118.377
224.644
237.036
210.488
283.425
323.303
93.4077
286.791
99.1615
89.0225
216.615
318.939
244.92
277.683
150.867
49.1935
112.872
186.682
302.106
290.083
193.659
67.4463
259.6
165.677
246.1
241.994
292.2
269.067
68.9638
196.01
284.486
175.231
320.32
319.34
281.044
257.402
96.1353
151.4
235.308
216.012
233.568
333.781
108.977
277.406
353.412
162.742
37.1618
181.706
54.1202
277.218
337.617
258.853
191.377
70.0357
33.2415
167.61
266.507
118.714
327.466
182.395
23.0217
190.465
339.819
305.026
298.819
234.853
142.004
190.539
246.911
293.825
301.684
245.416
82.365
302.055
213.153
342.286
208.031
74.8131
78.7464
68.6222
195.433
285.33
193.228
111.611
161.385
98.4124
95.462
247.487
27.2947
184.353
223.958
262.688
155.901
225
52.6118
76.0592
19.9249
102.552
277.995
246.173
118.36
113.508
186.4
212.793
358.063
315.387
316.798
236.935
135.148
194.641
256.759
315.292
321.012
257.257
94.921
316.362
182.603
234.555
149.94
254.568
250.874
213.621
198.806
107.378
136.858
179.003
149.255
193.065
151.182
41.5933
256.135
327.918
243.347
169.434
103.044
46.2385
147.275
267.202
89.3197
131.643
125.575
231.815
137.004
58.8218
220.676
162.659
62.3699
222.713
63.0079
223.143
288.028
206.087
137.266
93.0376
31.241
113.508
225.63
69.4262
120.37
47.2969
86.7006
290.766
248.888
109.659
163.23
171
94.8683
177.003
325.994
304.946
189.874
106.832
258.155
82.7647
261.947
227.982
98.4886
116.349
166.481
211.816
164.396
24.6982
164.794
85.7088
63.2456
187.2
238.422
160.91
140.014
233.42
100.658
163.135
68.352
221.461
