70
716.092
756.762
604.745
599.391
881.45
662.668
359
607.408
125.706
652.224
666.169
995.354
696.782
284.944
743.425
1020.59
236.58
459.045
483.513
753.921
983.293
49.3964
775.118
515.097
865.083
797.075
824.139
645.078
135.765
918.873
928.183
793.842
413.27
737.201
900.05
514.351
1160
317.586
112.73
809.668
730.083
1127.98
915.895
801.31
340.872
150.625
1008.42
470.307
742.823
1147.43
239.176
340.63
390.333
465.984
455.774
114.739
837.415
731.222
55.3173
784.885
550.529
585.368
802.606
403.21
483.203
667.816
905.002
629.003
202.704
90.0888
262.374
190.602
674.93
302.035
675.592
123.843
841.029
572.224
60.208
688.094
226.736
801.022
224.544
494.49
776.424
289.002
271.597
917.536
366.083
708.635
300.832
291.398
857.723
337.557
411.326
763.37
594.498
500.132
550.273
133.18
323.586
340.084
310.551
368.11
596.781
401.214
828.575
964.926
539.048
632.494
573.079
364.585
385.894
593.461
528.161
717.056
73.0616
589.143
535.321
772.909
394.507
263.068
609.066
827.626
145.066
833.262
667.892
287.453
177.229
779.449
240.859
512.72
306.204
755.318
928.528
205.419
519.277
228.954
177.282
603.432
248.163
672.09
201.259
882.461
524.462
100.265
606.473
315.913
810.704
310.006
404.401
790.955
306.219
284.269
876.564
279.501
754.597
221.576
372.684
799.856
256.766
331.006
725.571
628.713
414.893
466.84
45.618
348.08
269.817
220.658
452.386
508.378
450.694
869.42
920.983
478.553
542.407
492.016
448.761
441.355
644.943
438.737
699.718
18.3848
500.394
595.252
774.342
404.109
326.455
591.346
864.938
186.762
789.17
705.785
205.73
206.306
750.093
153.574
505.357
383.767
714.2
871.292
172.803
567.458
79.8812
447.162
73.6817
452.244
272.259
727.386
311.448
207.935
497.733
445.148
602.489
461.983
422.734
589.49
161.45
138.539
655.321
381.718
615.38
172.105
399.326
602.313
199.111
246.562
501.678
469.233
350.297
381.293
242.464
206.155
150.96
297.607
481.627
559.103
349.996
713.448
702.557
292.659
543.365
388.129
597.978
359.869
527.094
422.67
471.641
227.055
547.111
506.807
557.624
216.453
299.027
363.552
701.416
402.517
570.923
549.945
180.314
160.331
522.015
203.039
285.408
391.394
493.009
672.09
57.6975
447.371
524.615
143.339
495.445
192.774
724.462
389.616
132.74
567.585
365.275
633.861
382.457
457.625
615.25
140.346
115.966
728.89
387.518
603.623
209.688
328.609
681.799
243.758
303.872
573.998
466.653
406.725
444.028
203.494
186.4
211.021
306.687
412.238
587.392
315.801
710.918
777.43
372.228
586.437
455.347
518.117
318.159
504.346
467.817
528.742
170.144
576.431
471.495
597.142
229
236.58
420.377
702.91
334.504
646.234
546.166
210.09
89.0898
588.847
208.471
329.28
324.222
567.173
751.357
41.5933
424.323
382.786
558.613
716.548
978.801
229.334
634.559
139.284
885.052
722.82
894.947
392.237
741.08
572.8
558.628
421.849
515.377
912.689
384.096
843.557
247.631
352.864
282.781
346.625
760.291
251.782
200.125
584.477
602.397
335.042
472.055
923.806
495.171
742.001
965.025
436.898
166.075
393.081
158.902
1034.49
764.589
869.295
330.678
480.763
612.875
482.066
883.937
646.261
549.875
737.214
437.1
938.702
788.326
336.964
829.811
402.672
607.19
421.988
464.583
480.254
832.258
315.569
312.879
489.401
800.913
474.894
333.88
783.158
276.349
255.049
425.611
502.824
634.251
515.058
358.504
626.295
232.562
210.642
629.382
338.774
676.548
115.434
470.228
555.874
134.417
173.954
480.337
526.932
277.397
307.612
248.129
275.676
78.7909
255.384
553.174
497.362
421.165
769.07
673.027
237.394
474.192
315
653.582
432.459
593.607
353.261
477.051
251.676
484.864
577.486
582.192
272.391
372.048
372.211
754.703
432.612
541.295
607.455
129.769
230.098
511.321
172.052
312.968
463.571
467.364
626.856
106.621
514.525
614.752
432.487
336.786
615.469
687.527
768.565
170.699
805.315
794.071
182.628
391.971
405.584
402.057
811.47
401.842
586.008
622.114
507.559
592.756
589.786
286.175
279.973
663.666
654.927
692.65
370.682
527.413
729.291
668.259
933.467
410.746
419.587
459.087
432.786
873.046
631.735
911.358
447.036
414.334
762.997
112.294
665.589
919.753
474.192
107.517
285.722
520.223
125.16
389.076
819.869
372.435
319.038
603.049
503.171
228.528
645.701
167.192
593.56
309.763
546.004
502.398
382.46
730.822
576.459
105.991
751.45
174.642
722.021
199.01
594.526
692.399
224.698
216.449
903.045
480.321
595.857
371.91
171.493
871.201
409.253
478.573
746.967
493.138
576.532
620.71
246.876
245.204
392.922
416.203
252.4
706.813
289.841
718.903
954.279
564.9
731.17
637.182
328.434
269.846
477.62
619.94
673.06
182.913
698.164
414.779
703.96
329.273
144.028
568.705
720.836
230.185
824.924
562.076
364.049
123.988
750.51
332.34
462.481
183.33
744.044
939.877
227.306
406.709
749.993
791.607
1098.52
812.227
311.777
859.438
1139.88
270.03
584.144
608.514
805.002
1107.21
138.051
896.644
629.791
937.723
917.347
941.085
714.323
258.6
1033.45
1039.52
919.518
538.585
856.314
1023.71
620.181
1279.89
441.163
14.2127
858.233
834.051
1243.79
1024.81
908.317
462.385
260.849
1125.11
537.287
868.491
1267.14
344.036
384.105
511.658
588.32
544.092
46.0977
960.418
795.455
178.354
907.095
676.216
646.908
926.601
508.685
598.469
740.143
970.6
753.401
324.322
519.285
351.537
751.091
505.621
771.432
489.841
518.978
388.981
381.54
354.493
552.023
684.085
346.439
672.191
295.975
334.283
299.221
212.276
532.635
346.508
326.533
522.885
407.946
279.659
481.3
746.234
622.476
535.945
736.158
396.769
101.533
547.636
298.804
904.841
562.873
646.025
447.001
277.318
527.365
608.547
668.126
432.672
340.312
560.212
212.25
710.412
707.799
265.204
600.866
367.496
454.605
261.725
427.604
252.622
655.11
194.366
363.6
367.082
581.344
657.843
252.464
742.218
260.509
488.759
718.427
230.263
212.085
861.452
376.152
661.236
272.809
276.471
808.115
310.281
381.997
706.701
541.706
476.732
523.474
145.086
266.655
302.539
310.337
358.24
601.15
355.013
778.874
909.638
492.221
625.664
542.849
399.941
343.402
548.931
515.559
657.173
82.807
592.376
496.339
713.124
335.096
226.385
549.299
776.414
205.185
778.235
616.695
262.835
119.854
720.969
227.068
452.519
285.328
699.561
878.45
152.742
472.705
909.919
854.598
912.571
305.761
870.057
643.506
625.541
554.12
455.044
1023.16
387.291
895.737
364.984
350.595
276.812
485.906
868.881
198.6
141.739
578.364
679.378
358.699
433.281
978.785
381.903
824.345
1084.54
563.312
265.272
270.224
115.109
1052.68
842.608
968.848
239.908
615.923
619.245
369.935
973.717
779.359
640.57
796.603
563.624
1060.08
782.295
472.632
942.152
401.155
655.536
561.122
455.29
592.193
889.027
454.814
421.019
527.944
896.188
857.439
47.8017
719.025
822.492
389.313
385.292
1075.36
580.992
674.185
523.516
182.455
1045.66
560.803
633.52
919.315
603.298
725.532
774.22
356.022
399.686
554.862
534.008
215.448
813.674
393.451
802.1
1127.25
737.143
857.005
794.844
153.808
362.244
551.385
754.634
836.264
299.608
807.146
471.103
849.746
487.964
252.484
734.741
811.305
217.975
998.499
660.061
511.789
297.794
919.4
467.54
625.617
213.846
917.347
1114.46
396.676
496
898.922
962.979
48.5489
512.048
530.543
494.583
972.869
334.241
747.848
691.714
640.757
757.333
758.368
418.208
277.087
834.101
825.584
836.298
479.705
691.978
889.634
720.028
1102.83
469.691
301.597
547.004
602.934
1043.7
802.028
988.496
504.723
396.688
933.191
246.941
801.901
1089.17
477.066
79.3095
407.83
605.126
295.481
265.68
941.544
492.611
269.557
763.781
624.007
344.78
802.017
321.286
660.379
446.969
666.809
647.575
398.56
707.912
864.885
420.878
414.638
1101.91
563.799
721.388
525.281
229.837
1064.24
562.086
635.768
945.846
647.932
724.166
774.764
346.625
434.99
561.702
522.771
262.086
796.116
437.741
849.218
1152.88
751.564
845.421
797.521
140.236
407.355
598.592
746.995
869.4
295.219
790.282
518.73
888.919
522.349
293.981
766.296
858.031
186.097
1023.14
706.011
511.978
322.816
949.193
463.488
658.533
260.969
942.508
1133.79
410.474
542.156
963.27
582.898
558.95
799.023
164.842
1035.05
251.436
762.358
639.704
224.439
204.707
688.367
884.97
148.337
192.354
363.006
628.5
283.572
185.219
845.599
140.869
769.64
1125.73
822.344
390.744
138.033
233.452
841.828
775.078
949.823
65.8635
761.166
421.742
127.664
926.545
899.774
630.66
688.698
673.963
1109.79
544.929
708.311
965.306
247.76
540.934
749.082
262.711
649.426
766.481
662.476
704.807
417.7
870.093
488.365
508.174
535.004
964.907
285.829
741.049
653.67
673.048
752.846
758.634
449.494
233.311
838.548
833.361
818.587
453.248
687.783
881.12
678.735
1103.76
431.793
259.048
588.49
613.506
1049.31
811.819
950.606
466.12
349.494
936.523
274.192
781.271
1090.23
431.074
114.11
386.846
570.926
306.777
224.109
915.044
527.561
221.382
756.059
599.206
378.97
791.119
315.297
622.02
477.007
702.508
631.748
354.87
24.7588
689.429
526.259
463.907
331.485
283.72
683.064
360.257
406.503
534.001
326.585
509.763
536.815
338.923
46.669
311.238
444.144
357.476
717.497
188.693
570.622
742.765
407.879
704.81
539.12
540.081
200.878
368.416
584.116
448.706
294.924
705.861
345.377
485.507
106.705
171.292
345.607
563.057
430.769
616.76
405.879
337.024
112.446
530.27
345.938
237.924
266.16
534.958
747.961
171.84
288.3
690.606
501.512
488.636
307.514
290.998
676.859
336.788
384.533
534.724
350.715
488.038
516.377
315.902
71.4213
289.057
419.386
367.483
693.185
211.57
594.96
743.178
394.707
681.625
519.832
537.477
221.84
392.959
561.05
457.2
273.585
681.602
368.505
501.4
123.016
180.25
352.285
587.062
414.798
615.833
430.206
312.708
97.8008
534.634
321.179
247.348
275.754
534.207
742.742
147.085
312.823
891.588
799.48
698.679
964.921
205.548
682.761
635.731
156.083
681.561
651.012
610.063
876.955
690.959
632.463
827.59
1026.8
913.847
780.478
794.031
57.3847
427.535
814.825
570.856
1228.04
814.632
815.552
743.024
290.93
878.237
900.409
870.037
421.058
604.742
853.141
358.615
759.016
1057.15
92.228
718.777
719.857
779.108
176.082
781.089
468.846
941.429
162.496
193.912
712.748
777.078
990.11
225.471
651.805
755.95
222.612
256.008
762.85
848.614
265.686
322.355
234.094
572.857
286.356
84.22
731.887
232.691
701.236
1093.4
922.772
464.917
291.894
361.708
692.451
699.346
891.709
224.27
801.15
297.881
226.497
854.453
918.984
597.967
595.936
701.949
1082.53
390.662
799.365
929.077
209.093
456.685
812.385
180.693
651.605
661.473
741.273
824.934
354.683
811.764
787.035
491.757
905.638
810.78
841.756
687.186
154.738
938.569
950.606
793.295
417.401
752.62
907.64
484.059
1173.46
307.456
128.141
855.529
758.199
1146.09
940.166
772.089
326.353
122.801
1025.85
513.802
739.899
1161.14
207.348
388.681
404.851
452.541
493.042
142.972
824.723
774.251
84.5931
795.634
548.549
629.47
809.61
432.622
460.418
709.035
947.304
635.466
189.476
529.748
594.667
37.4833
110.494
558.348
639.381
204.626
250.799
200.392
377.211
66.9104
143.951
613.958
386.999
518.375
882.608
736.778
276.827
377
272.25
665.404
524.742
698.896
258.136
579.007
233.019
375.033
675.344
693.519
385.04
445.314
477.747
869.014
404.505
607.474
720.069
21.1896
296.665
599.767
84.22
426.758
529.34
540.616
666.202
168.573
619.023
966.765
566.21
631.007
811.326
427.735
732.498
772.146
418.294
274.257
539.491
586.605
84.214
877.568
222.05
619.72
1019.72
682.514
897.822
783.932
296.939
187.641
368.962
783.932
703.295
354.318
868.682
289.171
692.758
360.423
112.898
610.283
629.42
360.484
896.621
480.068
524.795
240.202
798.437
499.652
498.551
32.249
814.845
1031.6
369.229
315.839
570.095
508.968
223.66
767.844
496.956
447.394
790
698.259
534.06
704.228
1039.02
740.357
815.966
925.292
201.437
321.409
633.576
406.252
1199.2
845.946
895.335
578.285
400.472
805.636
727.539
933.176
561.861
622.913
854.283
417.01
893.114
986.384
153.323
821.351
615.263
750.171
296.38
678.771
507.41
948.541
197.851
71.6101
655.454
841.724
74.2428
546.502
661.345
167.299
213.431
232.8
405.262
65.3911
147.218
650.423
362.945
548.285
903.241
718.794
256.827
345.117
235.697
702.132
556.087
725.827
225.08
578.607
268.896
350.464
705.267
700.154
406.808
480.108
480.368
888.426
437.677
590.962
741.852
51.1077
331.658
592.068
111.723
437.595
565.227
527.091
641.405
202.277
646.272
508.016
689.282
103.812
142.144
306.235
449.232
95.6033
195.543
715.057
345.145
595.046
926.888
667.956
208.959
304.345
161.756
775.898
606.278
764.5
184.285
561.664
343.087
331.658
751.166
695.885
437.384
539.807
470.826
909.472
511.215
543.503
768.847
125.3
392.929
560.904
183.831
445.283
627.976
485.696
579.614
262.488
686.14
555.695
540.771
508.792
728.464
537.082
491.467
693.401
875.193
813.711
633.416
701.992
208.799
300.426
725.613
473.402
1072.08
666.595
687.003
638.537
177.071
726.375
799.893
733.71
339.034
452.09
699.097
213.178
669.582
904.118
90.4434
603.56
579.327
623.039
78.8733
638.625
319.269
788.6
31.8277
260.123
559.303
640.815
785.004
796.123
664.127
281.78
601.685
765.147
446.62
1024.28
210.288
244.826
738.741
604.17
993.401
785.437
723.493
241.267
134.462
873.55
390.698
615.618
1011.73
203.148
302.729
254.574
358.113
351.07
236.603
722.717
645.152
80.7217
649.268
423.597
506.596
668.001
280.146
395.592
574.465
814.443
494.899
121.594
58
383.548
551.971
199.372
235.104
816.667
275.986
698.101
1019.23
675.41
245.734
211.436
96.0417
863.51
709.852
864.949
100.648
621.663
429.01
262.057
853.872
767.219
535.836
643.05
540.587
1000.18
585.867
560.108
863.734
214.049
495.631
603.066
261.605
530.33
730.387
514.496
564.065
365.197
787.175
437.393
576.933
233.137
292.961
856.047
305.555
723.495
1025.33
631.229
225.258
221.163
41.2311
914.568
737.69
883.178
133.034
603.848
480.235
291.853
877.602
755.813
552.351
678.561
530.232
1004.5
640.865
520.505
873.439
262.84
533.076
575.156
314.574
532.085
768.188
480.951
512.965
403.005
806.846
382.472
256.125
178.138
497.853
463.751
491.337
906.314
919.472
468.943
501.001
465.009
483.538
483.451
685.438
400.371
713.612
63.9766
456.005
637.911
796.575
432.487
370.54
605.783
900.689
204.98
788.076
742.122
182.099
244.951
757.528
123.167
525.461
429.309
715.238
861.601
190.263
607.289
354.464
490.805
341.422
763.618
146.564
525.148
745.559
436.487
749.203
577.366
546.701
163.371
322.056
628.371
437.384
335.836
751.906
301.942
458.808
88.8144
162.188
338.954
518.383
462.039
622.512
360.494
383.209
146.813
526.46
392.588
227.864
252.414
540.786
761.168
218.506
242.002
207.781
623.232
423.728
499.892
842.167
671.289
213.701
395.831
245.098
701.747
510.73
671.763
274.913
515.094
278.304
410.878
656.27
634.832
347.8
445.623
415.708
826.487
456.177
541.502
681.898
87.8635
300.002
533.15
148.762
372.49
535.076
473.925
605.67
170.294
592.891
668.566
291.084
621.911
1009.86
861.814
400.196
323.056
328.247
657.346
621.701
810.941
227.772
722.541
238.437
282.078
776.4
836.759
513.951
522.943
621.691
998.684
363.717
735.517
845.691
126.242
379.984
739.196
98.3107
568.352
593.688
673.466
774.631
272.31
730.86
959.206
257.857
611.553
1082.46
761.463
981.403
867.385
288.141
221.461
363.919
867.904
756.711
434.006
950.56
276.724
729.741
423.236
187.259
669.209
625.979
419.329
962.161
487.016
608.922
323.501
856.951
582.91
558.073
91.7606
880.714
1102.49
453.054
327.002
902.253
1265.76
931.902
521.671
118.106
343.372
923.005
905.513
1085.6
175.824
896.877
526.599
13.9284
1058.64
1038.67
769.753
812.368
812.385
1250.2
620.052
825.23
1104.76
380.48
666.905
878.143
383.271
790.201
884.74
786.268
800.643
548.931
1005.61
429.131
837.117
576.014
893.193
723.578
518.946
36.4005
194.25
772.612
502.548
435.198
890.989
157.003
473.354
195.635
149.345
422.058
431.282
519.836
722.698
273.403
522.398
247.227
607.221
523.971
314.396
190.709
642.848
874.538
353.344
118.068
847.496
820.015
1229.58
1010.67
899.681
450.877
250.799
1110.91
524.928
855.529
1253
335.054
373
497.646
576.667
530.571
37
948.643
783.516
164.754
893.107
663.218
635.034
912.812
494.556
588.276
727.633
958.658
739.693
312.674
462.088
829.01
591.041
1280.28
871.121
872.794
764.128
348.191
923.385
918.706
927.418
474.886
659.898
907.668
415.095
812.178
1103.16
131.883
775.202
757.961
830.292
233.465
820.032
524.812
996.605
210.523
170.074
759.664
834.456
446.24
199.151
889.216
598.522
707.789
345.984
378.695
484.691
507.745
719.134
531.639
384.688
574.345
307.631
796.274
665.195
335.386
676.932
297.866
450.006
358.37
360.924
326.933
669.73
277.065
392.938
341.157
637.561
252.771
978.542
901.162
1067.59
120.934
824.924
559.701
108.908
1050.11
975.32
741.691
820.577
749.043
1211.06
679.798
728.562
1072.73
376.969
672.075
794.308
398.848
741.758
900.82
696.656
691.163
545.529
988.685
937.653
739.639
877.351
173.142
575.511
504.526
329.815
875.925
730.707
546.619
687.026
506.622
988.687
669.543
481.877
861.554
286.435
543.884
541.539
341.844
516.211
778.34
444.92
471.734
415.13
802.297
484.52
651.326
883.357
984.076
434.534
918.054
564.745
987.251
635.492
391.143
884.4
913.685
303.2
1151.88
771.198
651.887
451.509
1070.26
602.326
774.209
328.641
1070.61
1268.14
548.151
608.165
207.966
781.081
538.101
425.116
894.588
155.219
509.522
223.486
126.194
456.039
455.387
498.375
755.535
299.737
527.326
242.759
641.924
524.505
347.333
155.901
675.293
905.457
357.414
138.293
946.675
524.623
629.42
1073.82
88.8876
432.561
330.926
333.654
478.65
262.429
705.056
776.941
132.076
705.252
440.883
640.225
712.646
395.457
337.623
704.45
944.354
539.412
80.1561
722.305
455.126
161.914
929.474
867.078
621.233
703.165
640.453
1093.08
591.481
653.236
953.131
259.887
554.491
702.375
289.007
626.003
785.456
611.493
642.309
426.611
867.752
696.021
882.973
580.582
168.077
348.633
595.874
108.467
492.644
862.047
261.002
431.269
598.119
553.99
116.297
648.521
210.867
676.71
203.246
435.415
526.917
487.912
518.556
578.661
767.023
394.576
309.188
587.564
851.573
181.025
791.511
692.215
218.103
192.354
749.022
168.467
499.3
365.531
715.765
876.952
169.921
552.294
1047.49
1024.9
757.244
802.365
798.591
1237.3
615.358
811.69
1092.18
368.913
656.515
864.251
373.172
776.804
875.475
772.489
788.115
537.737
993.868
505.832
334.522
272.254
521.284
349.414
636.947
824.152
219.146
679.154
397.961
693.955
678.899
426.142
259.083
748.225
986.429
509.755
93.0484
378.926
597.943
226.638
338.213
916.038
414.599
314.854
710.518
597.85
266.317
752.682
272.259
662.53
367.681
589.25
606.409
420.081
249.658
250.571
485
537.141
538.955
335.172
395.506
218.929
438.443
418.298
139.176
336.715
457.605
683.457
249.369
255.932
500.189
580.128
372.211
784.003
422.721
443.68
148.678
688.097
429.197
388.604
95.5092
702.2
918.86
278.173
264.008
502.801
753.983
303.488
408.453
496.162
448.116
188.175
544.21
111.732
585.427
227.015
466.19
418.561
428.622
950.985
750.168
159.765
880.227
659.294
601.569
902.278
472.611
597.61
695.708
925.3
730.151
317.352
971.286
792.255
386.809
318.324
922.822
327.88
657.64
384.787
894.67
1057.76
344.843
636.108
691.113
628.662
701.003
148.637
690.236
408.315
874.694
81.8352
175.146
627.936
731.251
729.99
499.874
547.302
748.426
350.408
447.876
625.007
863.669
575.087
164.247
295.115
620.268
63.5138
442.512
525.656
561.713
686.769
169.941
625.21
627.842
283.917
344.819
235.136
620.071
818.204
130.465
362.404
676.746
299.897
773.582
110.535
323.736
579.473
601
481.598
504.21
621.969
750.281
174.155
632.558
473.777
328.567
562.734
335.215
335.626
793.038
1012.54
365.494
283.637
240.01
550.368
655.626
725.724
894.197
459.26
