70
113.952
773.437
733.69
601.664
34.8855
322.796
77.6209
759.558
513.249
129.066
901.548
876.298
374.233
460.74
935.913
1107.26
716.461
691.072
915.014
804.006
1105.96
517.629
945.797
115.412
469.707
787.869
105.342
845.82
541.007
497.864
834.087
847.548
656.811
608.79
272.641
259.933
790.6
853.579
924.12
807.845
1112.41
391.624
369.4
146.82
249.634
253.428
765.325
693.266
862.355
761.355
619.116
596.142
174.485
903.549
848.416
759.434
180.867
691.399
776.995
826.088
1026.35
875.516
123.911
490.799
168.119
960.278
721.549
749.539
826.739
863.167
839.463
714.222
147.187
407.276
113.111
854.112
581.145
108.853
1010.3
990.207
483.037
550.156
1049.08
1220.9
818.174
779.868
1028.42
917.437
1219.77
589.428
1058.61
75.6637
583.152
897.076
182.428
948.171
619.104
607.664
931.052
960.763
723.107
694.586
382.51
373.877
902.863
920.091
1034.53
916.91
1226.34
490.52
467.578
61.8466
361.544
366.875
868.047
789.519
965.462
859.546
723.277
679.954
286.112
1017.03
931.421
873.284
245.589
799.032
881.94
932.55
1140.21
989.352
99.925
569.759
219.082
1070.32
814.2
859.545
939.743
799.632
605.413
757.017
455.965
750.427
952.673
992.665
900.005
832.388
557.951
444.235
851.339
516.097
783.185
163.294
83.5464
520.389
471.699
763.003
305.118
732.216
803.294
565.438
760.847
812.287
911.081
955.946
373.226
971.665
656.664
1089.85
943.021
674.199
597.369
675.307
1228.33
804.901
773.921
711.706
387.495
407.707
848.227
657.133
581.165
176.309
109.018
215.669
107.49
774.994
950
689.697
667.74
105.361
564.192
851.918
749.535
216.684
260.008
634.133
543.283
896.068
925.687
870.761
836.758
949.174
322.237
658.663
205.905
698.863
704.344
789.597
168.6
429.386
774.652
182.332
376.703
527.011
334.069
481.331
477.671
638.443
767.635
453.565
394.735
490.65
814.229
302.293
845.662
318.226
93.0591
662.017
126.669
356.545
481.3
172.047
253.338
423.738
275.078
462.796
507.97
180.056
476.724
224.379
104.355
539.927
616.315
623.61
880.51
490.163
529.412
644.547
695.322
687.064
702.796
118.406
295.418
561.742
305.007
904.027
271.28
621.257
54.5711
615.224
611.582
487.103
389.841
779.172
373.268
655.824
252.032
186.783
503.362
230.376
567.388
512.161
644.38
347.507
465.842
670.995
319.756
310.538
331.798
328.44
400.476
511.305
448.576
566.996
373.43
277.029
513.437
609.37
344.494
705.05
136.473
209.268
552.58
330.339
406.075
275.487
374.322
248.421
520.216
361.93
334.468
349.407
189.169
630.413
330.002
228.974
534.013
416.434
426.005
745.174
352.745
365.374
463.001
498.448
521.544
514.732
172.861
374.733
428.155
306.777
710.68
179.075
533
151.714
439.701
449.165
456.706
316.356
673.5
396.247
566.851
367.681
344.524
336.381
226.279
311.849
103.817
726.099
486.311
143.224
866.679
844.022
348.191
428.672
905.058
1073.72
694.061
675.327
883.831
772.814
1072.68
510.24
911.652
148.933
435.966
753.017
85.6037
811.249
511.353
470.617
800.206
813.63
629.759
577.195
237.777
227.702
756.229
826.041
889.373
772.986
1079.99
372.132
350.515
181.662
215.058
222.812
742.262
673.858
838.931
740.781
584.419
565.008
139.786
869.842
834.842
726.257
160.181
656.515
752.602
800.691
994.254
843.499
139.918
461.104
153.483
925.493
688.449
721.76
792.69
294.462
797.979
681.299
451.612
830.285
696.716
180.602
567.459
726.044
948.617
426.897
372.607
711.784
607.595
939.918
201.358
816.963
348.312
386.13
721.404
380.97
830.738
674.383
278.657
852.772
715.95
811.829
704.46
330.648
242.854
683.573
991.824
833.159
741.011
924.963
114.856
95.2943
393.905
300
216.668
478.553
387.408
575.243
459.637
617.2
701.259
290.327
760.608
526.214
611.072
437.433
651.062
499.8
555.442
835.381
690.464
446.696
629.585
447.098
871.222
773.39
507.106
701.91
825.621
589.62
182.65
952.303
904.423
383.334
531.114
956.949
1142.23
709.544
667.059
937.617
827.14
1139.23
477.222
985.946
63.0317
509.215
838.2
182.937
905.247
615.133
508.396
898.234
886.081
733.143
680.003
326.98
295.381
833.386
929.62
971.511
858.362
1140.56
381.56
358.403
108.467
299.713
282.519
759.961
678.372
857.46
749.033
677.575
668.192
228.443
940.298
818.323
793.189
258.488
744.856
775.528
827.454
1053.03
902.308
175.137
564.883
244.861
1008.35
788.923
759.385
866.421
343.666
772.599
293.171
542.963
631.513
305.712
647.637
611.359
794.31
913.824
620.136
563.235
628.542
933.544
446.091
874.893
425.462
250.539
671.693
147.122
273.47
611.742
82.6196
415.464
289.8
180.161
507.222
573.847
345.974
309.277
347.868
253.503
687.073
725.497
728.388
903.275
539.045
598.719
804.61
845.946
852.2
859.884
186.553
201.062
600.433
461.806
1057.85
439.765
615.755
208.038
777.371
777.052
643.637
556.642
778.679
309.84
648.269
362.428
45.2769
667.192
394.088
481.935
605.707
763.126
569.425
144.201
860.839
905.889
860.468
930.043
833.01
742.388
917.393
864.919
728.907
623.029
435.394
520.138
409.568
481.615
73.4302
619.589
425.737
662.951
143.562
164.924
351.648
440.729
586.147
340.544
652.694
533.504
960.2
656.804
648.448
639.072
381.376
466.078
889.899
885.199
965.52
925.493
331.904
143.402
404.883
720.85
1094.05
633.912
337.337
424.323
876.694
898.837
896.674
772.034
489.691
70.406
362.068
677.197
298.429
788.001
638.016
951.026
962.601
487.512
466.889
1030.27
1182.15
836.025
818.103
1007.73
897.125
1183.37
646.562
1014.01
175.071
547.8
839.789
118.562
876.412
525.476
607.478
851.848
919.416
622.007
605.961
337.38
354.318
856.321
818.221
979.901
859.084
1196.82
515.33
493.739
170.699
324.52
355.106
883.704
817.004
979.985
883.625
656.601
589.855
253.411
977.529
976.658
839.52
156.924
738.618
892.774
939.56
1113.26
963.519
8.94427
477.378
124.619
1014.36
730.929
856.669
897.057
311.207
649.691
516.377
407.604
318.693
669.692
818.103
383.742
371.097
337.001
908.401
164.438
1010.71
454.12
114.127
836.3
152.21
532.302
575.125
240.01
183.044
579.908
445.027
628.908
661.635
160.328
586.4
56.4358
93.9415
400.522
729.784
741.504
1047.9
653.401
680.154
661.454
738.259
678.66
727.319
299.107
466.357
727.473
202.514
931.585
268.522
799.641
212.408
625.224
604.626
370.794
327.428
955.118
553.137
834.326
71.5891
329.874
512.535
175.277
533.205
633.344
104.695
253.663
404.349
563.696
77.2528
94.7259
243.311
709.057
177.003
967.331
415.626
293.777
844.557
438.016
696.782
418.293
521.023
132.608
790.287
632.968
626.997
616.41
197.041
852.235
268.002
295.169
236.279
582.533
601.447
1011.23
638.101
624.131
381.644
480.6
377.902
450.481
436.01
650.407
710.8
115.248
648.645
131.735
834.82
353.747
341.563
308.08
150.659
16.4012
963.929
695.967
867.623
292.617
563.415
241.168
150.306
437.745
576.483
780.908
351.889
371.404
558.659
449.694
774.362
307.327
641.313
445.926
209.774
540.959
383.767
653.668
546.726
125.096
680.838
539.849
685.537
559.433
231.502
153.574
504.053
851.761
653.22
560.511
766.942
94.8103
97.2934
491.799
212.925
140.057
397.683
345.931
493.098
405.242
446.861
560.022
251.008
587.205
538.182
436.955
412.641
473.152
405.291
452.527
678.016
528.97
485.72
508.089
435.01
691.298
611.124
376.694
524.584
727.749
796.967
716.838
790.824
700.301
605.364
805.683
740.422
619.391
575.928
291.359
416.924
367.935
417.235
109.041
478.138
385.334
543.457
247.976
149.272
239.771
324.826
468.139
424.876
556.597
433.244
841.547
528.782
523.027
601.373
272.415
351.177
745.789
743.347
821.416
782.102
220.586
139.635
316.639
602.881
953.579
502.252
310.048
314.56
732.504
755.085
772.604
641.007
472.975
74.7329
342.621
585.875
264.458
644.634
518.51
267.092
377.985
536.85
28.1603
133.297
247.291
709
257.288
1019.95
490.31
398.181
913.592
540.412
796.003
454.104
624.436
235.262
892.96
734.969
699.511
678.175
301.735
956.913
359.836
398.931
205.993
611.31
632.197
1065.04
706.951
682.505
343.839
455.387
315.203
411.206
537.077
751.941
776.908
205.38
596.94
227.035
910.371
457.194
302.952
256.281
120.221
91.7824
1030.89
792.707
942.13
379.178
667.994
228.869
254.403
641.811
801.64
264.834
347.22
27.5862
960.642
177.688
1204.58
637.867
385.811
1063.66
470.18
833.596
669.964
557.001
263.154
895.151
752.347
845.086
848.728
332.099
902.567
263.492
373.363
108.245
834.962
853.335
1247.04
861.298
859.768
610.237
719.317
579.742
678.027
578.04
772.928
936.209
204.629
862.812
349.057
1043.17
483.735
569.254
523.345
151.99
262.469
1184.52
846.414
1077.31
253.16
646.32
484.34
286.4
160.078
377.023
314.167
624.021
346.133
575.117
768.409
425.851
597.68
735.435
748.315
817.521
249.73
810.314
495.682
947.642
796.284
567.092
502.009
512.138
1076.66
643.525
610.65
581.847
327.995
351.141
814.832
556.166
491.449
51.8652
77.5242
148.499
66.6108
620.32
804.963
602.439
510.361
266.011
401.278
763.003
589.292
82.1523
140.346
498.197
390.678
833.538
791.566
786.499
676.131
793.098
163.768
496.639
536.806
472.246
783.516
226.612
732.451
719.762
511.238
737.751
732.427
884.206
897.26
315.103
939.183
649.273
1033.17
890.62
602.784
523.047
658.438
1179.46
795.77
752.395
739.162
308.084
327.452
764.681
583.88
505.487
195
83.0963
263.623
134.618
731.883
896.147
612.518
667.692
166.784
550.281
774.292
715.605
234.955
288.5
656.906
550.294
814.015
864.5
792.076
829.583
906.797
322.56
648.093
111.018
247.257
702.09
237.407
1000.64
465.859
371.022
890.706
514.395
768.016
437.549
597.931
208.943
864.801
706.813
675.761
656.555
274.17
929.396
337.308
372.2
214.709
596.933
617.403
1045.5
683.928
661.601
346.023
454.542
325.186
414.272
508.945
723.799
754.51
182.455
604.467
199.123
886.19
429.084
305.026
262.071
125.801
63.7887
1008.5
764.98
918.169
358.264
640.166
222.122
227.438
335.233
614.398
261.031
890.171
357.687
325.779
780.335
478.265
680.65
330.627
554.812
189.029
786.502
627.2
566.311
545.573
228.044
869.484
336.752
332.773
318.002
492.914
512.583
934.891
573.665
550.601
296.306
389.272
307.8
364.453
428.882
642.557
643.809
196.329
566.255
123.471
777.36
360.081
257.752
233.529
228.65
84.7585
897.802
673.074
808.993
366.617
576.722
150.443
196.4
946.62
188.6
1201.77
637.389
398.097
1064.81
489.05
845.497
661.363
576.383
266.835
910.46
765.7
846.029
846.769
338.599
922.467
281.114
386.685
80.7217
825.824
844.631
1244.65
861.304
857.03
591.097
701.541
557.719
658.475
587.94
786.062
935.909
207.196
841.087
346.586
1046.23
493.916
550.179
503
129.468
250.689
1185.53
856.861
1080.2
273.542
662.49
468.463
290.875
858.729
522.015
508.084
809.922
581.97
939.638
849.313
335.376
976.836
763.448
988.207
866.49
514.176
425.183
750.56
1158.53
899.056
827.815
914.97
213.009
217.412
564.227
486.564
400.862
394.606
279.303
479.771
350.024
747.238
866.532
488.185
796.304
349.871
656.78
638.621
759.664
428.239
486.474
827.531
698.745
640.951
807.891
648.41
936.001
915.789
480.337
755.35
1047.4
477.017
209.554
895.918
313.79
656.921
542.462
401.872
101.553
723.744
577.367
678.62
690.629
158.041
747.412
109.659
198.759
241.002
706.983
722.897
1088.4
697.215
704.195
556.232
649.691
554.707
624.789
400.361
597.629
772.607
64.7765
824.763
206.32
871.519
306.08
516.76
485.037
206.495
192.917
1016.82
668.88
905.921
122.495
477.603
411.461
119.541
570.436
896.708
213.759
959.435
654.172
570.923
949.139
947.8
766.366
723.661
383.021
356.809
894.184
963.54
1031.1
916.812
1203.5
440.796
417.555
46.5188
357.325
344.816
819.157
734.761
916.629
806.132
732.206
710.676
284.016
1002.34
867.439
855.582
286.225
802.036
835.682
888.172
1116.02
965.276
166.331
604.083
265.932
1067.74
836.959
821.594
927.915
341.503
429.439
444.703
392.02
196.576
471.495
377.974
524.475
379.389
211.376
213.846
324.493
669.306
466.401
361.621
649.049
301.728
306.967
611.422
224.089
229.009
454.525
456.571
532.245
491.49
239.232
385.149
298.52
433.877
669.4
291.926
420.405
265.002
442.412
468.67
566.117
417.502
549.477
366.012
452.66
504.004
408.945
361.554
357.605
724.261
153.522
447.786
474.681
229.652
164.924
516.475
367.935
515.248
547.659
98.7927
559.48
141.485
20.2485
446.919
624.013
634.493
934.09
539.429
566.411
596.933
660.982
628.666
659.31
196.367
388.108
613.66
213.338
863.264
205.769
689.942
103.586
564.128
553.046
395.728
308.058
843.657
461.733
724.655
174.642
275.427
450.405
143.892
767.784
441.01
499.191
748.83
800.996
553.046
513.391
218.82
241.611
738.383
750.109
863.727
743.755
1078.49
424.794
404.975
234.233
206.828
246.132
781.425
723.025
876.459
786.651
544.7
499.41
138.578
859.028
895.317
721.044
75.6439
624.042
787.722
832.28
995.191
845.696
120.934
391.082
69.029
898.6
631.805
745.354
778.725
409.02
605.628
88.1192
305.498
436.922
316.811
578.596
629.756
250.234
434.337
208.54
145.578
552.378
742.898
750.277
992.278
607.557
652.051
749.412
809.327
782.164
810.877
227.774
338.421
676.805
341.321
1014.27
359.255
720.412
180.878
717.178
706.556
518.166
453.282
881.613
438.443
754.382
218.112
188.725
603.566
288.725
583.282
355.983
593.188
138.946
93.3809
344.616
431.53
516.263
321.512
579.491
460.793
889.634
637.809
631.903
674.541
376.606
457.739
843.958
847.472
915.645
883.386
262.48
72.4707
413.011
650.533
1058.92
569.004
373.551
353.488
828.242
846.983
827.745
706.283
532.658
50.2494
402.061
603.805
228.219
735.044
568.339
647.619
442.676
718.401
575.835
317.984
259.106
419.745
865.794
569.702
492.751
648.621
165.463
183.371
616.854
309.079
253.221
289.339
265.648
380.58
311.005
426.026
581.083
362.066
484.146
475.661
336.186
518.955
426.919
290.259
333.098
559.2
412.478
606.245
552.461
544.648
607.317
599.908
251.883
430.935
389.179
362.704
262.732
575.795
637.02
328.42
346.39
296.422
225.942
640.407
773.204
778.132
978.886
606.778
661.027
815.427
867.314
854.364
874.438
235.669
283.535
671.263
427.866
1076
433.074
694.924
223.647
785.175
778.686
605.862
535.888
857.735
392.338
727.836
304.105
127.781
672.468
370.827
675.001
521.245
582.718
591.008
76.9415
724.305
148.385
163.982
298.223
606.59
622.142
989.245
599.953
603.938
483.083
567.536
495.924
550.245
331.059
540.137
675.173
59.9416
753.568
107.056
780.064
240.52
445.601
422.303
235.544
148.122
921.909
599.13
814.177
180.499
439.295
334.642
25
159.355
481.35
569.129
599.141
197.231
632.787
525.212
963.214
776.754
770.795
781.625
512.783
595.195
971.435
981.033
1038.77
1013.94
357.718
145.499
543.625
728.501
1193.51
668.617
480.394
436.898
953.307
968.03
910.124
801.52
630.001
182.321
504.148
650.429
250.14
855.327
651.049
383.802
464.536
444.648
292.606
494.265
379.096
813.969
653.483
650.837
747.559
416.778
490.874
817.646
834.003
882.2
862.838
198.595
21.6333
465.285
576.563
1047.62
509.828
450.782
281.144
797.927
810.691
756.789
643.792
612.67
131.928
481.453
516.608
134.952
697.895
496.847
89.1403
521.728
664.417
652.051
535.21
860.124
310.161
299.388
419.086
32.9848
114.477
607.254
572.661
697.011
626.209
350.828
377.576
99.0051
640.466
769.523
502.403
211.896
419.144
606.003
643.792
777.491
628.716
339.507
299.04
242.786
687.968
474.27
547.135
560.747
538.184
749.549
677.985
567.905
852.482
223.647
211.454
398.453
62.434
26.4008
545.62
499.449
638.919
557.584
404.349
460.098
103.325
645.834
689.705
500.189
261.048
459.413
549.103
591.887
766.572
615.8
354.193
387.005
285.687
715.196
544.472
503.751
571.126
655.227
150.207
104.738
374.445
578.73
592.119
934.335
541.324
553.343
507.134
579.193
533.319
571.512
254.244
463.4
616.754
135.059
775.98
112.058
713.484
163.689
472.61
457.948
312.258
210.685
859.24
522.66
747.88
188.096
366.83
358.9
52.2398
642.806
561.231
986.71
945.542
942.245
978.785
696.846
775.928
1093.34
1119.55
1149.36
1143.2
457.552
292.072
734.327
768.805
1333.47
746.279
677.621
509.843
1069.78
1075.3
949.413
865.865
826.32
370.304
701.24
649.407
292.933
963.434
703.239
123.693
344.089
728.896
742.122
1069.65
674.71
694.942
631.466
714.558
641.954
698.596
336.621
515.35
749.637
154.858
901.947
246.603
830.957
244.99
593.891
569.198
316.078
284.398
983.588
597.633
865.666
38.0789
383.262
482.996
147.733
438.17
643.094
653.784
954.114
559.516
586.656
608.52
674.997
637.64
671.631
213.002
399.592
633.681
208.319
875.845
215.102
708.837
121.622
575.022
562.155
390.375
309.958
863.009
476.282
743.549
155.724
281.144
461.213
144.903
810.141
830.172
1247.47
872.626
860.405
544.529
658.838
501.025
609.952
628.446
833.67
945.952
239.437
784.092
358.064
1065.41
536.146
504.223
452.991
89.5879
238.472
1198.4
897.103
1098.76
342.218
718.368
434.716
323.215
23.2594
487.283
286.063
202.596
378.451
301.81
475.946
369.878
540.237
653.584
305.644
649.333
472.738
500.685
466.669
562.027
395.353
449.021
720.556
576.017
511.981
597.599
483.997
766.825
705.694
393.966
593.742
464.039
273.79
189.003
401.659
323.867
499.151
392.45
544.056
650.173
288.778
665.979
491.082
516.763
448.791
569.566
418.604
472.204
740.608
595.272
490.251
590.623
465.188
780.124
707.28
416.125
608.679
394.97
387.703
865.615
780.729
963.08
852.247
765.813
733.641
320.433
1044.29
910.974
898.22
302.081
838.084
882.2
934.679
1160.24
1009.42
161.771
624.82
277.626
1106.02
864.318
867.744
969.025
85.703
598.041
557.571
689.569
613.601
379.863
410.468
75.4321
656.906
750.64
515.993
211.443
445.154
598.966
639.027
788.759
639.015
325.848
330.48
239.702
711.047
506.569
545.744
578.582
536.336
485.242
630.754
545.297
427.566
486.49
111.018
657.822
671.839
510.766
272.663
480.076
541.698
586.233
773.745
622.852
354.316
413.001
295.083
732.369
569.836
501.576
584.661
118.068
97.4987
68.884
635.825
827.457
647.093
491.888
270.496
395.133
806.596
597.539
41
94.1541
463.39
366.984
881.419
820.347
830.957
662.463
806.259
148.923
486.609
200.823
73.5731
667
841.002
595.454
584.919
213.925
469.921
757.721
644.361
155.926
212.116
575.578
467.21
813.747
817.823
778.544
747.985
841.464
239.47
567.041
130.419
693.234
893.607
741.124
492.869
283.51
422.909
899.425
644.215
91.1976
75.6902
428.266
361.836
977.839
895.377
924.589
669.317
858.401
185.925
504.2
686.698
871.432
656.195
560.354
204.472
459.831
817.837
654.248
109.554
157.003
530.224
435.855
880.673
856.834
840.072
730.053
859.215
215.604
552.96
214.933
449.144
389.031
880.355
311.328
502.892
94.3716
612.405
620.003
565.276
446.287
661.227
269.112
537.443
367.069
174.917
507.505
306.139
456.248
595.867
1054.32
526.206
435.412
299.737
808.586
822.645
775.645
660.981
596.705
113.653
465.537
537.944
155.795
709.913
515.633
731.932
778.091
590.123
162.364
518.097
651.67
695.041
861.413
711.203
253.994
364.051
184.068
785.826
565.468
606.885
653.903
760.848
150.266
839.2
297.135
452.602
422.181
182.395
131.548
979.887
657.684
873.233
177.53
488.64
346.733
84.5813
664.297
939.407
854.272
308.521
342.65
711.619
633.37
972.109
1027.69
956.269
932.751
1054.52
419.268
756.965
707.467
237.523
360.573
347.311
278.18
138.755
841.314
566.039
740.737
281.938
453.693
246.844
99.4082
587.573
809.209
850.228
984.72
837.415
162.926
324.353
34.7131
864.523
574.275
756.979
756.834
569.612
569.148
475.946
365.472
742.717
362.945
622.277
277.276
216.91
459.157
215.928
58.4123
422.622
326.735
890.881
806.715
834.772
624.324
780.812
113.811
450.059
374.162
292.37
938.001
828.508
876.904
597.501
783.862
112.805
429.773
150.894
1114.59
831.562
1017.69
324.119
671.018
347.246
260.019
964.697
704.486
869.996
308.972
576.403
228.002
165.061
484.407
131.217
1018.18
737.163
855.87
899.658
353.48
624.135
265.158
717.61
574.138
899.236
606.423
785.331
791.021
400.29
514.545
182.584
672.625
416.803
337.713
