70
410.44
289.306
185.154
468.803
191.512
599.2
181.177
334.887
541.755
451.359
270.118
383.2
258.451
363.629
513.281
511.376
329.597
402.733
486.763
438.102
478.624
427.563
289.209
179.234
479.843
180.602
599.381
436.079
391.843
542.333
309.726
480.667
510.538
204.919
465.537
495.186
289.254
360.257
537.108
513.207
352.423
522.598
445.048
364.386
524.409
434.56
458.861
282.963
690.507
433.23
277.354
488.881
502.482
160.801
396.461
554.2
265.801
411.928
426.793
535.023
250.38
501.523
409.785
625.979
359.825
306.198
314.651
542.929
415.597
155.193
359.924
871.044
307.002
1009.04
589.836
212.941
919.024
71.0211
575.003
738.716
547.892
537.473
806.951
915.332
734.221
532.023
775.812
437.525
690.351
87
258.853
340.353
854.28
230.556
674.003
135.882
802.153
766.616
494.082
342.053
843.309
603.192
849.753
730.331
139.617
633.318
723.366
678
731.714
123.223
820.02
658.559
909.436
530.947
844.334
194.743
1100.76
117.614
296.108
789.938
823.034
250.38
314.697
616.517
438.854
661.855
750.787
940.671
269.898
751.23
1
1036.39
737.214
541.156
700.293
224.323
100.409
205.572
730.623
259.239
876.416
469.758
254.018
769.22
170.578
506.883
654.66
393.402
516.263
651.832
800.505
596.996
527.2
722.496
314.453
539.141
218.66
266.923
286.505
704.376
134.629
699.16
255.932
672.73
739.227
464.431
263.41
688.756
493.042
702.166
697.327
138.658
478.152
709.02
669.711
584.209
278.289
726.693
503.441
810.405
391.152
744.664
201.122
973.728
143.951
146.986
634.745
757.133
149.643
365.203
643.096
405.882
620.065
681.705
823.74
116.069
713.227
155.029
906.538
589.186
497.197
599.371
256.909
127.016
541.651
301.538
697.339
329.874
389.278
566.851
372.2
454.843
562.004
187.971
530.905
450.694
650.886
416.077
561.669
671.908
252.976
358.303
412.95
369.437
309.104
502.093
196.655
754.934
441.163
503.076
724.224
475.399
308.294
483.389
369.997
502.873
677.552
293.602
277.115
713.793
685.493
386.005
483.132
614.63
299.681
685.458
262.488
621.534
327.613
801.645
330.893
109.659
432.145
685.719
188.279
484.336
704.642
423.207
594.465
610.47
670.099
103.711
685.271
359.68
731.202
390.128
483.037
482.996
415.974
320.258
642.511
169.189
314.771
796.596
149.967
901.002
507.326
423.615
390.852
676.132
361.885
251.938
139.463
731.717
590.059
706.686
492.968
895.818
743.566
618.266
141.51
646.61
900.067
904.675
127.581
712.986
645.224
822.397
272.927
338.29
101.533
673.339
757.588
388.321
755.008
763.176
168.6
988.092
378.402
352.172
365.137
619.505
342.148
749.466
283.521
868.382
647.59
340.982
538.628
627.236
835.654
877.142
638.318
615.978
503.563
245.817
645.007
657.04
870.506
210.319
168.861
597.445
337.54
957.474
855.084
754.066
330.926
156.083
728.742
368.86
268.062
434.181
437.776
257.614
700.928
632.122
503.87
273.856
472.446
527.259
647.353
287.842
101.139
33.6155
668.186
131.674
459.184
279.303
547.576
480.277
205.205
515.606
701.912
326.057
651.111
439.092
167.502
540.387
450.351
412.536
541.133
392.227
519.004
549.321
611.006
562.161
547.22
122.577
832.339
378.926
340.602
677.277
516.435
126.27
204.978
406.528
146.659
363.86
443.812
659.679
301.033
456.281
306.08
774.739
548.876
240.832
407.333
501.028
357.239
425.319
910.148
268.486
1045.15
568.23
438.503
557.315
734.172
516.097
191.672
281.469
789.978
587.763
874.374
658.485
1024.53
852.916
725.877
292.027
779.801
935.45
1027.62
208.019
717.436
714.457
986.551
420.932
429.796
258.213
685.339
886.772
557.367
771.746
790.52
337.077
1121.57
363.418
521.009
308.869
788.658
318.135
869.393
114.756
1017.53
805.492
498.1
520.735
760
932.819
922.395
720.6
645.224
509.295
167.156
799.28
663.186
1008.42
43
337.8
658.586
383.051
1112.64
1002.76
486.656
420.206
632.463
227.923
252.105
293.789
384.865
476.961
330.893
180.136
437.64
398.137
567.255
505.951
599.954
431.297
304.844
367.129
359.28
622.93
602.304
217.568
490.805
344.71
638.111
440.073
54.3783
341.013
444.065
462.832
371.981
510.098
502.977
251.072
698.566
288.085
357.494
355.584
529.412
291.853
444.177
511.415
613.688
436.497
450.111
387.057
339.458
520.899
590.435
328.55
367.6
318.868
354.013
417.259
439.318
589.143
449.071
259.979
307.883
158.619
720.9
596.419
876.633
283.81
402.15
574.008
556.354
332.032
824.962
785.208
657.45
320.975
582.619
565.76
747.567
157.965
61.6198
185.3
814.647
193.132
463.457
133.147
703.587
559.746
294.885
512.039
837.005
481.773
800.16
526.308
115.365
656.332
512.806
466.429
687.224
260
662.97
671.276
756.689
628.886
694.449
61.6847
987.622
318.573
385.04
803.095
638.236
204.749
111.83
406.041
245.652
463.953
570.706
813.234
345.863
549.321
211.946
930.635
694.531
349.288
558.378
435.184
297.271
938.433
633.79
568.085
388.207
799.842
256.798
398.207
243.195
854.283
735.731
681.029
417.077
956.28
829.065
709.059
64.846
707.648
1031.21
972.101
272.369
856.094
763.489
812.468
159.138
455.774
79.2275
814.877
820.577
346.394
894.343
898.884
190.158
1040.48
527.714
308.955
514.02
577.46
492.062
823.802
376.12
897.286
662.635
243.559
687.059
689.56
930.136
1004.13
748.572
752.995
648.631
388.392
669.188
800.246
918.626
310.728
183.521
721.294
476.471
971.803
887.104
635.557
795.815
558.02
605.984
807.996
961.443
766.711
602.041
840.391
405.66
679.697
150.083
328.123
401.622
873.601
276.796
744.948
199.289
840.139
835.11
561.307
293.537
851.978
650.447
872.277
798.04
202.299
636.044
793.076
748.096
754.422
138.521
874.465
664.199
962.107
508.737
896.611
262.292
1140.58
64.2573
290.689
792.9
885.131
295.99
385.406
687.466
505.202
728.066
811.917
985.812
272.971
818.297
72.0069
1074.38
759.263
606.447
751.645
154.042
59.0085
172.54
494.232
169.145
703.674
408.236
391.083
225.056
219.659
707.749
716.241
551.306
340.649
234.651
586.622
372.539
398.167
534.802
385.187
276.66
146.84
738.085
667.602
180.942
556.04
228.965
435.412
585.301
285.07
275.138
477.202
656.144
264.015
576.417
358.766
701.314
300.108
386.988
621.974
639.816
539.056
676.917
250.799
357.375
386.524
370.667
165.801
146.823
176.465
438.08
506.504
232.312
574.087
577.5
486.146
91.0879
185.367
760.342
618.777
545.55
312.34
699.338
257.529
345.358
365.568
168.107
810.008
752.665
720.761
512.41
400.586
535.093
523.76
497.064
706.222
296.515
289.539
309.095
863.806
641.589
200.125
497.848
251.525
599.481
618.499
336.025
352.115
452.866
825.545
93.6483
599.591
188.045
780.3
135.074
555.563
471.858
793.656
660.295
672.715
136.418
506.388
557.23
486.374
337.343
207.039
80.7094
287.388
633.331
233.617
737.836
438.552
461.25
247.13
102.416
911.369
773.46
616.523
268.901
556.081
290.58
659.003
688.8
317.77
223.45
598.716
524.623
432.844
324.53
365.855
855.487
623.982
389.173
770.025
564.416
432.604
295.418
347.311
332.352
722.364
473.068
102.694
777.051
759.48
223.323
671.096
570.653
115.213
620.464
247.291
563.498
496.17
668.824
512.509
275.089
248.032
680.841
352.057
638.498
811.779
523.646
641.007
612.053
568.592
285.33
722.241
547.647
595.763
224.804
551.551
448.357
583.6
504.02
849.638
565.799
556.651
56.0357
260.86
774.127
839.51
489.951
278.883
234.327
750.323
388.46
241.299
460.179
554.326
229.157
55.5698
772.798
822.898
344.189
721.424
194.281
407.011
714.891
192.782
156.387
635.814
590.428
405.228
712.082
497.752
791.884
447.362
343.77
780.934
627.096
590.753
823.367
328.174
380.422
273.271
205.572
111.946
139.402
275.045
595.883
552.637
217.947
536.479
740.964
644.698
78.7718
351.552
749.006
605.083
604.63
359.785
897.773
862.604
475.733
173.511
863.628
791.397
692.221
224.437
634.742
1090.89
891.095
442.109
965.622
802.016
619.814
97.6729
528.557
261.354
919.566
741.132
173.833
987.054
978.584
248.244
929.754
689.743
153.734
705.286
359.201
665.53
764.987
628.179
755.622
517.349
26.9072
833.118
620.906
904.188
1052.49
769.434
844.461
777.142
603.703
537.756
912.563
806.812
559.089
240.468
776.981
597.21
804.866
750.893
270.002
620.417
397.554
866.914
712.966
916.208
724.851
600.646
392.227
685.767
752.521
911.373
171.237
527.504
554.337
956.928
521.584
312.187
351.511
497.305
782.806
590.339
584.173
606.053
371.797
1018.27
174.347
559.432
120.673
802.728
128.39
753.425
215.149
944.456
760.089
581.338
329.164
666.179
790.044
743.759
570.653
463.728
322.126
30.0832
744.624
473.973
914.582
183.535
376.968
494.629
228.443
1051.46
926.97
611.11
512.41
606.865
446.171
756.941
604.996
480.393
196.573
508.19
789.028
765.288
99.5038
625.425
520.726
710.001
296.299
212.608
164.976
581.946
618.652
320.688
658.007
659.294
111.893
850.154
329.985
290.904
352.881
534.958
307.456
610.011
386.401
737.001
524.649
333.918
475.935
488.697
699.192
761.078
508.142
515.19
425.302
279.614
517.815
570.289
733.655
315.265
119.365
478.127
245.839
831.169
722.721
298.429
799.068
880.989
476.873
274.467
256.049
804.006
405.346
196.665
442.756
610.237
243.189
95.7706
787.902
873.884
398.51
775.681
217.083
408.453
758.773
191.846
146.086
688.122
573.781
457.771
757.692
549.302
823.973
500.625
342.593
835.561
628.581
613.417
871.709
370.419
399.821
246.051
154.738
138.852
179.769
323.125
650.495
574.279
244.436
531.024
796.402
696.971
134.302
407.506
749.326
606.601
924.792
904.076
739.44
524.412
440.778
703.182
587.882
369.628
714.382
463.643
129.988
288.056
957.698
808.199
343.759
665.941
105.759
638.111
770.11
191.387
223.591
618.142
842.594
224.415
754.595
294.138
910.934
269.676
581.936
601.021
850.766
758.555
835.812
79.0569
573.893
533.904
374.769
338.497
121.495
87.4185
425.192
726.163
78.3135
774.851
580.734
626.69
234.957
266.918
972.482
829.248
313.081
519.004
568.177
543.032
622.217
399.61
986.292
562.64
704.115
975.385
718.677
147.472
549.518
613.117
638.464
929.088
451.359
334.724
961.45
930.247
538.124
543.768
855.337
372.075
918.352
120.154
856.864
508.627
986.426
342.229
187.2
470.279
936.718
401.36
674.959
932.889
663.413
846.234
861.966
881.722
227.423
937.624
437.887
913.269
538.391
732.204
725.006
348.69
348.049
757.452
725.232
646.894
371.357
554.707
1077.63
791.459
542.212
990.905
786.934
460.156
263.61
560.326
400.889
943.364
649.327
134.239
999.957
982.904
341.41
810.022
763.888
156.32
798.259
193.238
748.644
685.91
773.01
622.065
394.249
177.003
889.074
545.074
840.387
1032.81
744.412
862.751
823.969
718.109
423.293
941.884
690.383
701.026
336.786
775.001
651.738
655.076
620.936
215.081
321.1
892.095
249.882
603.733
49.4065
816.523
717.226
452.305
428.706
892.525
605.563
883.896
684.232
138.311
689.94
668.554
621.203
766.712
104.848
806.718
712.253
898.846
606.884
834.971
165.415
1110.36
204.044
365.383
844.988
792.92
268.896
243.994
546.502
401.278
621.486
723.626
942.953
334.168
707.28
86.3134
1049.02
772.927
505.147
694.064
302.909
187.395
127.047
768.074
175.011
433.462
194.25
647.213
507.922
237.924
530.118
797.507
423.597
751.695
472.458
136.125
626.314
465.004
420.525
640.815
318.868
601.367
638.377
695.129
620.406
633.003
69.1231
928.514
354.686
382.598
768.566
578.323
181.177
115.156
376.898
186.215
407.029
510.037
753.055
342.345
494.325
257.857
872.479
648.423
290.084
497.575
474.951
332.778
649.481
154.932
446.363
311.333
520.24
452.994
180.236
538.925
688.745
296.731
630.86
410.824
200.771
535.496
426.251
390.451
523.034
425.601
485.635
542.177
577.832
571.371
514.218
155.708
802.325
410.026
357.771
667.99
483.513
146.103
221.183
395.552
122.381
334.096
410.601
628.431
319.044
427.001
339.436
745.66
531.004
211.021
375.033
531.896
388.477
643.809
984.785
908.459
246.138
819.772
711.77
751.288
131.939
406.503
40.8167
777.078
756.723
288.725
854.19
855.866
127.424
975.833
504.191
251.002
502.004
521.878
472.366
761.134
405.04
832.628
598.453
206.087
659.822
625.869
870.664
955.484
693.992
711.591
615.764
387.232
604.55
764.267
853.886
335.024
120.221
672.244
439.063
908.045
822.35
587.663
264.885
572.386
607.559
334.97
384.338
652.841
374.066
634.467
564.783
112.929
464.431
580.877
543.949
517.7
342.257
599.27
481.065
685.789
445.638
620.194
131.7
870.325
269.898
212.424
613.686
623.061
19.8494
288.877
533.634
276.74
486.498
547.859
710.716
172.2
579.829
229.863
806.395
524.135
364.003
475.052
388.624
249.772
560.607
774.319
252.42
291.22
962.538
1062.53
578.769
953.885
263.879
568.838
954.897
181.069
147.363
873.856
686.493
579.314
952.976
660.165
1017.41
625.156
501.941
963.581
782.001
799.325
1064.59
448.47
584.939
360.203
57.4891
334.588
290.248
431.589
781.829
759.421
292.441
673.027
935.105
882.783
315.357
564.385
897.903
760.612
819.801
684.996
426.33
476.596
915.512
603.464
898.176
653.979
152.411
718.011
633.525
585.276
782.001
131.027
794.346
738.531
887.596
646.734
824.691
158.685
1109.83
253.269
402.751
871.551
771.13
282.592
203.121
503.672
378.556
594.821
703.847
938.81
369.33
678.122
135.148
1050.4
788.592
481.965
686.366
351.512
236.241
585.636
526.799
802.901
366.661
227.07
206.519
545.778
678.817
419.144
627.477
636.234
201.854
913.824
258.095
388.24
263.181
634.307
227.002
661.744
301.126
815.177
612.609
417.555
415.289
552.558
731.399
753.042
525.255
488.878
376.777
180.114
602.3
529.694
801.512
234.361
207.617
476.067
210.523
914.604
799.582
276.045
989.636
918.204
437.713
783.901
47.7074
635.532
858.673
72.4017
118.794
726.472
815.914
354.018
847.231
423.058
976.269
399.49
572.85
730.302
855.084
798.651
938.715
204.198
596.934
489.124
269.609
334.253
130.599
210.924
555.18
762.775
55.9464
765.622
710.721
735.25
245.247
380.728
977.205
833.101
719.15
778.918
308.561
684.559
236.932
360.336
663.678
246.018
211.625
594.242
554.867
402.703
662.128
497.076
736.549
442.064
299.376
768.538
579.25
535.616
775.967
347.6
326.241
252.517
250.48
58.5491
169.189
285.843
584.277
497.691
257.148
493.098
724.29
603.049
62.2013
332.032
701.446
557.291
689.036
676.832
763.387
945.634
398.137
469.438
965.141
928.14
655.824
430.377
921.354
505.589
993.677
267.591
929.57
463.276
1095.6
229.985
203.666
612.668
981.165
393.205
623.854
906.506
661.039
865.224
905.108
974.906
232.002
958.554
342.667
1023.37
657.408
744.614
789.69
206.061
242.739
487.603
171.4
873.509
763.417
221.923
945.85
942.046
191.951
966.508
621.586
189.214
627.866
438.001
593.372
779.208
532.008
803.884
564.385
86.764
771.806
637.018
906.885
1028.08
752.57
802.433
721.308
518.024
579.028
863.727
843.062
463.846
183.098
747.181
541.295
864.167
796.816
377.244
391.261
470.986
426.358
459.296
454.472
296.543
706.785
244.663
411.618
319.877
580.188
254.568
444.815
506.478
636.616
473.676
501.662
333.946
354.611
504.445
549.045
300.217
316.204
264.847
337.997
451.241
385.716
602.438
448.93
305.486
265.844
113
747.746
618.305
741.765
747.302
308.577
819.928
823.002
118.072
970.287
464.596
271.035
461.235
542.477
432.171
748.223
372.372
833.72
602.847
241.466
621.109
616.028
851.799
926.018
669.347
677.847
578.558
346.879
606.238
728.238
849.316
301.04
113.018
642.982
403.279
913.547
822.495
597.268
811.253
87.0057
118.474
681.628
784.474
322.969
800.082
398.369
928.89
368.917
535.859
704.256
815.885
753.323
892.66
184.621
553.572
462.154
271.015
294.287
83.2586
176.082
525.746
717.831
30.2324
729.343
680.838
690.444
201.102
338.565
938.128
793.958
568.845
597.027
554.044
630.62
236.028
681.745
588.001
772.001
519.271
707.221
67.0522
973.926
220.445
273.622
721.011
683.839
131.32
226.771
511.963
303.516
526.077
611.31
808.961
235.682
616.825
138.708
911.804
637.064
404.199
564.1
342.053
198.426
869.907
854.751
224.439
756.235
631.535
37.7359
669.658
233.908
617.984
595.625
671.84
585.352
346
156.952
754.897
451.613
740.52
912.204
624.552
731.317
689.757
598.068
364.589
809.03
633.167
598.619
221.822
647.687
517.751
642.312
579.581
50.5371
754.003
764.493
409.826
861.484
485.057
971.206
455.8
532.211
791.205
817.47
780.314
960.208
269.312
572.245
433.663
197.426
304.14
143.422
262.498
612.687
742.911
113.137
722.366
767.696
762.9
231.206
418.187
938.896
795.45
750.92
716.126
432.418
848.42
512.814
945.231
478.339
488.48
816.434
774.355
747.136
951.867
302.643
536.457
384.513
153.183
268.159
147.513
284.508
635.202
709.011
148.142
677
789.023
759.859
208.197
425.725
895.29
752.358
852.383
441.78
190.444
462.68
452.217
419.1
633.853
450.504
716.582
487.899
222.191
585.534
499.509
744.151
841.38
572.664
610.581
531.746
376.765
489.608
672.173
731.28
377.115
8.94427
558.95
351.433
798.82
705.028
911.224
781.724
1003.1
644.497
939.031
270.046
1209.84
202.704
416.48
912.952
897.143
361.942
332.845
630.134
505
723.859
828.218
1044.66
392.2
808.278
123.454
1147.29
858.098
608.837
797.487
262.345
195.78
607.912
94.8103
813.665
46.0109
641.305
384.526
868.159
717.998
663.901
161.901
581.014
650.019
572.931
429.635
292.481
148.014
203.022
694.402
299.955
819.17
357.874
449.348
340.771
131.685
983.447
848.614
642.223
271.531
592.324
611.255
635.604
615.075
375.494
133.034
735.944
467.172
751.656
911.876
625.62
721.338
672.706
566.107
391.618
796.519
658.365
562.481
187.182
642.708
497.942
675.554
608.462
867.083
65.7419
733.524
307.319
953.063
791.638
680.706
219.584
667.083
744.827
658.034
524.432
379.012
230.931
141.792
770.67
372.344
908.606
293.961
469.128
435.026
211.092
1066.37
934.009
809.04
568.48
902.571
447.404
246.059
355.878
912.716
442.119
732.831
966.902
685.335
845.688
840.52
814.305
283.648
933.626
531.159
829.19
450.977
740.017
687.535
466.513
449.872
669.795
339
887.331
727.145
640.177
204.267
601.447
686.599
618.188
465.816
337.722
194.003
157.013
705.661
345.685
843.51
311.925
426.198
380.592
145.362
1000.66
868.296
951.145
286.028
325.83
743.425
631.585
144.128
166.352
445.154
244.233
467.184
560.832
780.652
286.22
556.519
193.763
891.831
640.913
347.023
529.627
406.832
264.07
1116.3
910.673
611.003
526.855
850.478
1000.02
957.147
782.341
676.702
531.992
185.068
902.212
679.003
1100.09
73.3894
451.595
709.33
438.959
1215.09
1100.63
239.585
741.637
890.591
287.467
425.987
724.603
521.599
742.499
816.02
967.646
228.11
834.382
118.406
1048.48
720.884
619.633
741.971
122.262
22.0227
502.603
779.041
214.443
491.815
745.749
479.267
671.431
703.102
779.567
40.3609
764.153
296.137
839.91
491.248
553.724
586.387
310.923
233.654
806.648
599.473
880.954
1026.44
743.864
817.588
750.414
581.124
521.518
885.664
789.773
541.092
214.553
750.509
570.544
794.318
736.253
607.497
598.459
453.654
392.594
190.686
76.1052
355.441
749.241
156.311
822.097
510.688
593.709
289.318
238.212
1011.12
869.513
296.068
531.636
268.479
474.445
532.065
691.055
174.771
567.866
249.69
786.553
506.041
352.511
456.219
405.257
267.649
302.828
220.792
412.42
538.354
819.317
451.97
488.361
313.734
948.703
752.08
313.968
561.883
539.004
405.231
288.402
280.473
427.245
773.491
705.694
300.987
615.54
924.653
850.261
283.24
545.125
840.415
703.239
223.009
325.972
600.167
440.931
313.313
437.879
733.757
581.288
103.87
343.39
643.846
499.677
148.327
493.341
636.397
93.4345
660.879
645.524
619.478
123.102
278.442
864.709
720.707
351.001
673.167
155.361
749.861
505.523
540.231
224.964
180.314
936.216
795.063
765.206
502.021
939.933
155.563
381.345
524.649
257.498
1073.46
950.432
729.414
269.818
832.406
493.627
517.592
563.195
313.359
218.753
750.246
657.423
680.918
216.037
325.208
956.638
812.524
1035.74
736.789
540.19
699.483
225.282
101.119
378.217
666.859
392.312
1145.6
1033.23
567.86
359.924
802.153
709.536
275.536
741.801
597.88
855.531
722.941
144.17
