70
268.732
1060
184.261
339.426
928.929
890.865
643.828
504.099
381.933
393.975
811.937
615.725
826.248
893.345
106.827
664.594
381.477
295.747
477.821
1002.76
894.571
821.243
921.244
905.179
227.484
504.747
815.987
1037.62
790.595
489.461
1062.57
894.002
430.262
620.613
778.165
1056.37
820.049
877
387.408
1067.09
819.881
783.112
90.0888
166.111
863.895
676.439
707.167
1142
205.828
334.834
684.487
592.467
1009.44
807.217
668.205
733.518
866.065
296.892
946.932
178.34
216.002
980.207
567.286
621.267
785.073
567.071
755.054
544.706
270.185
844.825
199.922
143.224
687.641
626.077
474.085
307.605
260.572
200.202
558.653
355.238
721.023
821.231
185.389
602.921
207.2
304.14
209.619
735.18
643.438
612.847
738.797
841.885
222.441
236.578
705.108
790.795
522.12
350.897
794.258
770.546
193.215
353.99
619.213
789.758
763.374
608.621
303.674
827.432
562.089
520.603
309.201
229.02
596.142
411.17
584.144
902.375
121.202
320.663
430.847
527.274
755.573
702.454
462.68
504.591
605.459
103.846
742.082
253.622
173.488
725.938
325.484
431.912
517.012
332.988
511.454
278.568
84.5991
1044.7
914.568
217.101
437.676
434.191
948.39
688.512
667.892
797.979
739.609
479.43
588.647
953.203
618.324
954.382
827.063
719.656
652.304
835.508
238.948
202.41
620.623
850.259
669.73
463.812
221.07
602.501
590.014
539.268
414.391
651.679
683.058
349.543
475.786
627.625
527.789
705.525
162.89
762.819
712.523
1131.05
913.258
504.874
687.321
467.039
182.88
855.942
791.471
780.299
627.905
287.717
483.256
391.809
342.077
743.008
771.799
121.491
916.256
1015.47
295.576
832.863
441.304
532.049
859.773
847.397
622.107
800.725
187.387
883.831
803.318
666.095
332.054
427.019
391.939
662.898
482.3
895.02
982.752
194.494
756.263
211.464
405.08
373.118
878.347
741.761
812.527
935.71
999.718
317.813
413.069
881.069
984.215
675.763
529.668
956.871
951.769
393.137
500.855
810.01
960.485
917.192
772.984
455.33
1023.57
676.24
647.958
160.112
280.059
764.697
550.522
762.898
1098.27
234.036
436.497
539.164
680.389
944.909
876.037
661.672
704.086
725.786
286.149
941.73
303.402
42.0595
915.177
415.708
628.049
685.23
409.92
598.273
460.34
258.132
734.864
629.382
584.989
173.142
398.549
322.816
477.803
295.237
847.552
954.139
291.084
740.438
64.0703
445.497
203.855
691.469
558.405
694.73
833.779
976.281
360.972
250.799
830.357
827.557
491.742
479.802
774.01
890.718
287.028
317.128
729.429
781.154
899.705
591.93
444.789
872.895
489.699
460.57
342.861
355.878
585.713
364.428
708.568
946.275
257.614
463.59
352.647
665.478
781.837
829.44
553.711
573.548
538.777
242.539
822.451
381.587
145.399
752.272
230.671
535.015
507.001
228.14
416.812
300.042
227.178
224.502
379.148
747.495
587.677
538.187
580.962
530.905
548.977
679.478
823.496
632.62
767.355
739.763
532.836
452.283
620.443
193.889
298.424
713.092
741.389
484.336
528.444
114.127
385.41
509.181
360.956
511.172
500.873
475.774
372.055
303.402
694.108
313.844
619.965
139.807
545.954
495.429
989.899
800.062
289.698
474.465
478.934
214.742
723.527
710.389
566.008
615.721
125.936
545.099
293.307
201.341
527.577
632.255
205.779
808.541
850.36
112.925
626.905
354.844
315.298
653.496
630.718
435.157
659.734
491.343
595.063
616.75
536.067
366.314
367.708
725.623
860.933
793.375
766.984
645.31
769.656
430.289
238.027
397.977
370.47
508.34
894.115
745
391.809
703.831
248.032
180.51
572.087
195.126
704.102
472.382
322.837
540.907
168.962
860.44
90.1388
663.193
312.36
329.862
286.142
934.694
793.698
69.1809
298.613
626.47
369.661
696.937
749.833
377.669
730.631
180.602
717.668
387.848
290.057
305.851
603.878
425.018
808.594
764.527
157.051
466.451
443.036
128.016
490.683
425.622
347.536
626.355
684.2
262.574
274.711
708.534
548.056
284.86
413.716
538.897
276.219
640.835
393.243
440.601
715.755
780.987
204.416
277.417
443.411
423.558
398.648
264.197
490.667
541.267
157.892
682.513
310.306
298.511
496.639
145.279
640.664
389.391
545.858
272.347
491.737
685.992
625.186
722.669
487.591
518.93
537.345
152.109
559.722
448.657
357.29
624.003
242.002
499.124
269.863
103.73
203.039
697.525
379.954
314.111
487.603
645.945
477.603
608.313
62.0081
478.483
632.787
716.843
370.747
408.208
543.206
452.429
351.07
227.379
962.312
1078.95
463.871
877.217
122.642
611.433
245.791
596.896
421.969
752.066
902.93
1103.86
529.741
292.865
943.297
823.274
428.042
607.664
703.433
994.491
394.362
275.572
822.392
724.099
1032.12
536.027
594.613
877.602
372.7
362.178
492
528.493
537.954
298.198
822.708
946.654
427.126
625.66
243.939
804.776
766.711
945.264
629.903
622.065
425.282
395.38
872.828
554.12
292.617
738.618
129.248
626.955
467.059
107.713
277.276
334.121
386.518
103.31
697.106
496.588
468.107
561.749
278.361
342.468
461.972
154.638
343.083
796.264
780.849
450.428
539.801
581.673
161.969
327.397
454.054
701.368
586.489
107.912
809.371
525.78
182.258
465.004
396.834
784.414
502.802
637.02
56.356
718.633
687.164
631.843
463.017
225.601
615.393
521.771
336.621
791.648
195.735
133.375
581.588
267.081
689.098
449.16
302.2
386.381
716.934
156.952
571.557
227.759
415.562
662.193
514.612
247.487
548.402
532.076
675.37
334.009
178.025
594.079
393.3
525.004
632.248
287.367
424.835
383.642
239.002
240.801
702.12
678.04
430.153
544.568
655.321
210.021
224.129
508.159
649.215
489.637
157.544
724.934
571.265
79.3788
362.138
419.49
704.979
581.014
547.475
159.665
674.914
584.73
530.08
463.176
263.956
527.532
419.326
386.529
749.563
188.502
228.022
478.299
352.512
627.896
506.786
276.8
340.178
615.621
106.626
557.918
275.545
371.248
599.591
414.165
237.008
456.741
432.752
572.184
232.88
135.558
206.903
987.099
1120.24
743.151
966.957
455.716
819.768
365.548
263.068
85.5102
675.261
830.029
1150.9
758.773
370.324
965.37
613.594
196.698
710.094
393.777
989.837
514.856
232.228
811.464
433.278
1097.27
279.029
753.313
678.561
37.2156
88.5494
820.552
782.665
297.14
177.674
860.549
733.011
671.78
817.785
128
908.529
544.045
974.237
616.548
553.882
82.9277
599.604
764.195
805.41
620.987
522.698
247.316
647.114
269.551
254.26
80.7217
366.482
607.455
832.771
960.905
540.578
787.728
292.236
613.857
158.928
396.247
292.412
565.87
722.056
989.626
551.871
170.038
811.853
599.421
204.384
521.752
485.606
848.826
315.217
57.5587
669.98
500.685
928.402
311.002
552.941
656.062
207.022
167.601
634.039
576.534
311.231
72.8354
698.417
723.255
465.721
613.365
85
723.992
540.77
817.917
470.09
434.891
250.683
392.757
676.84
598.987
440.459
513.128
99.0051
486.261
239.727
124.278
179.446
179.961
400.671
135.801
732.798
185.602
907.331
533.877
722.015
961.873
1055.84
360.257
279
168.63
600.248
682.001
22.0227
637.195
810.015
370.126
900.933
84.386
569.219
780.785
184.762
848.39
149.272
795.599
443.806
608.482
962.315
901.604
914.066
660.136
767.816
819.452
139.778
655.062
662.193
493.572
907.796
241.081
673.751
19.105
370.552
445.253
968.885
618.425
377.117
649.845
883.199
661.646
892.261
346.517
741.947
916.341
999.806
655.538
643.106
808.179
229.02
1015.74
597.656
843.099
1097.47
1190.07
493.831
396.365
33.6155
674.19
805.529
157.801
762.489
945.038
474.714
1034.41
174.943
684.602
910.207
320.351
980.806
82.365
931.382
527.532
728.774
1096.13
1035.34
983.031
729.198
903.596
950.802
262.488
769.283
748.798
559.175
1037.67
303.371
803.026
146.455
504.18
580.978
1103.7
717.42
497.318
715.01
975.394
792.395
1015.97
475.723
877.376
1039.29
1130.54
782.143
739.733
579.345
345.249
215.745
392.929
917.833
827.581
714.482
816.192
822.402
134.004
413.882
721.284
932.877
703.355
386.264
969.69
797.408
327.043
538.282
675.195
960.354
738.204
784.74
289.705
961.277
747.324
705.907
184.716
86.0058
770.097
595.995
609.148
1036.11
100.005
250.922
615.183
505.004
906.387
713.697
561.4
627.236
790.846
192.855
840.374
108.908
207.531
877.328
505.329
514.864
692.202
509.559
693.07
450.379
167.726
803.449
368.848
653.276
991.694
1043.8
440.001
418.073
243.614
445.405
622.361
186.003
736.245
811.451
271.221
956.569
268.673
487.822
742.774
272.443
912.139
161.301
821.77
302.688
721.788
947.912
887.668
754.17
500.196
794.967
790.775
155.724
779.493
522.888
330.183
869.518
76.1577
757.652
169.532
379.933
477.328
964.42
499.418
502.3
486.261
750.813
739.513
829.136
330.506
751.785
850.309
964.571
608.311
519.562
508.469
235.304
684.966
532.403
740.368
883.179
1038.3
423.136
284.93
889.769
855.075
495.384
541.07
777.569
948.422
342.345
324.692
784.376
789.892
962.318
599.687
508.694
903.549
472.038
450.289
371.539
414.654
596.397
364.534
767.971
975.822
319.766
527.266
336.091
728.699
805.492
889.385
603.65
615.877
523.129
306.366
866.709
440.454
171.003
776.254
211.206
588.87
519.562
201.457
388.125
333.377
291.247
455.053
941.077
904.957
592.38
662.806
610.007
88.6848
451.885
525.09
853.751
728.045
237.542
961.108
605.345
314.994
591.244
509.645
937.833
525.137
785.789
122.004
868.312
814.239
762.308
385.375
132.458
765.208
649.963
423.189
940.379
189.623
40.4969
697.622
297.128
843.259
515.009
450.076
538.911
848.649
224.956
707.346
117.427
409.2
816.54
612.246
391.68
695.524
624.926
787.751
468.782
226.597
525.587
451
511.067
659.194
869.617
393.573
50.01
702.36
623.812
312.795
382.457
588.239
750.438
166.877
145.674
576.993
588.276
802.097
402.89
399.142
670.027
362.927
316.025
510.064
421.144
392.771
204.198
583.25
743.034
311.014
455.505
242.638
585.056
578.206
705.556
384.267
383.541
402.244
234.171
635.186
442.764
334.26
548.6
175.932
382.173
313.16
197.274
334.145
98.0816
243.666
240.127
608.455
744.586
1130.5
899.352
505.693
939.981
437.723
215.697
772.953
144.42
942.066
627.135
382.341
777.139
200.212
1093.88
169.924
848.37
503.954
231.366
235.529
1028.05
937.71
196.888
328.495
857.407
539.965
830.877
928.347
353.21
948.704
366.742
953.266
612.357
520.433
180.205
744.103
657.408
956.779
836.588
356.741
475.657
662.107
249.072
491.212
343.402
476.598
760.443
732.482
884.59
1221.28
844.28
454.757
1033.95
638.719
249.467
790.475
382.46
1054.14
598.709
315.902
877.224
431.567
1170.36
307.846
836.947
705.088
95.9635
156.208
900.428
867.998
330.823
259.538
932.464
753.26
757.111
902.532
212.603
987.186
567.346
1043.69
685.93
616.429
93.1075
685.091
812.602
890.814
700.069
549.331
327.873
720.226
322.009
331.843
144.845
448.684
692.949
156.85
527.326
611.864
461.573
339.037
296.675
483.198
354.858
540.735
333.635
420.077
508.488
179.12
488.381
502.487
447.613
470.397
289.456
645.031
586.758
893.212
674.624
420.021
529.379
285.449
355.709
617.661
558.249
624.239
428.267
319.776
354.683
153.395
131.381
640.888
535.093
129.244
678.145
785.374
304.396
649.074
202.941
410.488
675.871
706.237
418.001
564.128
429.415
700.024
610.554
262.374
368.329
636.197
433.647
659.357
221.923
550.532
664.79
157.892
601.041
428.095
591.433
545.092
332.417
799
741.48
999.645
764.152
564.475
686.222
270.897
376.108
724.754
624.57
781.089
434.066
415.246
281.642
280.071
287.167
792.246
651.169
101.242
762.997
912.257
409.176
803.585
307.709
562.994
830.241
862.744
569.2
680.007
688.606
832.851
190.56
795.88
976.781
497.86
1067.95
207.694
709.728
939.426
353.362
1014.4
85.4751
964.167
545.249
761.778
1127.13
1066.33
995.098
742.132
936.389
980.743
291.578
801.645
766.102
572.253
1066.99
319.331
836.612
178.362
535.359
613.431
1135.28
738.042
530.457
727.034
993.565
826.01
1043.15
505.365
909.447
1066.21
1160.17
810.483
759.664
398.363
589.356
854.04
684.056
266.378
931.743
666.748
274.962
535.531
553.206
913.959
604.599
751.332
160.031
875.207
756.339
707.472
313.982
64.1405
732.894
594.738
479.683
948.978
103.392
118.849
633.764
371.001
836.178
581.169
462.027
540.552
794.04
159.524
733.524
67.2012
320.69
808.219
540.374
409.004
659.255
550.938
720.958
422.8
152.738
661.937
577.167
290.259
353.692
557.832
707.323
145.413
139.463
532.28
553.615
767.644
372.254
383.73
622.113
362.664
310.556
543.472
432.672
359.578
198.081
544.218
695.486
325.185
447.893
254.849
556.547
533.54
665.98
337.378
333.654
397.03
240.052
585.322
452.585
375.586
503.846
210.488
338.953
280.446
234.342
349.468
49.2443
254.892
617.798
788.042
354.359
879.604
83.4865
550.753
759.664
162.929
827.315
167.586
773.628
431.779
590.208
940.492
879.794
903.333
649.927
745.847
798.01
121.807
638.02
648.84
484.661
886.578
235.765
653.441
19.6469
348.827
423.232
946.932
602.914
359.313
640.357
868.484
641.003
872.069
325.676
719.935
896.27
978.44
634.943
627.976
427.355
623.234
318.6
589.454
607.909
547.825
468.961
254.88
785.222
334.791
734.074
66.7608
576.834
534.158
1096.02
912.064
317.002
535.785
581.014
123.94
832.88
824.506
621.265
723.998
71.8401
635.591
407.237
315.006
548.876
740.727
267.402
921.117
949.259
91
697.941
468.633
366
723.675
673.541
528.08
767.677
573.679
282.606
805.466
413.237
174.929
629.517
296.547
929.633
108.227
640.054
490.23
163.478
110.023
820.519
722.015
114.481
131.552
690.864
549.855
615.374
717.146
198.64
760.753
361.061
798.599
442.441
367.73
159.289
528.417
567.866
741.116
634.716
336.721
299.007
482.358
73.3485
320.914
247.099
261.276
544.83
767.188
422.303
216.603
480.57
288.943
734.983
424.482
606.644
115.624
633.603
694.761
636.07
570.929
330.51
582.383
532.438
234.053
704.708
301.863
203.868
605.186
202.951
619.497
351.574
216.171
311.681
717.521
248.582
470.986
329.82
515.004
594.462
558.388
155.708
524.389
579.25
700.447
344.907
274.029
869.898
657.033
456.887
717.987
64.1405
1041.03
185.648
856.965
381.918
358.666
345.626
1098.29
977.332
199.86
413.052
811.779
407.707
876.268
942.698
461.983
923.323
252.66
894.826
579.772
479.634
312.162
784.768
564.576
993.703
916.169
251.748
576.296
636.538
277.622
595.762
471.432
519.312
805.12
606.618
794.592
179.388
814.236
217.911
779.88
507.765
554.149
962.747
902.626
980.541
728.223
752.145
828.402
189.169
594.455
721.449
564.852
919.723
318.893
632.779
99.1564
379.012
437.773
964.714
670.001
323.11
719.628
937.173
623.879
915.494
368.436
734.828
940.558
1009.23
676.098
696.103
282.816
442.499
641.069
639.356
476.428
238.516
640.125
505.351
450.821
489.041
321.338
457.962
339.949
429.441
715.198
227.794
306.544
400.146
418.571
579.429
551.838
271.649
312.32
536.492
134.239
549.313
336.809
365.297
550.318
342.532
248.129
384.532
362.857
494.491
154.208
160.078
615.445
465.639
880.135
275.632
521.161
603.013
223.215
171.945
646.817
566.008
271.709
59.2115
647.883
671.358
456.317
587.246
127.664
681.238
491.35
766.316
415.589
377.631
258.521
376.198
619.316
587.123
459.788
463.121
151.212
434.66
195.602
177.725
222.032
135.665
388.021
666.915
323.557
611.209
395.051
450.285
785.008
724.652
859.828
617.191
583.412
649.038
118.004
507.051
588.688
470.619
740.363
278.62
497.941
177.099
199.905
262.452
788.769
523.963
230.868
613.975
790.689
483.389
738.678
196.156
560.093
764.101
829.873
498.952
551.888
990.457
190.213
829.731
317.844
396.869
375.229
1096.94
962.406
195.801
427.937
764.55
344.28
864.692
917.184
487.494
882.511
190.276
843.063
539.416
437.864
354.346
771.936
504.813
977.475
920.6
191.951
595.336
598.084
275.274
616.612
507.892
511.716
793.879
925.419
463.985
757.623
1075.27
1014.49
910.014
657.402
897.831
924.221
238.805
804.201
684.054
487.694
1007.76
237.457
819.572
149.643
487.447
573.55
1086.66
659.676
526.373
642.003
912.089
806.207
977.02
450.289
864.785
999.302
1101.92
748.505
680.368
687.321
400.21
242.132
203.214
912.932
794.83
27.8029
238.481
688.27
454.07
692.221
770.146
305.315
779.206
265.017
786.344
442.526
351.932
215.87
601.521
511.661
811.995
732.64
244.086
406.871
492.284
92.72
429.061
342.667
334.574
621.055
747.097
743.098
687.49
472.945
223.231
665.012
577.741
319.953
818.849
221.305
90.471
637.941
226.53
726.218
424.703
328.818
419.926
772.354
202.371
586.195
218.929
448.326
700.129
569.914
269.863
599.844
586.928
731.689
389.597
219.237
641.95
598.03
1129.15
935.013
381.525
594.526
566.099
75.0733
861.423
836.99
681.948
716.415
138.6
608.741
418.293
335.201
614.921
770.779
231.812
942.405
989.934
156.16
753.923
477.895
426.597
780.026
737.043
572.87
798.489
60.8276
832.404
783.077
260.732
165.412
837.692
696
672.376
810.44
137.088
891.229
507.119
949.866
591.97
525.681
52.8015
596.825
731.312
805.225
634.2
485.99
261.266
625.015
236.78
271.553
113.018
354.006
606.387
801.167
737.153
217.451
112.752
776.868
655.478
627.001
756.955
118.258
831.568
466.169
889.103
531.207
465.996
86.5794
548.106
676.152
758.593
605.959
443.191
240.217
564.248
181.893
255.838
139.703
297.893
559.433
254.545
902.145
699.578
792.864
1204.22
275.98
424.134
695.421
681.646
1063.49
895.002
739.818
798.677
881.014
360.218
1020.43
268.091
200.9
1033.95
573.265
696.121
822.61
568.797
757.497
587.235
331.717
777.692
625.003
542.02
1009.1
110.887
170.026
655.772
427.2
891.852
641.106
523.967
599.908
823.38
193.83
796.972
25.807
290.413
863.53
554.301
471.96
702.237
561.969
739.219
462.154
178.138
239.775
660.828
438.029
676.415
748.684
313.081
753.085
248.727
758.589
415.48
324.304
238.145
584.945
485.685
794.326
724.801
226.002
408.736
465.842
79.6116
431.894
357.099
319.776
605.272
689.366
659.71
515.14
645.343
95.0789
731.323
474.688
805.706
450.444
400.93
199.331
435.409
633.064
646.224
508.953
447.8
168.964
475.442
171.47
192.354
180.854
189.18
447.091
624.436
532.28
382.859
775.423
163.371
604.505
122.56
248.654
337.242
848.125
482.502
348.862
534.883
749.006
587.478
754.689
213.925
626.068
778.412
868.606
519.761
508.08
936.296
908.43
744.791
778.698
189.32
657.076
490.368
409.59
665.327
845.775
279.716
1016.16
1064.43
213.265
821.689
549.141
489.703
847.489
795.118
646.251
873.518
212.85
544.905
446.86
806.781
643.152
464.303
527.691
713.085
93.6483
744.549
134.172
228.569
777.794
444.731
420.193
599.504
453.419
628.784
357.841
71.1688
697.862
257.637
816.51
474.681
418.836
510.393
842.867
232.622
671.269
156.847
437.924
790.299
618.263
359.29
681.089
632.446
789.542
460.679
239.153
806.901
557.294
893.507
540.907
495.323
187.182
475.282
727.996
678.809
497.121
531.681
124.888
562.001
255.409
138.13
95.268
261.268
481.707
738.39
222.874
343.594
444.668
910.539
423.946
508.084
414.403
674.685
718.003
760.953
287.892
704.552
781.417
902.154
545.852
443.708
670.341
406.941
307.847
477.948
713.533
316.836
902.721
908.548
29.7321
639.727
468.728
303.442
664.913
605.826
485.166
739.4
357.897
435.202
957.244
599.754
378.132
630.889
864.334
657.478
876.354
331.73
731.095
900.29
985.845
640.207
624.34
102.005
600.274
382.059
281.357
528.856
635.938
383.412
540.482
61.8466
377.478
566.268
631.253
300.96
411.118
527.007
438.657
251.676
607.743
673.951
283.214
517.726
162.604
297.693
544.541
579.68
288.562
466.979
634.656
719.567
844.947
683.727
458.844
312
637.608
230.601
323.347
163.221
382.962
645.793
663.413
212.763
267.675
684.475
387.324
343.634
508.847
400.451
563.909
268.328
29.0689
798.965
914.609
313.026
764.712
325.848
494.696
791.688
803.971
540.049
692.474
315.04
874.649
578.564
475.209
719.556
586.605
762.953
480.554
199.161
878.822
373.751
605.179
645.44
368.257
556.777
423.455
241.075
612.008
445.028
276.978
637.358
582.626
455.449
710.229
547.883
338.551
27
188.215
239.742
388.012
421.361
572.63
654.847
309.535
372.549
362.99
315.42
241.919
528.337
188.86
265.347
399.362
356.439
568.283
286.714
