70
164.757
146.373
481.751
276.139
191.212
120.702
572.462
399.501
253.86
724.92
525.681
517.012
593.985
519.831
678.862
845.119
917.826
617.363
126.052
247.879
742.597
266.062
309.535
776.096
626.216
277.354
631.32
392.841
537.302
219.401
775.769
587.29
834.995
567.539
277.563
605.37
775.219
760.763
563.057
602.665
353.577
174.011
240.52
398.694
644.113
577.014
657.051
480.577
736.98
864.611
551.85
465.33
150.944
394.789
525.275
655.339
573.154
589.936
678.873
734.033
194.126
219.429
704.196
754.274
668.588
41.4367
246.089
667.308
219.126
310.793
603.703
440.409
337.617
107.201
441.584
541.666
274.711
839.42
439.638
665.138
439.109
500.321
751.64
878.301
901.819
730.76
245.601
406.695
860.482
422.384
400.281
902.612
491.973
240.304
632.811
463.017
416.079
318.512
911.377
524.359
785.104
622.425
408.336
560.742
805.79
711.385
590.31
448.377
513.43
246.148
331.266
300.466
734.063
514.301
510.714
381.121
875.685
884.66
612.657
461.62
264.32
425.837
636.658
503.748
414.849
658.041
818.404
750.787
320.652
106.527
770.008
822.572
606.43
205.119
90.471
613.241
381.483
412.641
129.769
101.828
254.692
706.283
305.08
327.002
654.041
637.428
406.005
737.922
588.986
656.958
855.573
968.614
551.9
137.463
112.361
667.027
154.635
276.422
688.84
760.992
381.903
677.816
396.234
667.109
202.074
676.674
682.706
913.842
570.022
193.933
687.826
790.399
841.154
591.63
746.358
225.109
210.155
252.24
522.096
605.231
672.704
797.218
601.163
634.452
886.314
549.506
526.738
151
435.349
467.372
797.783
718.312
577.624
576.459
763.063
172.54
359.071
688.355
733.878
760.608
105.688
388.599
753.887
76.531
390.063
504.311
498.623
806.489
126.606
384.813
244.051
655.324
166.508
906.727
482.614
289.705
531.008
730.068
139.302
545.117
453.273
260.849
265.957
680.823
298.94
858.204
475.732
477.017
220.291
753.664
614.04
314.797
631.447
764.55
281.78
577.897
592.629
484.422
707.775
367.049
911.522
258.312
617.715
277.737
616.445
214.014
624.869
925.224
662.222
286.356
583.768
255.988
423.027
562.128
326.181
63.7024
944.788
904.973
248.365
234.913
495.758
288.903
574.711
328.804
360.724
680.425
464.475
693.931
656.89
423.249
150.881
381.371
828.814
265.515
425.387
615.02
747.113
332.385
866.361
672.135
665.512
886.242
1029.99
523.154
239.082
71.0282
622.589
135.882
307.319
631.091
883.896
493.228
741.999
442.77
787.443
264.14
606.03
781.271
997.383
603.723
195.167
777.571
826.623
926.812
645.23
874.649
144.534
303.211
324.168
640.062
600.304
771.618
923.338
716.609
561.032
925.708
580.242
606.842
241.588
506.025
451.983
925.286
847.455
598.319
505.099
811.298
242.788
486.378
701.14
741.003
855.655
235.308
516.601
845.277
65.215
311.777
763.128
389.051
416.357
741.78
713.05
475.29
776.394
682.321
757.003
957.401
1067.21
642.748
100.125
86.267
752.673
239.075
177.341
768.547
816.551
459.884
776.5
497.966
728.501
115.434
749.352
767.128
1005.38
671.841
94.8736
777.453
892.169
931.998
692.362
785.525
286.575
154.486
352.369
589.173
702.772
756.963
844.328
670.621
705.307
987.915
651.254
621.703
94.921
533.805
561.633
840.051
752.439
678.841
648.298
864.084
273.98
409.313
788.996
833.882
846.785
153.73
399.572
842.236
89.9444
453.431
443.615
175.915
732.739
407.325
569.228
485.705
424.454
646.71
783.368
827.118
624.123
240.973
363.319
754.12
337.028
419.935
797.521
507.67
167.887
548.389
357.202
417.03
330.711
808.586
475.079
728.802
520.312
397.756
499.764
711.4
654.4
495.631
493.779
430.639
271.803
224.35
278.173
627.214
464.786
542.554
360.268
774.07
794.292
509.259
377.514
264.864
327.947
530.012
543.921
468.734
553.543
717.307
661
221.111
105.109
666.316
718.58
557.201
159.003
196.023
558.649
330.855
811.819
439.638
980.201
181.797
935.387
154.081
394.473
792.329
787.244
675.518
885.489
681.296
816.437
1008.55
755.844
841.656
1072.51
55.3624
350.602
520.609
589.957
53.9073
759.743
1110.63
279.177
490.11
651.556
843.812
351.164
722.17
434.014
561.471
151.083
847.496
687.684
565.28
196.825
824.212
275.757
122.004
146.509
1089.26
757.176
659.728
420.777
702.317
488.611
804.503
152.611
183.565
709.768
1040.83
643.218
618.328
354.006
788.183
836.744
324.963
612.119
428.263
353.091
782.806
372.907
353.01
680.074
127.287
893.651
536.806
413.192
649.089
830.788
257.752
441.826
331.091
363.672
151.162
563.153
383.951
865.924
464.284
560.632
267.067
761.412
502.112
376.789
676.28
842.17
382.77
456.719
649.167
597.602
779.54
452.305
899.691
131.894
514.817
248.654
615.683
340.331
668.371
925.19
674.051
337.48
697.718
357.022
471.874
456.054
365.859
190.066
939.332
886.274
360.843
279.38
599.25
222.504
534.238
451.359
485.898
735.832
374.513
631.627
716.478
303.936
597.036
325.576
498.014
524.424
267.726
480.204
607.464
663.974
491.048
377.584
436.689
621.663
326.402
561.135
674.693
494.191
92.1954
378.566
198.154
390.302
471.432
699.006
356.968
589.042
347.973
510.831
361.367
535.556
515.653
319.862
529.83
413.773
426.878
125.718
243.019
471.721
347.131
552.294
306.452
671.042
619.492
339.212
211.483
402.548
152.122
399.516
567.2
520.755
386.083
618.198
486.721
188.68
206.344
496.533
549.364
433.803
274.401
354.114
426.972
397.277
810.355
303.266
1098.92
606.898
240.666
464.57
718.819
108.683
788.174
682.807
30.0167
502.929
916.132
103.817
1027.24
681.669
542.059
403.377
926.294
853.916
171.843
757.619
816.021
345.388
808.678
701.52
450.564
776.64
448.201
1102.26
472.496
860.977
508.434
804.737
167.943
753.706
1102.04
833.794
185.13
533.023
329.528
563.565
804.471
494.434
202.763
1127.59
1103.1
285.671
186.936
499.625
531.176
798.81
273.249
266.047
784.529
708.477
928.748
754.777
656.875
797.573
328.897
213.591
613.505
608.307
522.522
720.428
648.298
749.721
839.343
651.805
825.543
905.902
220.511
255.539
339.6
435.092
131.939
737.222
949.068
109.882
362.505
474.608
802.877
177.138
541.911
293.942
381.418
328
737.547
673.778
446.171
139.807
650.25
103.247
301.06
68.884
931.296
582.177
484.753
246.83
672.135
329.565
645.078
334.311
350.374
533.805
886.134
463.855
514.245
334.081
607.771
655.726
180.247
559.786
463.22
198.698
712.065
1020.3
639.973
437.833
684.854
894.911
238.801
542.977
403.243
303.659
254.275
639.704
300.885
989.049
589.863
643.063
370.39
884.295
590.717
274.182
785.162
930.138
447.903
526.925
751.537
643.865
872.067
533.046
1026.22
189.066
614.824
374.973
740.011
352.881
777.88
1050.05
795.614
230.054
741.809
422.214
577.478
553.741
474.735
217.442
1065.11
1013.34
411.099
173.104
660.367
348.428
661.238
478.101
500.972
839.181
488.232
754.51
817.228
385.628
535.696
925.864
937.181
829.165
999.256
684.229
841.647
1126.21
815.037
823.005
1186.4
149.693
432.297
668.058
698.881
197.294
749.875
1218.14
431.589
640.816
783.072
846.128
503.016
870.665
587.072
699.143
10.4403
908.93
674.129
645.34
294.233
949.764
427.482
97.4166
278.352
1192.84
909.405
788.36
552.531
701.736
604.649
913.159
69.6348
40.4599
839.236
1141.33
792.748
683.46
380.664
925.186
975.28
478.94
635.387
395.001
507.167
812.705
400.706
413.001
402.934
524.535
644.727
694.622
636.479
552.461
828.476
705.814
433.896
260.762
143.014
270.681
342.586
738.578
755.079
152.122
325.738
264.552
777.113
112.361
342.422
254.686
168.074
536.064
623.52
690.606
347.98
271.066
442.73
147.299
514.607
257.562
742.259
400.81
277.622
66.4831
669.722
173.234
459.498
547.048
552.015
324.581
702.182
270.74
429.759
400.716
394.183
442.296
199.424
542.075
556.82
180.011
654.462
247.776
483.104
212.198
773.533
721.71
269.824
531.949
933.356
344.154
834.01
546.494
310.413
290.119
739.256
855.937
411.06
543.869
576.238
143.377
841.052
480.885
216.592
539.943
232.8
927.537
544.489
841.514
438.553
638.7
88.0738
541.679
913.633
649.588
416.559
308.807
143.377
373.423
794.776
340.331
227.035
944.153
936.74
94.1913
399.501
259.124
495.552
684.901
40.3113
76.922
558.882
676.145
834.015
527.402
686.822
269.091
458.52
955.588
935.313
490.065
750.387
1128.53
561.175
815.924
644.231
271.597
460.341
739.982
1044.78
635.028
509.141
425.019
285.661
1047.34
436.867
72.7805
419.076
288.085
936.08
777.407
1017.21
611.899
684.018
335.201
511.755
899.574
664.136
649.007
71.3092
307.278
425.988
978.956
455.706
470.591
937.201
957.848
289.546
640.008
144.534
684.425
790.987
207.523
198.816
486.148
852.177
948.562
452.754
897.683
691.741
1040.64
1065.6
746.326
897.883
1223.32
819.552
687.455
663.401
290.801
587.884
640.054
1134.26
890.661
412.826
206.197
449.444
1161.68
353.085
268.263
243.074
385.519
825.235
947.114
1090.56
716.783
640.394
569.071
420.287
768.01
590.168
899.177
198.406
475.405
452.584
1065.49
533.436
678.246
810.139
858.602
484.34
882.057
234.555
798.602
799.721
446.757
455.897
351.024
936.31
952.607
325.613
1025.64
684.288
588.657
130.924
403.834
818.734
187.323
934.12
577.294
479.508
300.741
831.678
753.127
230.552
676.617
763.488
274.855
714.056
625.826
427.949
716.761
376.617
1003.01
384.708
756.797
399.861
705.16
124.149
671.765
1006.81
739.024
221.208
520.963
254.081
475.278
701.416
397.081
94.1116
1030.66
1001.84
220.227
192.263
461.213
423.367
691.348
251.772
266.242
711.526
602.003
820.142
683.694
560.237
183.175
802.18
291.986
183.807
825.768
733.461
402.952
752.427
496.815
650.318
93.8616
814.125
712.859
961.01
673.199
163.077
731.399
887.244
886.794
678.671
693.618
359.235
73.0274
343.862
517.571
728.929
702.574
756.003
600.051
771.804
979.306
655.229
588.8
25
512.61
596.977
749.305
658.62
688.914
713.852
850.69
277.996
328.445
802.163
850.144
794.343
104.89
301.199
793.328
173.899
691.25
190.192
236.542
701.351
870.877
494.183
775.495
482.958
778.245
195.133
677.012
793.335
1020.25
650.544
125.877
796.006
873.312
948.211
683.6
850.403
214.842
240.741
350.443
634.001
660.28
783.401
904.5
713.371
632.051
971.334
628.103
630.968
180.854
534.986
513.905
903.217
820.001
650.056
576.056
852.76
267.793
466.19
756.095
797.939
870.454
206.652
475.802
862.684
40.2492
514.534
925.822
74.3303
1055.86
707.195
572.043
429.439
954.644
865.691
145.014
787.335
845.558
375.3
817.073
731.44
478.168
806.504
478.152
1129.67
478.979
875.129
530.094
831.986
197.96
783.368
1130.32
862.09
162.782
559.089
359.244
592.616
817.837
522.034
224.544
1155.54
1129.92
315.634
172.285
528.532
549.459
822.268
301.652
292.171
814.518
724.868
950.125
784.787
666.647
414.966
534.374
811.163
407.306
611.949
310.002
709.852
351.172
522.525
672.583
875.153
467.975
312.835
661.302
690.815
806.347
512.455
822.291
94.0319
364.781
209.086
560.528
470.239
663.399
860.215
630.734
480.829
790.003
444.397
486.186
305.321
381.792
325
868.043
801.79
462.759
422.693
676.737
138.514
438.292
566.848
607.991
742.898
234.798
509.31
729.595
157.699
937.723
891.283
585.075
934.255
668.192
815.912
90.1388
913.219
894.497
1144.43
843.73
114.983
914.786
1061.8
1070.16
856.904
833
451.359
154.26
518.029
691.177
880.078
884.202
903.615
773.642
868.037
1155.84
824.064
772.078
158.808
693.035
738.73
891.081
792.531
853.63
812.355
1029.15
444.325
496.867
964.73
1010.27
976.337
287.111
428.005
976.172
259.268
1120.79
762.529
645.342
487.603
1018.67
883.204
76.6551
857.263
919.813
446.794
826.222
802.728
551.589
880.314
549.845
1190.21
486.59
898.746
575.522
892.379
271.015
853.001
1193.95
926.013
107.801
630.812
429.638
659.728
839.689
584.309
275.283
1217.97
1188.55
387.621
139.789
602.804
585.875
871.238
375.741
364.408
886.479
755.085
992.865
857.091
680.298
405.617
553.564
640.57
104.848
810.47
1160.43
307.065
494.353
694.707
896.246
379.227
752.95
444.406
601.868
143.279
902.741
737.673
619.89
251.716
869.264
305.262
83.678
196.163
1139.92
781.924
704.102
465.242
754.115
538.004
854.553
123.406
186.593
753.6
1092.14
672.983
673.582
407.241
828.016
875.518
341.151
666.112
473.263
371.734
837.497
392.8
278.684
302.979
495.165
789.183
309.945
561.044
407.339
551.514
331.883
571.454
486.639
358.402
437.653
497.743
439.301
215.928
153.942
548.034
299.666
461.16
224.439
762.087
646.506
403.194
222.092
427.604
206.4
487.312
475.243
429.262
452.769
709.711
512.657
268.961
146.758
557.983
611.049
391.414
308.084
304.429
391.389
456.584
303.383
471.525
845.7
704.723
248.214
288.087
205.185
870.919
178.398
202.869
237.255
110.018
667.461
668.018
805.03
426.086
413.64
374.327
248.781
636.614
393.01
700.446
258.089
228.09
171.432
777.136
242.695
436.986
672.324
687.379
260.069
669.4
128.035
508.11
537.217
292.18
332.663
249.658
647.716
694.64
217.497
735.443
536.59
584.812
521.138
414.841
577.43
176.386
589.329
382.896
394.23
513.195
202.556
702.824
365.301
560.988
153.447
405.123
273.792
407.682
710.138
444.416
499.376
490.25
159.154
207.171
519.711
105.991
215.002
732.143
701.103
198.285
452.018
369.822
224.27
404.254
312.41
363.607
470.091
394.939
547.463
449.782
443.842
731.907
1057.06
235.104
462.223
598.161
811.756
306.023
673.834
401.52
508.936
196.122
800.705
661.653
516.013
149.325
770.439
230.556
175.855
92.6553
1035.95
712.35
606.083
367.212
672.182
434.885
750.976
204.949
221.002
656.21
987.806
595.605
571.762
321.885
735.68
784.587
289.291
576.014
413.353
314.949
743.589
864.751
804.767
1054.3
760.989
110.436
824.656
977.19
980.034
770.299
759.647
401.995
76.2955
433.046
604.028
806.73
794.473
827.01
686.584
820.739
1070.23
742.13
682.59
68.884
605.205
669.4
816.884
721.339
773.731
763.705
942.484
362.491
411.099
886.019
932.805
886.515
198.01
356.809
886.136
205.292
907.167
983.717
502.336
799.766
855.897
622.403
941.252
605.093
1222.51
463.243
886.583
591.501
925.518
332.399
902.292
1231.18
964.571
46.5725
704.102
483.037
705.071
826.09
622.435
306.198
1253.17
1217.93
444.866
101.079
670.153
591.156
888.714
444.775
437.165
941.134
751.288
1001.84
912.763
659.776
262.092
413.261
859.983
72.2772
445.926
190
312.554
429.579
751.352
746.577
463.522
235.287
592.112
10.2956
390.621
177.406
894.296
478.038
428.095
208.463
737.464
310.981
610.895
428.077
456.039
473.466
853.738
365.925
540.231
417.885
532.463
576.99
82.4197
617.156
558.753
91.8096
754.112
491.753
1099.87
229.652
392.003
74.4043
397.666
635.813
941.039
1000.33
673.27
496.633
651.329
271.827
571.948
431.111
983.02
364.664
515.505
390.544
985.934
493.361
724.994
614.884
673.296
543.31
954.891
322.591
755.345
678.876
548.293
574.711
182.628
860.973
820.761
171.863
980.115
761.694
356.142
222.991
442.309
103.078
784.911
504.207
737.035
329.621
495.323
178.869
409.86
773.253
507.687
496.04
322.039
25.9615
231.206
696.083
201.201
235.002
802.798
793.507
60.208
464.215
216.536
399.406
549
150.652
203.711
439.739
571.095
701.51
410.707
612.552
871.652
983.093
1026.38
785.562
855.628
339.7
182.508
446.01
675.919
782.627
849.781
918.961
757.998
754.351
1079.58
740.422
716.576
144.392
628.246
637.762
911.724
819.572
765.841
699.089
956.935
366.35
490.251
874.289
917.689
940.077
243.516
457.936
936.11
155.206
373.955
155.396
253.428
501.232
734.505
771.003
454.411
287.346
534.431
75.5381
462.823
241.174
845.719
406.389
373.359
178.003
756.313
285
566.255
500.354
526.547
415.935
807.936
293.777
534.792
455.566
466.974
509.84
87.8009
631.729
603.822
68.3593
756.112
374.809
215.824
869.908
723.339
947.874
544.155
613.099
304.021
447.795
836.424
595.836
631.317
100.17
246.473
353.413
910.844
384.105
426.85
873.155
890.246
237.065
616.053
80.9506
618.466
718.21
179
189.56
430.029
783.38
875.797
396.415
835.108
343.596
582.864
874.566
925.931
602.665
425.248
609.693
199.444
525.004
362.824
937.649
366.96
464.699
320.408
911.707
424.986
671.804
567.071
617.518
497.114
906.457
298.304
684.341
605.29
515.714
547.661
114.127
787.001
748.562
98.5951
908.146
700.154
563.205
736.661
340.119
420.107
281.007
309.793
682.191
421.1
597.753
301.573
122.56
150.443
702.801
169.118
328.306
713.821
712.787
162.542
563.983
172.247
419.38
504.906
226.744
276.154
336.662
574.003
661.913
307.722
644.038
916.135
683.948
651.249
297.849
952.358
425.699
87.6185
279.1
1197.52
907.569
790.53
554.124
711.239
607.873
917.299
59.2284
50.2195
841.344
1146.22
791.723
690.275
388.693
926.409
976.308
475.421
644.05
405.005
504.009
821.265
429.675
291.494
651.498
472.2
742.528
953.155
719.803
418.871
823.482
479.038
557.072
367.947
450.459
321.896
961.551
895.818
488.037
362.167
719.136
229.172
532.28
582.262
617.645
818.382
319.011
598.96
802.818
196.736
407.541
538.146
799.186
736.291
752.215
620.46
844.031
1038.12
720.018
638
62.0322
568.691
668.947
741.389
645.282
755.41
786.163
907.896
346.446
343.14
869.163
917.864
828.812
166.111
280.585
830.434
239.015
368.55
408.24
454.318
677.083
431.453
559.995
637.822
312.525
282.733
367.078
184.564
305.765
690.705
638.997
349.464
505.025
512.104
82.7345
297.215
463.7
513.782
534.603
241.506
420.326
522.465
310.229
657.307
226.049
310.266
82.5651
901.584
670.099
498.334
269.757
540.708
310.698
619.852
328.344
299.767
549.409
851.355
541.624
422.481
195.888
641.77
693.401
314.339
435.543
324.735
327.043
598.302
588.626
946.206
678.66
333.566
396.879
165.614
404.022
748.76
348.098
150.333
973.918
957.073
118.697
313.002
341.013
453.618
677.986
127.883
148.809
616.847
636.416
820.065
586.926
627.46
388.65
169.921
888.975
481.923
424.199
201.854
727.176
303.416
605.122
425.554
451.249
470.064
848.003
368.126
530.754
407.846
531.004
576.056
92.6553
606.923
549.16
101.02
744.21
268.242
1209.06
865.502
781.651
542.66
775.033
609.762
924.983
43.4166
137.801
831.616
1159.93
756.545
724.572
438.416
908.735
956.783
423.842
697.984
477.297
454.814
873.212
943.781
642.019
514.805
276.481
623.238
342.286
658.559
295.386
294.81
565.191
896.01
519.71
492.22
277.714
647.52
697.243
249.062
516.899
398.399
267.346
677.018
716.76
475.195
689.655
783.247
602.716
286.22
1229.81
1191.33
440.614
58.2409
674.306
555.05
856.806
452.442
450.211
931.92
711.394
966.075
904.478
615.575
346.013
424.694
1003.23
470.422
525.385
904.55
932.483
337.037
705.635
133.899
713.943
792.467
269.268
267
445.103
874.882
950.276
412.496
932.841
239.019
677.827
196.957
210.152
810.188
797.527
51.0784
441.889
242.392
379.907
542.576
157.385
210.152
458.118
553.925
693.318
429.812
590.405
613.726
107.005
404.477
571.662
564.387
289
647.265
290.998
364.94
367.773
373.363
424.38
264.004
485.004
525.589
246.073
590.745
537.061
615.098
767.394
675.296
710.871
725.493
874.887
299.528
350.344
823.857
871.487
819.015
129.449
314.986
818.147
177.133
316.765
633.789
610.047
246.976
556.692
339.249
267.202
348.116
351.753
404.836
370.653
407.722
502.022
353.069
494.783
947.139
914.217
193.961
242.887
443.732
331.151
598.101
266.537
297.2
653.584
511.473
726.032
628.04
482.695
107.154
860.535
1179.7
793.676
734.098
438.928
940.562
989.281
464.557
696.6
463.212
495.065
873.204
848.562
1138.91
813.315
672.65
364.428
937.738
988.496
507.678
614.584
365
534.813
792.268
411.705
249.906
411.461
590.717
114.285
165.387
498.944
589.444
740.001
469.473
613.502
652.993
497.756
801.292
437.484
442.052
894.88
653.165
908.742
868.451
558.702
590.587
658.736
227.684
252.163
349.185
745.939
816.571
315.569
813.548
313.984
524.329
572.148
613.404
182.822
411.024
602.549
227.607
699.14
752.192
499.917
259.942
157.851
507.02
434.867
53.0848
541.828
703.313
850.602
509.619
720.625
581.629
752.309
903.466
548.862
763.305
697.757
638.869
33.6155
830.928
283.938
694.994
177.71
650
454.876
822.895
