30
360.911
142.636
275.118
528.027
553.914
521.202
404.883
223.808
711.473
933.803
277.319
383.885
327.567
419.305
7.61577
109.567
102.616
597.93
550.553
44.5533
795.455
470.278
188.162
538.966
500.72
529.689
855.824
338.789
840.857
503.543
612.007
267.167
484.784
710.879
755.342
218.387
806.787
897.192
490.756
695.935
656.101
278.385
368.42
302.324
275.363
573.893
535.77
405.347
887.424
409.898
530.637
785.089
689.083
323.223
673.012
95.6922
570.225
170.426
657.275
637.059
499.885
273.381
350.064
720.47
983.923
288.564
292.228
225.701
534.619
135.148
228.569
238.053
662.65
616.456
98.2344
800.906
559.475
98.4886
482.051
482.477
649.003
955.58
477.62
963.676
708.436
611.828
367.034
149.893
417.732
604.794
903.209
226.557
122.287
55.4437
565.28
269.474
310.195
377.619
611.596
569.811
236.485
679.362
548.183
86.977
322.692
353.685
680
941.87
563.152
991.466
299.429
662.695
858.175
307.247
674.899
676.628
515.28
754.269
737.176
154.117
535.28
428.721
478.829
398.273
376.303
566.286
744.433
261.645
645.329
771.2
643.753
84.1487
408.031
209.898
317.833
423.869
747.781
363.198
379.954
414.986
385.389
608.363
618.619
206.422
558.85
446.282
560.44
98.8585
84.3445
574.799
445.944
86.209
581.708
551.08
410
216.363
330.438
391.389
430.409
440.266
496.381
243.578
571.909
247.407
284.092
335.452
512.61
520.433
468.787
597.818
366.939
346.175
507.41
313.313
411.122
403.417
132.484
22.0227
596.853
724.487
624.892
854.272
566.646
683.687
1004.97
364.818
157.08
129.19
714.012
398.221
455.834
506.32
736.87
698.138
361.935
749.2
689.485
224.804
352.366
433.24
828.244
1078.1
710.898
1138.14
618.026
770.393
272.595
487.231
455.23
198.245
230.729
121.495
200.34
429.942
384.61
259.856
701.636
277.065
345.637
566.719
474.419
306.105
640.515
148.054
617.305
345.071
438.634
527.668
577.396
551.142
712.59
633.78
768.409
285.282
298.886
708.179
84.6936
417.91
629.029
350.967
252.834
594.118
591.919
711.969
774.46
697.293
848.125
887.211
619.578
937.257
834.049
959.876
340.993
387.516
944.524
322.591
497.547
905.563
691.855
574.694
595.471
387.755
805.284
620.736
240.354
236.038
363.325
277.431
222.74
350.411
388.353
345.064
269.943
521.518
324.68
209.067
295.625
226.108
473.084
715.642
416.293
776.812
68.9638
603.328
379.191
396.011
484.407
588.374
552.11
349.51
595.222
558.295
201.636
210.761
276.342
713.41
936.702
635.284
1014.9
590.14
322.233
353.815
429.663
609.462
569.959
290.243
648.726
560.683
140.431
276.492
324.575
703.331
948.967
602.397
1011.26
425.837
311.567
395.536
297.659
263.006
451.717
627.073
136.125
508.938
617.946
493.042
115.676
443.483
185.723
430.639
115.486
108.683
601.919
554.553
37.2156
796.458
475.45
182.497
536.352
500.073
536.485
861.78
346.37
847.887
134.629
495.238
447.94
140.264
718.455
361.873
231.482
512.352
447.111
423.77
746.301
256.377
737.111
619.182
572.385
144.392
853.084
474.317
290.704
629.071
576.483
495.94
839.011
274.416
796.465
47.3814
612.523
348.042
164.149
595.252
498.738
356.978
315.04
358.232
478.968
501.144
565.321
368.803
127.004
550.652
475.946
333.937
295.237
386.943
440.324
510.421
791.366
492.952
149.833
514.969
487.682
563.99
883.433
381.026
876.905
492.108
708.075
405.39
325.678
662.128
621.081
792.23
818.981
510.443
529.759
394.02
187.683
397.775
314.841
458.803
384.022
386.683
624.6
908.038
487.443
939.048
142.088
711.203
856.65
706.463
980.635
578.941
715.115
603.345
840.162
353.836
247.588
315.159
601.415
236.485
526.711
