30
738.329
784.7
276.632
800.021
442.634
747.819
241.919
513.472
938.331
916.989
1029.59
194.054
616.024
416.12
415.213
1142.37
686.768
358.098
965.51
442.028
259.11
462.014
860.619
834.717
746.464
701.108
542.9
849.085
1140.74
283.069
600.321
502.558
558.302
524.538
529.555
298.839
244.524
389.144
425.409
580.452
273.724
327.832
469.591
438.047
225.61
498.128
470.004
530.77
552.699
343.961
204.267
301.272
399.891
197.246
206.519
141.128
424.976
559.401
780.557
444.042
271.065
543.659
272.927
229.957
140.089
245.106
594.371
526.738
457.246
397.316
628.965
498.401
449.431
210.238
730.953
539.574
533.671
154.081
50.0899
140.089
473.381
296.422
219.993
412.171
837.811
166.193
476.455
117.388
314.401
749.987
679.223
801.275
113.455
588.167
350.116
162.533
1036
636.965
111.036
716.634
543.768
65.521
452.097
666.581
608.685
493.188
639.153
394.848
677.503
952.145
892.46
987.423
723.362
668.88
712.329
891.529
914.178
751.851
276.875
496.178
791.26
566.323
282.689
783.319
972.47
366.284
772.539
386.161
699.367
803.275
878.268
307.234
555.868
622.101
826.291
314.587
241.661
260.929
658.062
546.981
674.248
265.006
622.588
398.483
101.533
993.882
653.38
120.917
573.363
648.457
197.223
513.533
573.915
490.055
351.537
647.603
372.227
603.001
853.314
519.782
340.037
494.793
298.464
424.482
558.073
713.95
559.094
336.856
900.023
709.214
392.184
291.733
846.294
490.004
665.791
424.425
292.754
131.381
690.393
437.221
489.776
652.881
274.758
708.179
675.115
788.742
52.4976
481.065
244.812
182.989
956.608
535.672
129.757
724.034
427.401
53
339.158
627.823
593.736
506.527
541.115
324.248
625.084
911.623
437.713
409.566
516.8
326.741
392.046
220.03
171.094
736.398
407.103
205.643
467.8
508.098
279.566
326.006
355.519
322.568
271.061
396.703
117.341
363.167
640.902
236.019
206.119
760.671
514.817
550.238
594.471
417.58
456.373
639.315
307.363
774.899
717.175
585.017
84.3149
202.121
367.022
425.659
398.038
103.484
203.482
129.468
724.591
651.082
597.084
517.015
652.719
613.571
572.043
81.0247
868.094
666.307
670.433
201.062
96.5091
198.116
586.076
435.662
283.129
358.134
839.472
698.64
684.08
638.743
591.544
648.689
692.399
148.758
939.512
784.126
743.017
221.269
195.018
327.371
618.864
521.714
292.657
251.448
519.018
286.54
222.506
1005.24
577.25
166.027
771.726
438.475
68.884
372.193
680.254
644.461
552.415
584.371
375.794
677.432
964.118
238.053
521.058
547.659
79.404
519.574
730.239
281.055
525.015
154.156
477.378
557.145
610.359
105.551
279.401
412.846
676.047
298.573
728.105
291.043
287.141
665.446
288.106
287.141
115.935
482.457
502.049
487.308
297.919
162.604
452.147
746.011
907.406
552.731
57.2713
556.723
558.144
156.179
414.185
510.381
446.4
334.253
547.768
275.525
528.887
794.942
468.876
935.791
719.384
819.005
985.104
691.192
476.592
613.231
768.838
447.845
641.221
412.121
379.012
558.806
694.104
359.123
576.028
226.046
428.632
523.004
596.665
31.0161
289.914
357.498
606.684
613.296
527.755
98.9949
399.846
555.763
498.968
391.22
557.001
296.138
568.571
841.25
941.179
710.27
743.904
280.744
173.254
223.618
666.791
506.006
362.746
399
480.401
197.717
723.2
771.618
774.247
386.581
436.57
671.43
949.829
387.072
635.072
589.54
489.147
579.519
346.182
639.078
920.448
528.751
573.943
583.721
243.658
241.357
482.131
768.44
137.928
294
399.261
325
82.0731
285.675
166.865
496.46
340.072
214.663
371.68
575.417
344.327
358.402
536.106
279.435
327.232
575.928
306.204
598.82
294.105
