30
572.309
778.638
600.953
486.277
252.715
579.441
785.456
132.276
635.059
529.083
159.214
610.872
412.323
623.395
363.056
386.871
304.069
571.946
216.541
569.552
177.553
374.817
392.084
789.314
401.812
763.823
800.625
547.995
368.213
646.409
630.175
354.001
399.546
375.023
213.6
617.978
483.44
44.5533
610.794
260.824
283.302
164.879
916.657
526.806
872.009
200.928
361.353
485.598
598.943
912.168
475.903
281.128
552.381
192.003
242.161
569.083
720.045
1195.37
342.313
543.678
991.629
732.072
903.169
1098.33
629.382
668.283
388.415
450.587
496.262
924.027
1018.39
941.491
445.499
714.37
214.947
928.974
884.096
386.628
898.323
1044.3
722.021
640.001
1129.51
567.412
853.329
697.471
275.574
748.52
505.357
197
618.775
753.479
857.817
745.059
787.2
905.806
214.574
821.024
793.802
507.245
988.738
446.363
937.86
867.666
608.118
199.565
733.688
837.198
65.8559
958.501
233.684
660.113
511.101
596.191
764.328
323.586
424.985
173.954
108.301
258.089
732.451
677.575
720.387
183.981
378.498
140.528
611.596
708.517
162.373
632.748
703.741
493.968
459.449
787.48
436.589
567.969
606.399
364.971
656.814
355.578
220.227
366.786
167.287
399.592
535.303
497.309
507.54
337.415
190.276
329.296
385.966
522.644
172.734
664.417
521.202
585.508
595.084
633.704
329.597
473.203
539.56
108.904
374.172
700.069
624.264
557.008
538.889
935.424
282.392
863.135
560.223
400.532
800.59
490.242
952.991
718.672
339.136
296.204
458.795
564.61
227.002
880.864
825.128
568.346
257.69
821.669
361.204
469.737
255.895
1129.67
693.804
1085.61
328.056
572.686
620.197
801.39
1124
656.957
193.21
717.008
21.6333
112.004
696.07
916.713
574.356
578.066
286.901
702.14
510.307
697.5
406.341
299.666
327.196
655.687
261.077
691.231
59.0085
434.047
518.059
797.608
307.883
803.771
856.825
460.331
493.585
483.07
768.5
733.044
659.644
647.59
979.115
285.407
901.551
668.947
478.759
904.531
519.659
1001.92
814.112
414.933
289.705
555.63
664.906
169.499
958.714
566.258
250.839
245.449
168.434
872.239
502.195
828.073
187.523
319.739
458.912
561.101
867.62
437.567
318.939
528.28
236.136
279.179
556.066
677.562
579.393
383.741
619.569
315.425
538.932
295.413
555.713
303.35
473.084
336.265
303.066
291.172
860.843
555.899
800.445
815
697.645
209.06
199.902
109.554
892.953
713.863
872.599
64.3817
452.448
260
704.791
872.954
336.043
512.517
740.692
347.298
292.945
793.235
610.182
239.301
698.965
570.53
674.463
172.186
276.586
245.815
519.351
682.62
192.603
563.916
596.846
450.25
441.237
679.214
447.465
934.865
663.544
904.735
74.3034
437.741
364.87
690.938
920.666
411.919
403.113
690.051
240.52
204.277
724.365
681.175
705.564
89.1067
871.05
575.976
755.58
463.751
55.2268
583.095
1149.77
712.099
1108.2
1128.82
864.872
359.518
624.216
652.767
308.955
806.226
241.814
733.556
669.81
602.795
26.8328
675.07
761
162.077
744.453
844.827
520.554
759.951
382.953
136.565
581.106
1093.03
629.385
1064
1092.8
781.957
391.184
400.844
296.488
654.643
854.706
338.053
463.846
679.571
311.662
277.838
729.342
608.474
500.373
254.018
581.606
361.668
573.893
333.678
551.094
597.135
443.694
481.017
715.118
722.624
182.332
759.08
831.865
605.343
551.218
922.989
418.39
492.578
547.49
761.73
249.195
780.314
840.182
401.812
544.753
554.756
1153.4
741.772
1102.69
1117.73
894.352
317.025
756.352
693.851
638.28
615.891
803.266
274.221
621.786
192.213
305.164
565.212
992.018
698.484
785.657
152.778
762.529
115.434
680.395
896.889
781.298
885.375
900.836
