30
482.772
545.271
59.4054
604.953
404.728
349.212
657.555
630.982
662.602
205.412
646.047
263.412
647.001
403.967
730.277
592.295
663.934
213.357
415.8
166.148
309.239
590.689
666.985
633.49
637.909
505.466
348.368
741.024
745.822
968.36
423.615
124.92
883.701
708.545
602.997
1086.89
779.126
279.508
596.398
745.698
673.766
470.389
819.292
161.771
1048.57
689.007
713.314
338.423
496.181
891.635
1115.63
782.787
1093.96
540.001
796.164
1183.25
867.021
595.232
1073.78
420.943
712.697
770.56
165.511
581.194
726.186
760.834
398.54
681.652
603.305
643.271
1022.22
152.201
355.49
320.353
707.091
509.605
285.465
167.502
529.242
170.95
636.704
555.388
219.893
609.762
546.136
462.232
374.574
636.227
686.927
664.302
146.031
624.948
322.188
635.721
385.922
729.747
536.004
708.215
271.588
439.451
111.893
303.424
619.785
721.87
639.239
693.894
489.47
396.456
795.11
750.163
1007.38
830.8
621.986
1198.69
827.755
403.398
617.467
868.296
708.075
537.689
859.107
105.361
1144.81
808.199
802.617
463.298
583.977
974.479
1225.43
838.659
1205.76
589.922
921.078
1291.01
912.027
342.958
965.089
386.328
868.938
604.196
953.517
145.825
914.939
724.686
940.064
996.856
572.889
239.754
558.628
549.154
609.803
647.423
434.937
823.177
390.933
806.693
161.012
509.614
928.671
1006.54
719.031
997.91
460.609
995.069
314.396
994.322
753.16
1067.74
855.005
860.568
382.897
717.65
390.612
656.049
864.912
766.322
963.328
724.407
854.546
182.486
843.209
1076.19
934.362
258.147
610.721
11.7047
830.06
113.455
254.065
258.629
520.024
757.871
727.621
454.814
666.805
361.565
534.12
936.797
295.312
940.299
158.928
979.299
974.354
320.25
746.003
827.77
924.453
423.093
846.914
756.35
807.042
1155.89
259.625
420.482
481.331
797.105
655.717
445.533
48.8365
694.006
7.07107
797.051
543.001
124.197
771.269
695.278
254.262
755.021
144.693
319.132
71.5612
734.319
533.608
652.645
310.522
732.517
362.416
308.759
738.434
52.0096
751.006
239.47
924.68
762.819
90.2441
600.471
466.84
636.267
384.241
753.568
403.788
827.873
416.659
526.015
70.0357
341.059
711.258
860.814
680.354
834.79
485.001
522.496
932.451
784.92
818.401
109.859
242.471
257.934
516.035
749.635
715.989
444.546
656.201
349.86
526.343
927.228
289.969
930.415
147.258
967.595
965.29
318.925
787.391
584.932
826.582
853.724
546.243
103.87
449.782
416.866
470.877
569.382
467.488
712.492
429.253
671.15
176.051
545.147
822.022
253.805
152.83
609.916
656.144
683.559
376.532
684.352
338.285
430.465
845.516
183.404
852.522
151.268
946.84
878.199
211.376
371.884
458.262
636.622
485.015
290.656
430.59
115.109
443.208
769.415
315.04
762.971
103.966
727.641
821.287
409.308
761.993
585.206
724.189
381.477
793.883
426.601
364.309
797.031
118.271
811.799
281.619
996.145
817.226
63.2535
1082
783.523
735.813
470.663
519.455
900.549
1179.26
748.541
1162.91
499.433
925.927
1241.49
816.618
492.406
347.397
818.472
562.724
226.108
231.534
482.926
261.658
645.697
706.785
234.009
540.201
350.276
378.893
370.257
483.021
458.912
611.007
427.3
568.821
273.117
534.692
721.399
536.493
218.68
185.311
487.853
264.69
487.494
316.37
623.258
534.177
372.462
371.615
720.001
832.807
713.371
804.038
533.6
458.263
906.448
821.061
395.668
672.644
341.76
662.514
203.394
617.82
729.412
450.014
433.074
257.513
449.9
433.14
745.017
454.12
325.779
686.477
45.2217
804.195
591.085
77.666
758.164
699.003
249.177
883.822
711.366
112.929
803.318
548.015
119.017
775.671
821.146
848.614
327.038
667.027
994.474
773.747
