30
476.151
206.32
674.585
790.671
513.207
625.02
663.959
669.867
163.086
660.716
723.163
562.435
632.529
426.354
745.076
105.546
952.858
711.241
84.5044
511.528
351.65
297.15
54.7083
207.183
262.269
350.956
460.977
300.408
860.62
281.78
868.378
1047.16
544.615
383.951
195.576
268.213
482.109
453.282
897.8
104.484
541.912
155.184
650.318
440.931
797.818
888.599
413.14
655.076
189.932
716.577
523.245
495.989
735.245
333.11
856.283
495.82
727.006
773.918
921.651
524.276
526.371
461.573
511.431
278.469
579.169
815.795
359.557
599.167
279.116
717.987
213.551
909.014
804.627
133.06
577.256
217.867
486.237
246.83
312.079
468.339
302.804
643.792
365.876
822.49
196.888
342.8
637.53
1040.45
842.048
518.021
597.463
53.1413
970.544
449.222
717.064
453.679
587.821
612.148
41.6293
736.513
213.335
682.748
477.243
700.103
475.405
645.782
536.046
402.2
408.13
539.716
536.799
834.128
1225.49
1036.79
649.111
794.273
199.582
1150.76
645.676
899.53
642.497
719.302
781.538
200.878
862.944
399.341
858.442
538.139
804.988
610.921
697.232
714.318
408.73
564.469
718.06
303.264
704.518
500.001
358.812
278.126
362.039
642.573
156.869
389.596
244.076
407.766
456.15
354.38
541.202
145.602
372.2
486.544
559.178
319.916
623.796
230.853
527.902
221.4
362.901
478.163
217.706
521.18
70.859
647.408
452.236
203
262.206
284.155
532.686
413.937
641.83
610.302
448.786
308.972
722.601
679.486
501.283
821.387
279.177
803.275
428.911
344.836
282.708
677.682
548.063
1065.27
102.044
668.144
326.754
761.94
635.567
871.752
1056.92
594.613
828.025
379.357
912.057
707.987
690.968
925.348
513.813
1051.4
685.441
816.098
614.304
281.441
856.645
290.801
420.315
243.516
497.132
600.608
589.864
850.201
628.093
641.187
318.402
842.152
723.213
609.013
906.51
383.885
950.748
563.909
538.327
543.651
564.987
582.307
490.936
382.514
597.89
70.5195
808.81
553.195
218.509
348.462
310.73
235.748
202.608
44.1814
300.566
243.813
376.825
139.714
715.629
602.536
523.054
150.233
325.301
216.021
563.511
345.782
597.927
653.723
422.036
364.507
730.206
714.48
518.787
840.809
309.885
797.211
437.269
274.308
998.801
452.584
744.801
443.032
634.275
587.177
12.0416
783.206
245.177
714.673
530.348
750.024
521.852
698.892
567.532
453.282
450.131
520.047
626.779
254.018
729.669
537.276
861.114
989.821
492.585
757.219
294.376
815.245
606.066
598.179
824.132
436.45
957.932
600.262
796.827
393.468
118.849
528.205
320.351
448.206
644.971
288.25
406.11
641.059
682.8
457.01
771.804
298.458
683.954
362.494
228.615
506.194
360.514
669.949
735.86
386.943
503.85
75.3127
616.604
479.73
384.984
666.685
187.2
741.335
363.138
592.392
639.958
212.132
441.762
761.284
342.422
523.45
726.823
794.054
561.207
867.742
416.812
748.557
463.742
118.828
848.378
622.54
148.973
412.884
285.633
279.517
154.625
112.45
306.243
254.374
432.019
197.942
755.911
589.537
963.874
543.832
702.14
936.414
1002.91
772.821
1079.57
614.599
947.701
675.69
93.3809
771.456
235.17
705.006
518.623
738.017
510.107
687.172
557.891
442.904
438.882
521.024
560.089
315.774
381.136
114.978
261.354
339.65
350.304
544.464
343.421
873.36
470.12
401.005
547.759
304.345
557.819
323.13
406.154
217.113
454.859
545.996
405.316
316.659
591.656
147.146
675.913
306.557
619.451
290.45
233.309
168.55
460.526
164.615
293.954
844.469
245.394
225.624
404.605
454.855
342.243
910.343
322.025
229.532
360.451
98.7927
679.486
544.328
296.285
409.961
986.503
567.952
182.003
525.224
386.84
860.271
582.31
