90
50.9902
485.726
388.96
711.691
137.033
729.864
132.816
426.038
687.507
696.053
1069.3
437.933
563.174
683.846
699.006
167.443
607.03
92.4392
251.048
518.927
669.362
384.232
156.285
386.152
115.525
91.1976
357.994
695.478
825.13
625.336
714.762
892.919
768.118
1122.61
782.08
634.913
91.1811
787.762
700.723
260.102
750.702
661.98
380.97
201.4
529.967
172.351
888.023
905.519
288.134
38.6005
631.926
311.905
838.267
385.047
1150.67
706.205
192.502
649.49
830.174
747.602
422.019
606.172
888.124
342.042
725.46
425.018
591.798
354.154
355.584
728.086
478.845
733.908
88.6002
1000.1
601.89
537.624
812.05
496.228
389.874
654.001
877.565
1051.05
1167.46
844.631
428.672
921.719
399.991
905.17
556.159
435.47
341.423
668.228
92.9624
704.597
136.235
375.239
636.517
645.298
1022.4
386.943
532.324
634.527
648.02
166.688
562.076
109.932
203.384
496.227
619.827
347.98
205.341
382.472
76.4853
47.7598
350.964
647.034
816.088
576.098
664.398
881.633
759.353
1075.76
734.834
592.049
131.461
778.977
651.412
212.285
701.497
615.159
379.824
217.279
491.004
218.277
877.086
894.866
256.143
87.0057
587.716
266.58
809.239
340.154
1104.47
655.739
170.426
619.329
818.819
697.7
372.263
591.683
847.482
337.765
685.44
374.518
540.856
303.244
304.867
678.481
428.813
685.204
139.463
953.91
588.537
503.086
761.318
452.763
349.585
608.363
837.339
1008.07
1122.76
794.605
379.526
881.014
402.588
863.085
509.617
238.302
313.002
379.104
553.694
466.135
125.004
222.729
256.538
607.113
90.05
378.319
204.277
230.235
459.871
207.183
488.89
241.588
439.892
187.864
263.795
628.59
523.963
404.475
410.25
488.191
226.02
792.006
148.408
229.105
828.242
747.452
660.17
439.956
261.633
542.026
763.356
319.789
281.81
271.183
355.985
537.981
532.781
259.147
629.918
827.392
845.149
313.006
522.444
237.899
204.198
599.361
283.346
693.992
281.149
384.735
440.469
774.398
262.932
177.341
571.424
505.479
498.615
372.712
145.086
151.529
158.319
168.077
245.392
13
364.479
572.003
546.495
578.835
321.076
328.732
177.054
219.536
375.767
501.049
630.784
725.369
359.356
71.007
535.422
573.485
503.478
143.391
551.11
252.579
754.528
437.733
113.534
346.831
334.006
824.608
148.273
567.515
421.574
361.248
449.859
443.366
436.835
247.679
596.806
403.268
396.807
545.202
601.878
276.557
297.834
563.313
452.479
959.026
374.477
416.395
1007.06
908.157
876.357
393.412
495.782
472.038
926.121
315.913
129.139
483.231
274.016
609.528
522.444
463.341
559.701
1004.88
1023.17
382.488
415.933
474.342
276.632
818.849
45.0444
913.539
335.292
393.539
643.849
948.262
461.542
65.192
725.764
743.778
563.717
607.317
94.541
249.57
114.057
98.4784
452.642
243
346.221
475.184
770.756
729.445
514.278
489.923
384.884
361.12
269.691
739.244
864.937
951.851
547.077
244.233
773.683
642.652
741.222
378.477
642.41
350.464
639.45
438
369.803
432.234
377.216
403.005
267.479
199.482
362.494
617.395
111.826
678.26
468.774
373.996
211.227
343.84
823.352
560.811
664.297
659.776
539.34
159.138
628.815
204.707
269.431
638.621
601.579
428.141
655.754
77.8332
737.25
611.573
536.493
574.325
204.083
613.258
579.871
673.351
200.552
812.491
640.45
655.623
443.361
750.255
82.28
402.245
338.071
596.142
448.938
465.834
546.879
260.739
599.801
243.313
490.147
469.153
193.373
560.062
83.7377
458.039
385.701
459.518
472.356
219.893
308.196
577.499
785.495
301.664
482.037
236.66
342.212
215.523
325.088
642.228
188.17
339.979
457.22
295.711
321.708
224.591
609.824
198.04
175.582
725.653
217.187
300.536
565.261
568.243
980.703
317.706
544.008
582.818
577.699
241.771
532.226
200.002
177.294
525.796
566.817
352.142
292.904
444.681
26.0768
46.0977
409.715
600.354
864.848
525.514
604.415
926.406
808.98
1034.08
645.264
569.354
224.018
828.414
566.326
124.664
649.938
525.038
445.215
302.536
482.644
309.104
922.45
940.566
276.74
163.573
560.289
245.693
821.176
248.163
1065.38
576.036
219.347
631.013
863.927
641.412
289.721
634.086
829.154
400.476
670.589
296.53
467.492
231.925
230.152
624.491
374.621
598.385
222.612
915.535
632.843
506.504
696.601
430.781
341.977
517.004
820.357
981.236
1089.39
736.786
333.182
862.244
471.832
840.101
474.085
611.301
658.639
695.613
754.526
642.823
627.345
188.473
535.651
691.804
577.811
382.063
658.588
560.915
212.603
542.271
377.922
780.651
406.236
738.085
720.178
410.079
500.49
279.53
517.873
609.288
289.834
258.774
681.269
971.898
331.887
711.231
265.876
848.698
716.755
553.249
905.26
423.586
598.031
295.743
756.461
291.11
306.992
451.134
763.317
363.05
500.354
125.877
794.936
682.079
787.241
537.425
113.225
249.419
590.474
710.001
191.552
350.502
433.576
271.671
679.027
680.448
641.564
657.189
565.291
542.66
892.773
773.313
569.407
205.38
240.26
691.401
378.054
401.523
927.829
335.06
517.054
652.442
645.484
516.245
372.819
436.827
394.184
425.829
440.768
684.2
704.45
1010.17
442.227
456.308
647.569
693.578
35.2278
543.744
47.3814
227.343
398.739
635.567
296.921
184.621
253.355
208.37
179.134
225.938
651.384
692.878
589.591
690.554
761.355
635.831
1062.76
824.891
561.621
102.46
655.467
729.099
314.084
712.114
708.738
248.278
86.406
445.112
173.566
756.328
773.709
196.431
158.146
564.526
266.13
724.997
446.937
1086.97
720.395
92.6337
539.956
698.697
716.447
452.747
476.883
802.935
209.354
640.078
446.04
595.689
369.135
376.021
693.883
456.483
767.094
162.265
937.457
471.873
439.827
793.477
429.439
315.572
707.136
791.08
973.12
1096.14
813.578
399.249
836.436
268.412
824.963
502.773
264.911
270.085
717.351
35.0571
475.101
312.424
277.651
444.091
331.272
451.935
219.21
518.31
294.389
322.816
579.131
558.463
326.585
339.949
520.327
341.217
879.184
262.795
315.831
922.072
830.901
769.673
393.636
384.669
497.443
848.036
289.339
183.742
376.183
287.446
569.198
519.078
363.595
587.181
920.489
938.606
335.37
459.053
362.163
218.909
714.927
158.534
805.718
281.902
376.028
546.235
865.277
358.336
53.3667
649.97
630.42
525.358
496.145
20.8806
166.964
72.7805
70.6824
346.677
130.465
329.201
514.636
661.076
655.332
419.547
400.041
282.379
281.784
297.215
626.051
752.23
841.647
448.693
142.394
660.213
604.05
627.694
266.693
62.7694
509.559
249.578
548.337
170.848
15.2315
680.327
313.804
703.006
457.035
630.737
158.673
477.782
837.497
741.602
591.331
603.673
706.989
212.53
959.83
177.8
111.126
983.868
921.855
557.427
286.225
364.445
753.047
935.618
170.309
447.675
195.969
262.071
756.545
754.003
428.141
842.321
984.391
1001.07
535.374
721.812
333.209
426.433
705.642
382.488
598.743
96.2549
605.991
587.64
936.611
156.847
287.308
757.042
526.468
718.758
451.852
271.4
98.8585
334.241
335.109
166.027
234.361
208.751
775.817
471.514
766.568
493.35
145.262
358.603
434.442
295.846
528.691
592.466
649.782
214.283
293.615
547.49
791.925
505.357
280.879
558.342
262.612
602.492
233.549
72.8011
703.563
372.474
719.476
477.582
680.891
221.009
518.683
849.108
780.403
594.094
609.154
744.727
275.283
1015.94
237.059
172.525
1041.87
976.689
604.355
223.573
424.415
766.752
990.887
108.467
446.418
256.78
205.156
794.514
778.123
481.274
856.461
1042.21
1059.07
568.018
728.67
393.243
455
767.392
364.463
646.743
33.6006
630.984
645.44
993.578
216.372
280.945
809.01
588.647
755.029
513.975
271.812
109.293
342.492
340.473
227.669
269.141
145.99
784.653
525.095
818.043
546.642
183.861
408.176
474.654
240.002
591.082
649.717
701.031
261.398
326.879
609.2
830.015
566.74
334.964
687.026
631.19
405.247
494.71
990.366
466.499
1046.29
819.022
737.41
423.076
718.311
1192.06
934.743
1005.01
1006.1
915.155
381.414
908.02
458.76
412.753
890.6
898.392
53.4135
741.941
453.134
1104.79
902.533
658.554
888.879
341.47
761.846
954.007
1049.02
577.721
1183.73
895.064
905.484
815.981
1107.74
446.222
757.813
560.7
866.859
89.56
583.442
917.674
595.46
872.207
365.246
759.495
808.617
293.334
936.347
409.273
732.8
588.106
765.094
773.742
372.001
609.2
682.089
1148.54
77.0779
822.681
610.236
376.48
580.739
694.73
797.261
308.526
171.843
146.813
296.953
647.608
276.407
982.554
248.805
513.183
445.246
281.78
261.237
442.764
296.233
456.946
216.333
492.733
264.008
300.375
588.6
543.994
343.751
354.663
506.282
309.011
852.247
230.465
290.259
893.578
804.812
739.596
405.408
349.738
505.051
821.669
295.097
206.785
346.602
305.002
555.645
517.653
331.798
594.643
892.169
910.214
322.248
472.319
327.116
205.232
681.42
193.313
775.032
278.313
372.022
514.62
837.437
331.014
88.1192
624.751
595.525
512.767
461.187
55.5788
154.984
85.8021
89.8276
317.855
95.4254
337.001
526.275
629.484
630.62
389.154
379.065
250.018
258.002
318.057
591.085
718.641
809.655
423.382
112.004
625.412
590.823
593.145
231.698
407.141
547.442
425.906
243.824
502.143
374.833
107.005
408.568
192.44
636.404
308.289
558.323
542.706
295.169
380.867
415.462
374.233
479.452
449.989
374.286
678.565
810.812
211.464
558.71
388.855
687.815
528.746
443.357
734.064
327.703
462.624
121.828
617.197
449.08
466.864
276.203
598.943
237.447
312.621
277.721
607.297
691.556
633.569
372.607
87.2812
396.343
473.052
525.343
212.25
370.937
318.311
222.281
495.101
516.426
454.059
469.707
446.018
366.38
732.646
617.392
554.114
223.439
57.3149
575.196
201.626
213.216
754
356.854
549.302
682.265
547.934
333.282
402.631
353.638
403.317
267.686
163.049
635.106
163.322
676.491
434.005
501.583
18.4391
387.769
820.128
646.692
607.968
612.361
616.458
42.0476
807.233
58.6003
73.8241
825.422
773.409
457.867
457.073
204.883
732.487
785.735
339.591
484.809
67.1789
423.115
663.838
703.41
295.584
817.729
826.502
842.597
468.875
721.405
174.428
382.099
536.799
464.898
493.35
267.092
559.035
432.474
781.499
72.1803
356.406
619.382
360.624
632.463
282.335
328.495
204.793
360.835
368.902
46.8188
208.197
379.381
768.053
349.185
630.382
357.129
169.853
246.595
350.407
454.401
361.498
449.872
530.322
166.769
255.196
384.213
697.934
344.269
159.261
689.081
310.633
713.109
466.653
631.583
152.069
482.199
848.39
746.336
603.775
615.715
712.069
204.247
957.648
174.794
99.7246
980.555
920.364
542.44
294.81
360.139
763.623
933.896
181.221
460.8
184.098
275.109
761.514
762.501
427.931
852.763
981.196
997.76
542.067
733.553
328.907
434.356
699.252
397.227
583.843
105.551
614.437
584.655
933.949
144.156
301.281
757.003
515.912
724.249
445.055
284.707
112.539
346.308
347.589
154.871
241.514
218.241
787.21
457.28
766.74
492.952
130.173
360.161
439.167
309.181
518.461
579.117
635.232
199.181
300.816
536.4
796.832
493.974
280.615
524.658
82.0244
226.433
365.21
623.849
273.651
211.287
218.838
235.595
206.867
190.822
636.798
657.864
577.673
681.065
726.191
600.828
1042.68
832.521
539.69
133.81
620.468
733.361
329.848
698.668
717.965
214.441
75
420.792
195.898
721.183
738.584
174.413
193.373
544.177
256.78
692.509
462.223
1065.86
720.951
76.1577
508.624
663.521
704.961
460.062
441.708
777.001
174.614
614.564
450.933
594.377
373.837
381.996
681.704
449.589
772.431
195.533
916.922
436.657
411.938
784.96
410.406
296.015
718.053
764.848
948.654
1073.11
801.671
391.281
810.405
235.983
800.231
486.757
579.912
360.514
339.912
165.463
255.76
725.658
499.191
554.585
551.235
472.403
139.176
647.587
136.015
235.975
670.075
611.882
519.249
591.224
56.3649
638.527
624.77
468.466
462.517
204.022
533.085
517.329
585.782
136.132
717.302
670.636
687.279
350.625
645.626
31
295.503
403.967
488.262
544.885
405.265
451.338
274.022
623.392
230.235
384.194
456.07
304.473
490.787
165.738
351.746
304.345
348.54
361.697
203.081
200.808
512.016
683.72
394.629
467.124
194.743
331.843
114.337
228.65
559.094
298.304
449.013
560.683
311.58
210.04
336.158
550.027
309.588
65.0077
247.386
446.052
663.702
337.936
145.774
297.123
186.196
157.003
271.398
682.607
737.594
618.108
715.996
806.743
680.525
1099.14
828.292
600.471
59.0339
700.14
737.364
309.438
741.941
710.303
290.704
109.786
486.385
141.421
801.612
818.883
237.428
112.805
601.868
294.551
771.9
441.264
1124.36
733.53
133.147
586.299
744.175
744.087
458.481
523.505
845.086
253.775
682.018
455.097
611.703
379.307
384.413
722.357
480.035
773.792
115.434
974.397
518.252
483.96
817.515
465.984
353.289
706.32
833.497
1013.83
1135.41
841.468
424.482
878.647
308.312
866.028
536.004
373.965
420.119
183
387.621
354.201
197.03
191.003
315.634
444.504
730.072
375.406
469.521
784.863
676.617
872.386
611.493
394.194
300.648
695.359
508.348
162.012
500.549
500.682
362.068
301.325
305.63
388.33
781.786
800.131
137.244
289.214
387.253
68.4105
649.521
273.47
901.294
494.54
156.818
460.654
723.771
499.514
241.919
495.308
653.093
316.446
493.637
228.09
368.592
152.086
162.865
478.94
233.019
548.403
334.073
750.766
496.928
333.024
570.307
254.867
166.244
504.928
643.96
808.622
920.802
596.889
179.179
686.338
395.535
665.58
306.444
500.881
200.062
569.245
210.723
535.628
515.504
205.244
478.934
362.327
462.774
571.888
412.044
312.698
784.255
879.501
314.358
498.679
330.106
758.113
535.494
543.004
793.236
229.819
388.012
206.32
546.13
409.371
427.724
249.147
551.649
338.037
323.447
329.795
632.37
796.09
710.338
327.075
159.862
352.037
570.07
564.238
132.136
470.952
229.094
328.154
536.773
586.851
483.26
498.623
542.905
427.121
803.027
560.711
660.339
138.957
145.344
671.193
272.729
237.261
809.579
456.317
649.604
783.919
649.223
383.11
501.496
252.242
505.756
351.81
380.422
806.877
641.032
592.072
596.934
610.145
57.7235
812.001
46.2385
71.0634
831.79
777.145
475.59
444.531
210.535
719.336
789.82
325.862
467.645
83.4086
407.443
657.928
692.83
294.567
805.047
832.707
848.982
459.164
706.771
179.569
369.676
547.219
446.536
511.33
254.61
547.712
437.477
786.903
81.1542
338.09
620.595
376.789
625.653
293.205
310.311
187.297
343.677
351.501
58.8218
192.338
366.38
754.006
367.491
631.32
357.263
173.003
241.207
342.013
438.347
377.276
468.168
548.676
178.011
241.008
400.899
692.269
361.365
154.013
481.486
264.32
367.396
353.464
231.106
380.422
562.219
335.31
446.481
611.425
511.645
770.253
699.638
266.248
396.873
529.457
581.97
340.595
445.394
604.944
280.007
330.847
148.449
469.145
608.975
627.309
100.603
421.777
272.485
124.888
469.052
432.394
792.586
544.57
205
279.065
551.928
459.918
366.325
329.443
507.351
245.489
344.224
340.262
415.323
283.48
298.761
434.204
250.857
626.231
449.328
644.156
333.829
155.724
551.841
144.471
44.2719
618.357
495.994
676.24
799.582
552.635
197.489
540.941
315.102
528.206
229.532
389.856
270.15
247.37
374.787
827.402
822.925
761.604
857.088
896.181
766.512
1244.9
938.165
745.526
87.8009
785.693
856.696
416.387
886.007
817.919
377.641
184.166
629.73
35.3553
890.297
906.565
380.928
132.458
747.439
439.01
898.786
540.181
1269.98
860.43
276.698
717.866
835.005
886.794
577.603
627.646
987.411
352.8
824.631
579.297
743.377
506.616
509.2
865.652
620.458
890.144
72.8354
1120.09
620.078
623.173
957.131
611.667
498.655
809.273
975.461
1157.72
1280.33
984.208
566.485
1020.89
383.221
1009.58
681.541
444.37
417.502
38.5876
634.093
440.778
596.969
708.816
511.077
383.719
983.563
949.384
490.58
336.525
403.299
836.251
502.842
699.849
845.877
19.4165
207.039
366.284
361.212
505.693
522.708
223.289
409.923
507.17
339.638
530.45
626.003
998.465
804.87
226.296
370.567
448.876
718.693
591.23
238.479
678.852
44.7214
528.75
571.959
674.645
500.959
513.729
692.238
511.285
879.477
400.446
857.907
230.376
324.729
813.663
400.106
307.189
853.891
664.552
857.406
990.552
808.021
454.411
710.123
51.2445
711.585
487.469
29.4109
410.466
625.016
869.741
550.513
630.194
932.584
813.543
1058.41
668.468
590.623
204.783
833.058
591.088
149.616
675.115
548.019
443.766
292.027
501.092
287.842
928.445
946.474
287.467
139.442
582.316
265.317
835.91
270.046
1089.41
601.655
221.551
645.524
869.945
666.967
315.192
640.597
849.991
399.831
690.642
322.444
493.535
257.979
256.223
649.862
399.791
622.676
199.008
939.422
638.788
522.572
722.607
451.615
359.694
539.134
840.953
1003.55
1112.69
762.476
357.405
883.183
469.004
861.725
497.185
384.173
627.575
845.483
554.401
637.821
909.173
789.098
1059.51
690.885
585.017
178.059
808.654
610.442
169.169
679.533
570.789
416.386
262.619
490.983
263.048
904.907
922.867
269.046
119.854
578.215
258.213
820.422
294.245
1089.62
618.052
196.759
629.987
846.453
673.181
332.561
617.624
843.253
372.865
682.71
337.409
506.693
269.436
269.268
655.172
404.712
643.133
177.89
939.31
615.406
509.145
732.265
445.543
349.04
563.022
833.792
999.608
1110.96
769.38
359.262
876.604
441.056
856.461
495.631
605.469
467.136
565.584
677.157
535.448
410.128
964.708
911.689
467.189
315.002
429.773
799.088
464.961
671.132
807.694
49.8197
190.625
341.867
348.3
530.396
547.771
185.011
383.878
482.114
301.617
532.184
587.603
981.063
768.768
190.56
363.897
472.827
688.596
552.757
254.332
665.869
23.8537
512.191
533.667
638.443
462.455
475.184
662.375
475.602
842.162
379.001
838.602
248
305.287
782.32
370.062
273.09
815.508
651.92
843.902
975.845
779.169
418.244
697.749
85.3288
696.91
457.236
774.424
78.5493
110.535
790.292
742.241
434.615
498.706
173.012
739.603
754
381.589
507.803
65.7647
464.898
651.771
703.02
275.002
823.223
791.594
807.432
466.995
733.483
144.101
388.402
497.109
496.478
467.985
308.781
561.17
399.962
747.767
92.4446
387.594
592.765
319.089
622.603
242.563
358.42
244.663
384.294
393.554
65.7875
227.794
421.201
778.021
320.79
604.239
333.636
194.92
236.4
346.001
495.976
319.708
414.223
500.645
173.954
268.33
343.214
685.215
303.916
151.539
782.898
881.036
76.922
57.0701
941.688
1226.25
602.397
776.687
37.4833
1103.2
892.001
829.927
1147.95
449.161
645.143
537.22
791.306
69.857
84.2912
596.765
850.371
632.843
684.387
348.695
994.035
936.424
1047.58
648.726
374.765
38.2753
865.786
926.078
234.796
615.325
483.823
551.133
898.056
931.883
845.575
860.92
839.939
779.719
1148
840.363
837.774
233.529
472.584
967.598
616.501
599.341
1166.49
600.48
765.513
895.849
924.379
741.053
632.064
439.769
660.512
681.226
112
806.089
746.043
511.781
457.849
187.395
673.986
759.38
336.095
430.119
125.399
408.754
613.652
646.592
256.889
759.396
806.643
823.293
413.011
662.943
156.272
323.855
532.643
418.688
545.894
270.148
501.544
409.961
759.169
127.389
309.782
585.235
384.401
580.734
282.115
280.223
181.069
306.366
315.317
104.317
151.208
378.761
709.46
399.239
595.487
321.006
216.749
198.124
296.346
437.523
383.021
490.951
579.193
224.058
196.665
411.05
648.174
374.226
112.009
899.095
847.002
463.068
393.378
278.706
770.154
859.424
280.913
497.041
84.9294
372.634
725.397
751.681
365.568
857.351
900.214
916.264
520.724
751.322
248.204
424.7
607.497
457.056
502.299
205.105
604.988
506.285
855.319
48.3735
352.087
691.552
416.293
691.968
353.006
328.434
175.414
374.769
380.064
55.1543
236.677
317.648
801.102
367.696
702.325
428.323
105.546
310.079
406.602
405.919
419.048
483.596
548.198
133.124
291.625
436.681
760.001
394.336
223.504
130.384
920.784
1256.57
621.267
847.581
112.009
1133.24
946.789
842.257
1183.7
520.539
716.888
569.944
865.001
7.81025
17.2047
654.433
919.32
652.329
735.436
331.109
1043.69
912.02
1074.23
712.765
396.434
62.8172
879.986
970.6
292.37
601.392
553.245
557.56
941.523
963.088
893.085
908.606
854.973
816.355
1177.73
911.454
823.381
293.804
507.174
980.49
651.31
645.964
1203.97
587.235
740.055
866.442
931.791
781.666
614.448
513.024
646.777
709.48
934.539
1184.1
569.344
719.703
19.6469
1061.4
838.361
799.786
1102.92
392.2
588.276
495.94
735.082
124.101
140.057
542.404
793.303
599.16
632.603
345.909
942.405
931.976
1007.85
592.346
342.812
73.3894
834.276
876.906
182.428
605.072
426.755
526.966
849.45
889.774
795.11
810.349
807.996
734.98
1106.29
783.409
826.242
179.725
430.726
936.568
573.468
549.917
1120.53
589.869
762.772
895.489
897.103
694.277
624.393
383.294
649.693
641.749
781.697
504.608
1157.69
937.845
702.567
941.884
393.554
806.598
1002.88
1100.8
628.681
1236.32
925.553
935.233
868.268
1161.06
498.507
811.055
593.165
918.357
44.7214
628.373
970.226
639.415
905.292
415.986
811.303
851.364
330.775
986.122
456.295
784.911
638.149
818.049
826.574
423.738
662.371
724.334
1201.69
126.491
865.52
659.501
421.222
633.401
747.244
842.151
346.238
186.035
117.239
343.596
701.003
310.177
1030.95
287.759
566.464
644.826
865.333
1199.29
123.329
522.551
475.429
120.839
961.025
906.982
689.036
953.111
1256.48
1273.71
727.434
807.808
613.887
610.393
990.033
399.992
826.018
189.995
767.784
860.959
1205.99
433.518
372.49
1010.56
809.015
917.916
737.214
383.407
294.401
459.837
450.712
448.237
452.851
79.2086
867.475
722.115
1018.34
753.802
372.819
610.659
655.696
137.884
812.23
854.958
888.469
455.122
502.26
827.937
996.163
784.574
547.123
659.469
581.303
522.483
507.513
232.998
588.952
509.372
596.272
125.67
734.692
622.172
638.461
365.575
673.439
31.241
326.914
348.083
540.482
526.343
457.542
469.047
227.633
576.657
265.317
437.852
421.684
260.34
487.226
111.544
405.317
360.001
397.408
411.147
238.799
254.49
565.651
708.011
378.276
433.601
170.839
367.789
139.542
247.386
615.228
252.48
416.159
534.958
336.525
257.562
293.143
540.434
271.459
118.258
739.211
779.108
343
798.291
746.006
327.536
132.966
545.319
89.7385
842.151
859.077
296.319
89.1067
660.694
351.216
826.318
471.615
1183.12
779.311
191.951
642.088
785.4
799.383
499.514
569.172
903.901
295.244
740.866
498.921
660.031
424.68
428.348
778.091
533.653
814.04
64.0312
1033.09
563.001
541.983
870.729
524.721
412.238
739.693
892.248
1072.85
1194.42
896.799
479.185
937.45
340.278
925.014
593.856
1076.45
857.17
810.877
1119.04
411.69
607.705
510.649
754.17
105.475
121.004
561.405
812.921
611.353
650.824
347.052
960.609
934.354
1022.21
611.899
354.121
58.3095
845.843
894.332
200.644
609.237
446.374
535.84
866.691
904.902
812.937
828.211
819.7
750.942
1121.33
802.895
831.001
198.436
445.584
948.005
588.81
567.367
1136.95
594.142
764.477
896.447
907.26
710.899
627.688
402.497
654.093
655.927
441.663
365.246
105.262
848.741
808.327
566.004
868.337
1133.16
1150.38
616.417
729.836
491.68
499.73
868.726
334.574
745.815
77.2787
665.115
737.653
1082.75
324.721
279.594
888.741
696.773
806.694
616.964
283.064
171.68
360.006
353.362
336.027
332.77
44.9444
788.328
629.54
896.775
630.889
282.113
488.136
537.785
140.918
698.971
756.577
803.01
363.067
384.61
717.586
884.11
675.193
423.795
550.935
403.011
507.796
400.031
443.705
430.562
943.75
962.099
296.897
288.196
492.667
216.481
797.808
132.853
975.788
452.754
282.347
612.283
885.765
537.41
166.111
657.269
766.531
461.573
615.709
176.4
348.993
123.976
117.034
523.206
280.432
473.973
346.954
827.958
658.736
482.026
583.728
376.703
315.634
397.291
759.558
906.303
1005.96
630.165
252.881
798.551
538.865
771.565
399.445
457.542
717.51
765.906
340.119
883.007
843.935
859.303
530.348
788.335
205.913
447.394
538.964
525.761
430.308
288.862
622.766
456.974
802.036
42.4382
418.084
654.542
333.636
688.149
287.057
391.369
253.663
426.986
434.615
32.1403
275.327
400.93
834.621
289.588
666.311
397.666
138.235
301.728
410.112
490.731
337.251
400.045
471.02
108.19
322.034
352.847
750.976
310.048
215.984
856.433
791.927
613.827
833.375
1182.99
1200.67
622.693
687.274
559.279
506.354
937.013
279.177
849.588
178.404
655.587
792.467
1130.31
418.918
259.031
925.3
783.656
812.298
690.357
274.345
229.124
348.649
338.12
426.814
368.228
100.896
747.011
730.222
932.001
676.764
385.502
532.474
561.969
35.6931
784.595
854.188
905.497
465.388
410.474
806.445
891.162
765.261
480.635
196.367
384.86
348.191
514.97
531.749
233.848
403.291
525.681
350.738
548.14
632.529
1017.85
818.587
228.484
389.622
458.682
735.9
600.748
252.723
698.241
46.2277
548.14
582.232
688.262
510.334
522.794
709.524
525.381
891.747
391.208
877.187
243.971
343.922
830.393
417.253
322.397
863.774
683.931
876.803
1009.97
825.654
468.062
729.491
35.5106
731.001
504.58
473.858
158.433
711.288
727.998
236.315
215.564
603.327
328.878
717.77
532.846
1122.25
795.767
148.071
540.715
655.046
773.98
534.492
443.825
824.26
168.716
663.562
525.8
668.886
448.697
456.668
750.163
522.212
847.305
195.724
974.536
436.571
456.747
856.117
472.343
358.469
791.344
811.43
998.759
1125.94
870.173
463.493
857.31
207.396
850.173
551.957
616.644
569.348
586.941
249.018
567.966
140.943
237.592
356.854
505.399
648.746
512.098
353.42
182.833
517.496
364.927
415.578
329.077
359.138
361.668
196.023
384.158
394.677
352.755
368.126
337.784
247.693
610.826
597.415
502.195
338.953
65.3682
465.382
82.4197
141.989
634.717
348.042
528.05
652.678
447.699
221.416
392.747
416.617
379.854
147.33
859.021
875.129
369.134
154.806
738.028
435.66
875.925
557.259
1260.38
869.042
266.113
697.207
804.122
885.484
588.766
599.568
972.672
325.751
810.386
588.572
749.627
514.418
518.032
863.671
621.226
902.894
98.4124
1110.97
591.582
606.723
958.629
603.003
489.102
826.061
960.403
1144.55
1268.73
982.855
565.884
1006.03
352.023
996.127
675.6
18.3576
650.939
914.235
653.191
732.814
335.172
1041.32
917.079
1074.49
708.41
396.809
58.5235
881.49
968.836
288.571
605.43
548.019
559.661
939.877
962.836
890.944
906.448
856.384
815.456
1177.69
905.994
827.561
289.676
506.32
982.155
650.54
643.84
1203.07
591.202
745.151
871.896
933.983
780.303
618.819
507.099
650.824
709.454
669.216
931.55
669.526
751.166
346.591
1059.65
926.009
1091.41
726.324
413.628
76.6942
897.08
987.018
306.777
616.831
565.211
574.461
958.017
980.189
909.228
924.736
872.088
833.242
1194.88
922.879
838.63
307.748
524.073
997.537
668.246
662.119
1220.86
602.755
754.001
879.721
948.638
798.326
629.484
523.345
662.2
726.626
324.834
369.774
117.047
553.195
410.319
891.548
590.161
104.403
363.189
592.567
540.135
368.24
362.737
607.679
190.52
444.595
348.673
459.922
278.212
291.398
515.694
301.081
658.97
349.567
742.516
363.237
249.778
626.024
236.603
122.332
630.635
596.162
776.828
899.767
635.541
242.002
641.249
268.812
628.809
315.734
670.522
350.464
873.129
408.765
1189.21
737.862
226.921
684.924
856.704
784.704
452.383
634.817
926.34
366.547
763.593
457.054
625.448
387.8
388.404
765.444
515.819
761.925
60
1038.64
629.96
574.562
847.894
534.805
428.168
677.756
915.708
1089.57
1206.06
881.608
466.315
959.94
419.834
943.594
594.63
321.286
378.082
519.247
522.552
426.4
471.921
258.118
607.399
236.544
415.03
448.911
273.98
501.379
135.595
382.604
330.189
379.332
392.563
209.764
231.7
534.731
707.276
372.941
460.541
193.065
339.006
136.235
248.966
585.977
267.571
421.412
535.601
311.231
240.52
305.884
557.556
280.318
96.0052
584.658
309.803
838.786
475.767
181.041
397.112
675.435
450.424
254.608
450.202
585.158
307.561
425.329
233.06
346.092
166.331
180.712
428.168
193.396
542.087
391.082
688.222
453.375
267.905
528.252
187.385
100.404
515.302
575.876
742.224
856.183
547.653
134.629
618.466
385.798
598.372
244.696
861.546
587.868
800.913
646.211
190.444
312.13
579.763
767.927
316.084
270.283
555.893
254.558
735.774
708.083
709.417
724.71
557.402
589.96
911.121
887.24
492.428
329.588
316.765
675.201
433.998
484.266
962.979
256.164
417.481
549.598
617.256
574.961
284.297
562.321
315.671
459.831
955.96
362.414
411.254
684.935
984.322
502.872
108.908
760
788.822
586.413
651.998
139.302
287.057
153.388
137.786
494.88
288.007
360.555
468.667
813.971
763.128
554.867
526.855
427.833
398.529
269.091
784.281
909.398
995.211
586.578
287.703
818.717
664.808
786.184
423.341
671.253
994.337
647.386
899.499
454.739
848.39
857.03
333.353
1002.9
469.754
821.416
677.662
852.209
861.177
461.088
695.632
768.128
1228.52
150.572
871.278
675.903
464.091
658.402
771.48
885.091
348.862
172.026
76.0592
385.541
732.227
309.26
1044.99
292.857
594.866
649.407
677.808
1025.55
247.935
286.644
839.095
621.392
778.393
547.559
281.221
130.392
354.683
351.262
260.25
293.973
112.712
794.708
552.815
847.923
577.447
207.171
437.823
500.385
213.846
624.007
679.321
727.223
287.085
350.527
641.587
854.097
598.91
366.38
458.19
650
628.816
396.582
421.836
711.962
182.784
548.916
384.553
521.693
307.951
317.586
605.607
374.233
705.216
246.441
844.859
419.153
351.558
709.001
337.006
222.991
658.027
700.352
881.184
1003.69
725.559
315.66
745.517
257.775
733.205
411.597
349.517
491.723
597.927
214.401
316.708
387.66
193.259
566.721
568.516
531.601
547.168
465.62
429.441
781.957
701.713
519.065
228.186
130.771
593.896
265
296.906
814.775
301.597
494.446
629.88
555.167
403.897
345.743
411.001
354.667
314.035
838.6
913.153
230.083
579.94
490.805
520.869
884.496
911.882
834.426
849.89
813.036
762.308
1127.43
849.318
802.497
231.164
453.657
940.018
597.961
587.439
1149.76
565.212
728.371
858.299
894.897
725.753
596.013
452.111
625.218
659.606
396.824
685.075
375.766
704.642
326.81
371.985
223.379
414.121
420.42
27.1662
268.931
359.555
832.923
319.331
696.475
424.976
102.489
318.649
422.309
452.604
379.559
436.033
499.917
97.4166
320.37
394.464
769.931
351.336
231.366
695.245
682.089
555.907
549.283
32.5576
188.799
90.471
79.1202
387.568
183.448
315.311
510.108
705.581
700.037
470.34
428.515
334.846
326.989
263.319
678.012
800.546
886.703
483.426
194.165
711.551
635.022
678.316
319.77
523.893
275.231
407.172
668.225
717.207
612.83
628.033
658.09
558.716
933.681
633.114
732.593
14.3178
264.282
787.325
401.439
368.403
941.714
508.434
697.949
834.005
757.761
515.245
550.238
257.934
564.486
476.388
688.796
163.135
650.222
562.61
652.803
665.709
361.168
501.155
733.921
956.548
222.576
538.164
367.561
454.004
398.408
498.302
815.015
15.5242
178.676
313.338
382.154
514.475
33.6155
722.829
45.3982
368.828
534.431
537.975
648.002
465.446
477.7
678.612
486.181
849.4
359.273
859.909
268.315
327
797.326
386.581
286.295
819.103
674.914
866.686
998.355
796.026
428.169
720.773
79.1581
719.495
473.441
516.763
461.542
508.048
522
303.607
365.859
658.621
793.419
332.212
420.747
208.471
424.849
240.902
335.908
718.226
152.118
335.216
464.39
374.386
368.049
196.736
575.296
186.676
229.532
172.63
77.1038
70.7107
361.382
150.96
321.504
513.554
677.552
673.38
439.727
409.42
303.081
299.843
282.243
646.003
770.44
858.4
460.8
162.825
679.851
616.883
646.978
287.265
237.693
237.531
221.531
164.469
216.615
680.312
542.116
725.364
459.401
240.354
316.457
371.065
256.757
562.2
652.406
723.1
300.533
220.239
587.639
723.771
548.574
254.621
15.6525
399.422
157.848
398.608
442.706
704.809
616.864
401.479
464.844
276.848
247.121
353.771
646.842
786.512
883.471
507.774
140.004
684.066
544.568
654.921
283.975
406.518
168.55
391.082
444.182
714.295
631.981
417.085
468.108
291.853
262.652
342.113
659.939
797.783
893.426
513.183
154.117
696.805
556.853
667.188
296.953
250.46
372.755
812.813
321.4
669.451
397.82
129.283
292.33
397.121
459.739
364.034
432.01
502.777
120.017
299.822
381.56
743.468
339.33
205.183
377.449
564.685
547.533
566.072
309.188
337.503
165.424
206.603
387.621
496.364
629.292
725.739
365.8
59.3043
531.453
560.88
500.277
136.33
820.907
657.136
941.703
675.749
307.467
533.068
582.087
133.454
736.653
787.023
827.699
389.607
428.781
753.776
927.065
710.862
468.25
1078.09
627.001
597.998
899.269
571.048
460.834
737.694
945.305
1123.19
1242.52
930.158
513.001
990.154
403.065
976.038
635.693
746.612
533.529
349.886
508.422
621.885
765.079
237.304
141.198
181.463
267.571
582.516
209.881
905.61
177.282
444.326
274.489
798.634
410.115
373.569
947.982
522.708
712.265
848.322
769.884
521.674
564.543
247.679
578.705
486.153
526.408
144.312
167.505
696.802
354.683
543.148
672.84
504.049
277.359
400.566
373.311
394.872
212.474
414.146
512.13
421.001
460.092
482.296
521.015
82.3772
394.24
467.9
864.88
423.293
327.014
114.403
552.805
389.597
555.313
671.658
409.469
141.06
431.57
451.35
410.991
87.367
576.043
487.912
662.435
782.307
516.412
153.447
531.884
357.677
515.707
194.466
815.618
888.271
940.728
500.676
426.499
838.305
898.18
797.477
504.829
193.313
328.32
389.622
508.024
45.9674
708.309
60.0333
362.994
136.059
400.281
654.219
148.718
901.504
148.6
508.552
440.137
757.624
284.445
1035.36
279.016
615.553
417.767
393.273
859.155
348.455
323.11
546.191
503.572
518.695
146.564
753.618
44.8219
400.17
756.654
538.713
372.136
