90
194.517
627.8
358.303
472.036
835.853
986.838
667.73
687.943
777.834
444.622
654.966
530.436
681.012
170.792
409.137
218.68
600.768
301.796
366.531
765.941
433.941
797.74
465.601
436.953
841.333
269.78
572.05
482.73
406.277
935.047
299.483
246.546
382.256
286.273
898.263
691.512
373.054
478.987
616.198
833.478
574.133
477.423
441.708
931.49
362.668
65.123
376.47
817.338
865.402
308.172
323.575
66.0076
209.163
108.079
831.912
545.404
401.688
280.303
457.407
833.908
867.514
400.405
993.336
707.6
737.922
746.197
912.351
782.081
349.666
477.906
398.694
695.507
898.288
813.05
255.237
491.675
868.769
205.01
563.724
100.125
768.752
79.8812
108.853
160.897
386.792
277.894
528.557
643.175
793.424
647.024
201.435
584.72
676.237
941.026
669.645
526.781
651.517
577.529
569.337
691.975
657.609
79.555
219.135
202.475
420.962
271.09
250.008
798.66
471.655
651.001
483.617
290.663
770.72
416.617
609.111
562.829
559.795
910.939
218.552
97.6934
394.656
146.932
798.795
731.225
363.056
287.628
488.181
779.959
432.761
585.655
328.184
860.765
280.273
243.59
378.155
654.682
874.823
332.399
184.054
155.641
132.853
101.637
693.273
441.775
208.331
221.921
458.188
658.125
691.616
283.79
818.477
627.006
746.626
644.19
775.745
597.66
168.122
565.46
230.313
668.381
890.359
629.076
421.712
363.149
792.016
125.936
663.55
198.655
657.709
198.04
123.976
276.212
330.553
343.639
334.527
455.474
796.174
833.623
317.05
711.585
421
66.2193
636.68
534.462
387.014
342.965
531.2
146.731
707.011
783.615
448.04
690.038
376.694
464.215
154.383
194.612
629.007
165.424
921.588
374.883
455.379
74.027
220.002
463.001
334.773
862.242
569.751
254.435
792.523
506.377
103.586
284.412
712.484
478.724
318.848
516.382
302.152
433.582
438.622
402.096
584.5
269.03
715.341
237.697
324.902
827.345
579.834
514.208
669.341
614.117
391.772
753.383
428.953
189.652
799.746
823.236
928.897
907.586
340.472
112.294
429.499
656.442
825.841
775.366
241.133
845.877
163.453
279.693
843.133
512.079
467.107
412.001
521.095
273.646
724.745
472.471
548.441
565.659
473.942
340.037
351.602
821.338
766.123
169.956
785.789
704.614
1087.21
849.108
563.895
733.426
776.209
699.212
882.667
825.437
187.641
122.066
399.765
425.254
458.26
391.561
987.264
667.241
703.723
674.007
89.7385
903.208
610.47
801.843
763.482
753.017
1071.75
133.765
263.894
586.646
73.3553
903.873
922.849
550.027
268.466
580.979
925.108
513.951
786.943
457.621
990.114
441.897
419.609
567.923
678.411
1053.44
529.401
44.4072
342.835
325.776
250.683
755.791
565.923
145.911
404.951
644.05
651
682.124
109.293
805.432
757.724
927.195
754.181
836.844
567.575
70.8308
766.593
46.8615
833.842
1060.48
598.432
608.159
471.004
918.613
319.531
864.95
306.79
757.357
388.5
321.014
473.342
500.752
544.83
240.142
425.301
973.203
926.492
736.88
382.688
814.03
778.741
71.4493
587.804
219.545
451.948
613.231
783.046
401.254
812.158
384.906
525.925
383.803
218.552
853.879
265.047
874.223
679.897
212.728
243.977
101.242
152.555
643.747
763.521
549.397
285.394
724.244
798.89
311.296
332.212
770.73
669.646
631.634
677.222
15
544.342
751.388
465.663
410.079
308.474
921.835
513.366
292.219
763.207
454.472
475.042
556.537
856.349
569.217
760.345
431.87
305.197
986.032
1015.31
855.379
1120.81
609.016
414.349
690.128
915.45
982.033
748.043
79.1202
814.177
470.106
577.506
1006.41
256.164
598.861
716.577
479.588
97.0824
569.769
730.278
409.65
466.374
319.002
420.174
248.204
864.729
882.261
469.54
638.952
668.875
149.482
191.063
971.581
369.012
1131.75
586.376
750.733
583.843
649.755
279.664
597.68
477.08
823.896
708.198
85.3756
665.217
745.183
456.018
904.81
746.794
836.599
1011.07
699.001
825.324
593.671
647.341
730.782
349.738
808.993
606.011
436.152
257.701
524.695
269.683
916.162
415.326
497.839
507.206
851.881
626.929
28.8444
792.642
672.146
736.52
772.203
628.99
774.158
127.738
357.933
558.814
583.25
622.512
124.064
129.653
806.222
196.919
384.666
721.948
300.466
170.602
214.009
639.027
855.701
674.979
577.46
743.21
205.913
946.708
357.371
440.556
632.225
939.769
872.631
261.63
786.779
727.481
797.382
525.907
740.922
496.037
300.54
727.126
357.405
657.18
459.492
807.486
391.676
945.901
311.27
1015.67
999.212
774.77
780.236
690.357
699.089
395.536
589.329
560.711
542.087
1164.02
197.677
865.562
495.004
641.001
884.001
114.621
1156.5
846.005
611.007
1069.49
293.109
444.109
613.884
878.408
540.283
162.188
608.8
721.898
629.594
142.127
660.753
958.117
612.434
658.656
277.721
683.52
1096.32
927.552
818.433
996.601
511.239
523.748
966.58
727.186
536.008
760.623
768.486
1194.74
796.141
334.861
326.333
372.263
496.082
832.694
1018.3
662.048
1082.72
294.822
195.533
834.853
922.607
622.101
201.241
825.332
680.783
1073.37
395.335
908.258
899.774
852.569
614.057
733.695
983.031
846.281
278.029
605.03
486.519
452.244
300.566
597.396
87.2067
734.048
790.335
476.035
671.09
398.875
468.159
162.373
241.754
584.87
202.485
935.543
310.757
512.235
138.813
284.57
527.243
277.042
887.244
586.663
286.803
812.842
444.946
141.51
308.099
707.978
447.826
252.937
492.537
367.838
427.114
372.594
409.663
628.545
297.015
674.746
205.205
360.303
846.197
616.001
537.238
700.786
565.488
369.012
759.161
448.261
214.255
763.1
784.88
947.985
863.264
289.5
78.2624
378.737
602.824
796.187
787.824
306.023
857.868
101.912
230.783
811.538
569.24
453.228
347.816
544.266
339.265
762.452
421.678
587.878
597.767
518.714
348.941
396.188
817.832
747.033
127.287
206.456
852.963
312.194
1010.79
531.176
601.539
445.325
508.183
147.665
463.262
334.32
766.428
599.093
142.225
561.677
611.504
460.792
771.65
659.462
730.579
885.587
694.179
680.662
444.623
529.457
585.444
394.816
738.848
484.661
297.254
157.965
517.349
137.361
805.016
280.53
525.03
371.619
706.237
507.3
129.402
759.032
544.1
593.473
624.892
482.469
624.718
198.962
251.334
418.187
442.995
517.241
172.003
201.804
668.384
316.661
348.862
668.802
286.225
276.091
191.846
496.384
748.038
537.597
526.522
723.327
206.652
810.497
222.029
457.109
485.372
838.63
723.194
262.612
641.313
579.962
657.359
399.546
611.001
372.594
195.686
685.493
831.304
194.672
992.512
401.602
730.77
622.596
568.797
347.19
499.652
413.059
637.385
561.712
106.301
513.693
792.707
268.911
791.851
577.59
683.006
880.913
510.824
836.424
557.044
515.353
740.946
188.404
627.866
481.68
479.842
163.783
335.001
222.036
766.969
336.18
322.579
419.033
779.57
498.663
205.039
601.706
556.357
756.34
711.861
570.032
738.777
79.8123
238.9
592.243
501.969
474.757
305.419
318.354
841.77
378.653
197.73
534.805
110.368
141.315
373.209
663.021
703.563
714.413
391.215
552.523
375.959
840.015
289.995
258.312
575.001
779.233
834.325
70.5762
715.599
670.191
705.301
416.083
625.979
569.134
402.001
537.22
643.308
161.236
519.009
597.027
784.592
408.637
839.867
406.972
549.971
454.324
269.981
901.764
320.039
863.009
745.456
175.414
313.439
168.181
82.28
715.064
742.049
553.957
324.563
711.18
861.07
382.426
368.307
785.734
713.9
699.351
715.61
86.3713
577.409
818.841
493.426
380.321
345.938
965.245
584.452
315.774
750.216
436.775
479.009
537.425
907.696
613.682
764.153
448.813
356.679
1024.57
1054.76
838.273
1163.9
668.18
485.644
746.831
969.759
1014.29
744.205
146.373
807.807
537.235
648.95
1039.89
207.386
633.909
781.883
482.701
157.436
538.728
785.988
390.866
455.247
303
454.318
259.731
874.496
907.476
540.959
804.031
221.054
647.52
607.8
436.57
405.643
356.103
319.883
458.651
373.472
286.044
323.512
773.731
204.201
621.422
383.11
490.453
697.829
399.445
777.958
471.81
338.497
687.282
245.073
440.051
313.345
488.136
163.169
232.175
225.08
575.542
244.364
292.674
296.736
643.438
325.751
374.2
447.362
391.472
711.416
590.153
460.179
639.757
274.316
133.304
575.195
375.832
287.571
463.493
484.52
807.743
564.653
58.6003
358.699
104.547
327.8
503.835
629.439
511.4
692.417
214.965
416.832
516.382
673.244
230.625
222.827
466.46
584.829
727.52
142.688
583.412
553.99
554.52
269.258
458.717
594.59
478.065
373.301
670.126
696.646
907.412
546.136
990.454
557.226
699.709
570.464
431.009
1062.65
480.543
965.39
898.837
276.089
460.027
320.702
134.332
846.788
828.292
684.539
484.407
813.173
1018.39
506.357
526.818
924.838
874.054
848.757
873.486
233.42
733.018
968.669
646.413
465.988
505.114
1124.86
703.481
468.88
851.531
540.301
610.735
634.067
1068.93
774.028
890.25
594.246
517.823
1181.91
1212.54
930.747
1323.23
827.539
619.852
907.262
1130.81
1167.72
860.033
298.617
918.817
688.186
775.126
1194.11
275.427
790.348
935.621
613.333
266.317
612.236
946.717
495.259
568.082
418.055
611.308
406.754
1006.87
1055.69
671.717
727.316
756.049
475.464
608.809
392.938
435.791
237.924
279.836
501.749
231.225
909.189
229.672
557.028
211.154
351.194
589.729
255.635
876.119
568.29
301.086
795.945
359.672
228.079
309.095
661.105
376.299
180.737
427.355
437.495
383.099
299.862
383.892
648.927
304.6
593.59
239.971
374.498
827.01
624.271
528.186
700.814
480.06
307.774
724.025
436.588
225.624
684.448
704.935
928.298
779.483
203.953
137.768
292.85
515.8
723.006
760.805
373.263
829.599
18.2483
235.053
736.666
613.89
399.721
266.738
535.248
418.626
771.151
335.65
601.606
600.333
542.137
327.727
422.538
771.089
684.001
160.228
248.195
259.008
488.954
335.912
328.897
856.18
524.314
728.248
541.946
268.794
848.038
427.169
663.901
603.458
568.553
981.95
156.589
176.785
452.674
116.559
878.169
786.347
425.959
346.256
567.565
855.243
511.415
616.001
407.372
938.281
355.688
232.131
438.543
728.406
938.672
385.212
154.935
160.253
199.151
63.0635
771.495
520.834
247.421
290.909
520.47
726.647
759.917
242.161
886.811
704.92
809.964
723.53
854.04
660.818
183.663
603.47
228.081
738.867
958.132
692.416
421.521
442.676
869.971
192.096
698.018
137.306
737.256
206.197
149.603
295.083
402.604
384.038
373.884
516.624
861.185
382.424
304.199
421.153
322.273
937.935
635.265
586.374
632.684
170.344
809.662
631.33
761.674
745.454
774.04
993.578
251.883
234.137
550.408
167.502
798.55
878.996
507.97
148.223
476.602
838.22
407.571
781.867
375.533
894.05
381.813
462.156
528.97
557.33
991.104
504.723
159.524
374.769
308.016
304.385
639.906
475.534
32.6497
367.022
597.277
529.015
560.258
223.081
683.98
665.523
868.466
652.654
720.056
446.781
68.884
752.017
92.477
762.358
989.909
477.863
639.932
377.18
822.01
303.486
853.015
384.005
651.872
416.509
340.755
489.45
443.708
535.212
128.281
303.659
910.124
454.714
84.5813
173.908
597.945
269.18
600.841
283.177
489.495
623.395
278.212
407.063
365.657
412.216
731.098
414.363
148.337
193.869
349.407
680.507
529.371
168.386
378.906
411.593
618.556
380.539
399.625
237.548
713.751
149.777
210.95
179.636
635.047
680.147
130.035
386.264
154.984
75.326
225.73
628.713
331.869
359.124
67.4463
261.939
669.481
702.343
486.252
823.624
488.922
551.357
529.544
706.818
637.276
352.632
370.714
421.521
488.452
702.413
666.019
307.774
293.43
650.342
80.895
471.179
298.804
554.109
148
125.196
149.843
168.122
153.062
465.927
514.437
603.312
433.499
290.746
833
610.27
289.546
583.097
466.753
582.604
731.714
697.657
741.114
859.2
803.523
548.296
354.87
529.953
455.027
534.439
793.585
481.785
156.924
243.578
630.404
182.2
805.472
271.36
655.103
346.944
630.432
506.063
253.18
846.513
524.107
458.263
542.794
409.85
522.361
346.625
302.324
279.723
397.955
538.777
237.697
271.017
526.621
397.936
453.894
742.426
409.199
423.076
183.663
360.799
755.547
395.38
608.112
821.974
213.663
762.273
225.144
584.59
410.8
853.009
619.494
394.2
567.892
497.893
602.735
393.926
583.703
224.956
76.1052
768.534
143.031
529.513
214.112
541.59
215.78
547.058
539.56
308.402
344.084
329.656
427.144
648.43
488.37
194.879
129.757
415.886
600.963
464.625
92.2822
387.221
348.931
533.976
328.938
380.182
183.098
629.785
91.6788
287.392
109.786
585.782
603.949
92.6984
450.682
239.136
138.405
308.058
564.151
260.762
393.838
54.3415
187.302
630.984
662.84
552.204
779.801
406.907
475.601
452.134
639.727
610.804
403.268
339.324
473.736
405.41
622.294
637.668
349.04
241.68
567.06
145.417
440.672
383.377
479.213
227.706
209.418
205.682
87.023
150.712
485.685
500.505
525.739
617.992
337.748
432.484
323.099
473.71
522.591
444.119
449.782
463.289
568.684
680.186
459.017
152.315
252.517
370.45
549.889
562.51
204.788
255.237
250.162
536.992
209.48
520.377
79.0759
612.132
65.0308
375.851
228.694
461.62
669.032
234.787
397.598
300.945
157.537
327.991
465.382
191.982
291.002
110.114
283.196
496.4
529.06
497.157
649.782
377.938
546.24
395.202
545.941
469.707
325.412
475.282
393.838
443.289
670.633
497.318
478.987
125.16
542.709
162.197
575.543
421.9
411.272
310.722
258.027
323.433
125.782
292.957
360.672
357.543
588.103
334.215
739.021
315.063
1075.48
424.647
563.908
194.263
308.65
536.257
285.848
1012.18
723.377
404.224
944.78
566.96
76.5506
437.379
864.197
609.676
353.579
654.883
369.446
583.977
461.966
556.292
717.564
420.672
831.474
133.034
471.39
980.07
722.519
666.108
815.6
714.721
531.185
907.623
582.348
343.293
922.144
942.845
1081.42
1015.96
439.915
102.859
527.478
743.646
957.886
929.542
324.353
1000.08
246.489
208.312
972.69
618.04
613.509
459.309
672.912
306.124
864.751
569.643
687.949
712.011
607.553
494.276
488.109
973.522
909.009
122.642
635.336
52.3927
756.762
491.798
277.222
140.207
132.004
326.546
518.024
680.827
406.736
86.0058
618.586
597.147
262.374
132.966
592.466
451.868
457.054
463.435
207.966
338.953
572.637
273.095
389.895
109.293
704.052
432.224
139.531
655.33
388.425
341.585
481.73
638.675
351.592
607.816
268.308
87.0057
770.901
799.473
755.429
903.001
400.731
306.203
477.298
699.807
772.842
615.556
148.946
685.707
297.417
471.12
795.779
334.055
389.606
526.806
347.98
242.924
531.746
516.113
355.013
378.338
279.358
217.598
157.003
695.317
683.372
363.072
590.468
753.396
373.771
845.023
666.611
761.728
945.095
616.358
817.223
562.354
579.2
721.552
277.078
725.416
540.285
438.675
193.238
441.056
223.607
843.015
363.352
421.086
453.679
807.967
559.965
99.0808
707.425
610.047
731.744
732.695
588.751
745.185
59.4138
290.119
558.502
533.476
548.804
200.442
212.116
809.23
278.657
299.481
636.921
215.139
133.933
275.879
635.268
781.379
678.795
492.537
658.825
274.898
889.508
308.112
360.534
592.738
862.744
843.067
176.819
742.92
688.889
745.201
464.57
679.59
514.169
329.735
641.752
762.837
439.739
327.3
129.031
171.406
378.583
475.386
697.54
410.601
89.3085
629.883
544.901
248.847
125
578.008
410.838
406.444
427.987
253.387
312.708
521.216
258.194
426.203
106.104
662.361
401.11
159.806
665.454
415.448
351.177
503.945
591.403
311.464
603.842
269.551
44.7772
732.777
760.497
766.626
861.002
349.013
272.809
426.804
650.736
739.888
618.568
190.919
689.113
248.407
433.268
761.652
383.815
359.244
474.611
357.946
276.986
561.207
466.189
385.825
400.281
316.708
198.091
194.589
683.659
657.524
327.844
976.792
695.331
890.924
853.11
837.189
1152.88
166.331
352.308
675.805
152.473
968.8
1011.67
638.549
315.07
646.569
1002.31
577.759
875.637
535.741
1062.2
526.855
500.105
656.812
717.787
1139.33
619.085
113.864
427.566
415.409
331.35
808.013
640.664
201.695
493.463
732.184
678.6
707.879
75.3923
826.92
831.905
1013.74
822.213
887.311
587.927
148.385
856.067
81.3204
916.974
1144.18
617.429
690.138
543.529
990.293
409.2
954.179
373.846
822.097
473.511
408.442
560.014
586.686
634.263
255.227
452.604
1058.83
764.801
440.796
578.731
813.057
243.019
981.415
673.633
487.641
891.256
142.874
441.367
477.31
684.249
343.677
74.7329
412.826
665.661
448.286
90.6201
493.447
821.937
482.394
472.83
354.966
553.711
915.61
778.378
656.144
836.292
330.438
337.337
777.165
567.905
419.076
574.01
585.247
1011.85
628.828
145.602
325.983
174.929
334.964
640.181
833.271
600.866
895.529
212.047
293.232
644.447
820.351
433.269
37.1214
662.725
648.035
920.229
201.221
765.928
745.523
723.802
456.029
613.942
787.429
648.706
306.894
384.97
255.994
143.178
788.914
568.392
410.124
283.424
542.886
859.546
487.463
310.644
653.449
651.832
733.742
637.043
221.4
491.423
848.001
400.031
205.139
295.88
893.725
683.141
235.79
581.723
267.825
337.431
366.022
862.082
556.799
614.287
334.48
346.055
938.672
970.778
666.547
1088.2
659.57
566.268
725.268
933.163
913.138
584.737
243.033
644.957
574.638
734.494
941.191
57.0701
550.023
798.695
339.485
309.231
363.321
759.311
221.995
292.643
142.004
380.454
166.018
731.963
792.609
624.196
146.031
389.001
407.879
820.279
538.947
215.232
755.874
567.318
122.45
253.996
703.598
502.94
388.731
531.949
229.172
431.589
508.646
385.296
524.976
234.327
747.961
300.167
278.692
792.023
528.28
477.529
621.928
657.343
409.068
732.728
398.132
166.589
827.022
852.423
892.76
943.682
390.083
181.532
477.302
705.728
844.654
747.254
167.299
817.765
228.965
349.748
864.119
441.277
472.526
477.834
484.153
208.926
670.63
519.747
493.806
518.492
414.576
324.045
294.156
810.375
773.179
239.385
243.008
551.96
758.6
512.13
211.896
707.799
697.943
232.562
260.279
715.629
581.667
531.301
595.272
87.3212
470.083
650.902
399.765
426.808
235.936
833.505
431.793
241.002
746.046
451.824
440.959
552.407
761.363
481.807
720.017
381.578
214.441
902.225
930.484
842.89
1032.25
509.362
323.21
591.731
818.235
904.819
718.288
22.1359
787.01
369.391
489.83
927.781
309.467
521.463
615.38
446.525
112.361
582.818
632.437
410.649
453.856
322.075
347.385
219.92
815.339
813.606
380.076
793.918
705.726
550.238
366.4
684.723
923.385
463.81
405.216
790.706
754.032
770.466
748.708
167.147
606.001
889.25
517.557
341.177
385.13
1002.68
665.884
341.551
723.41
410.183
476.403
506.668
955.377
655.076
756.418
461.884
410.505
1055.71
1086.89
806.006
1200.09
727.223
564.588
802.218
1021.02
1037.88
727.913
222.182
787.966
607.971
729.193
1064.81
153.222
663.992
848.995
479.009
238.839
494.128
839.877
364.585
435.821
284.614
486.564
276.481
872.588
923.347
620.549
1129.1
819.544
553.245
1046.61
369.899
340.906
564.409
884.163
559.946
177.226
624.385
628.765
618.244
226.385
633.593
900.269
558.758
715.437
163.478
627.262
1076.26
879.332
782.826
956.4
573.349
522.81
961.044
691.041
477.788
816.241
828.118
1176.78
869.732
349.757
229.428
409.871
572.165
878.819
1005.02
572.051
1072.21
243.167
81.1234
884.784
845.843
621.514
262.48
789.872
580.521
1026.3
441.638
855.36
855.942
791.682
580.386
669.947
992.182
874.072
175.14
310.64
608.232
95.8019
997.513
942.728
579.652
392.001
677.621
994.801
614.437
767.196
533.704
1070.61
496.671
364.605
593.33
800.105
1092.28
541.601
92.3959
309.343
350.053
207.28
866.4
646.718
270.313
440.332
674.606
779.133
810.867
106.892
935.34
836.34
963.803
844.407
948.538
698.627
188.096
757.834
178.194
886.767
1108.88
729.74
554.032
558.7
1000.52
343.012
850.741
219.493
852.71
353.871
305.315
444.569
548.804
539.801
373.761
555.039
1014.05
324.168
227.669
701.411
659.407
286.248
246.629
393.32
684.485
341.001
547.934
230.593
763.535
186.196
276.81
304.665
573.841
791.558
272.259
259.7
188.064
74.9533
183.025
602.013
344.118
211.002
141.156
380.158
587.378
620.987
361.448
746.924
529.601
664.513
546.759
684.143
537.276
208.837
518.163
279.12
578.122
802.538
567.948
428.239
267.479
694.56
71.4703
619.007
280.713
560.986
216.49
143.45
269.535
240.709
301.304
322.372
401.543
711.832
541.147
576.39
336.81
48.3839
506.779
389.651
465.387
392.317
277.318
259.85
574.04
188.298
347.858
24.0416
640.695
488.636
74.0945
577.014
329.219
262.528
415.448
589.102
289.748
522.575
184.092
75.5844
701.377
731.095
677.976
839.338
376.311
359.918
442.73
656.065
697.001
532.843
225.624
603.245
316.623
516.601
721.117
336.586
313.547
520.062
269.223
324.23
475.82
478.017
302.419
311.931
241.611
136.059
126.321
609.328
601.945
413.65
903.507
877.882
508.151
299.808
582.769
907.43
519.035
726.199
442.974
979.883
413.038
348.518
524.109
705.868
1017.99
479.31
39.0512
275.182
278.706
179.446
770.603
555.131
180.624
364.716
603.176
688.077
720.236
136.894
845.584
745.822
890.335
750.942
852.756
610.706
99.3277
709.508
118.004
805.661
1030.18
642.092
538.08
465.188
909.316
271.95
806.266
233.823
758.264
321.156
257.87
408.314
468.367
487.985
294.763
466.092
938.655
580.165
555.906
660.303
322.932
216.781
391.065
785.245
470.979
151.013
536.94
888.352
566.22
371.652
495.994
634.218
922.784
832.977
698.994
876.525
222.697
358.281
767.151
618.153
516.358
473.207
478.357
1013.08
503.526
200.112
467.239
154.69
203.711
552.935
833.043
719.942
888.96
343.402
429.914
551.323
912.954
438.959
111.36
704.927
776.209
967.273
146.728
827.88
795.369
799.203
513.997
699.939
754.115
590.404
449.765
373.363
813.221
580.907
375.822
619.797
296.665
535.631
491.428
499.168
642.179
354.927
814.001
202.074
401.14
913.824
649.555
599.333
744.027
706.938
495.182
849.4
518.298
281.727
900.354
923.104
1014.74
1004
431.005
120.83
520.247
743.829
928.595
867.088
248.847
937.658
241.29
269.046
945.446
541.765
570.387
477.746
606.012
240.075
790.682
563.185
614.024
640.703
532.456
437.156
414.017
921.517
869.663
166.544
459.574
348.817
462.387
347.315
324.607
212.229
565.828
140.246
346.286
24.3516
598.278
512.79
78.3135
542.949
315.217
230.217
393.975
553.355
250.17
479.416
145.097
95.1315
656.336
686.455
644.485
796.448
356.406
384.187
416.073
622.93
649.822
493.742
273.907
564.307
322.988
534.066
674.277
360.734
266.835
507.879
237.171
372.607
462.058
449.04
294.391
292.062
246.595
88.1192
145.774
563.022
553.618
435.29
342.983
720.29
272.976
766.74
280.865
765.044
320.264
519.047
483.195
409.982
900.628
479.25
301.48
428.591
316.304
388.278
492.952
361.471
122.801
338.882
537.209
388.388
420.743
371.286
546.628
543.696
784.454
519.724
572.512
315.292
204.12
726.232
240.354
664.624
889.545
346.914
674.392
263.463
692.988
314.798
827.345
481.649
514.464
461.66
386.145
514.771
380.012
526.371
110.064
170.532
819.986
387.424
70.0071
659.637
175.094
422.291
262.64
621.119
369.391
252.21
609.056
417.116
600.64
550.368
407.594
575.007
217.147
100.449
444.883
344.189
367.229
324.238
350.554
690.159
451.186
210.395
513.335
176.867
296.319
348.382
510.155
600.182
566.379
373.012
579.977
364.541
696.329
126.254
350.343
412.351
687.309
670.717
176.386
556.519
508.009
553.48
271.389
486.544
444.055
315.065
533.271
454.059
617.038
467.488
119.921
499.785
808.599
463.742
540.008
280.236
535.523
934.137
772.622
659.001
838.075
400.884
362.73
805.572
568.318
392.612
640.226
653.15
1032.57
701.313
177.654
257.531
232.648
409.199
701.602
856.309
553.296
921.045
162.496
220.045
707.775
790.226
461.499
106.4
665.832
592.191
917.322
265.189
755.95
742.968
706.035
455.07
590.871
826.378
699.561
233.951
668.427
145.962
492.212
237.876
585.329
370.028
256.86
664.417
407.427
535.21
509.119
365.168
524.004
261.017
124.615
376.09
313.747
383.283
309.091
339.165
622.907
451.852
276.422
562.128
246.83
343.246
312.968
443.221
612.269
497.918
426.184
640.258
333.78
677.661
87.7097
420.22
369.131
704.392
621.291
244.346
520.202
465.283
527.717
262.345
474.934
374.606
256.759
586.724
536.836
736.824
459.453
416.125
300.668
911.847
498.738
287.64
765.101
457.908
473.888
560.016
844.789
559.261
758.716
428.085
294.211
977.008
1006.08
858.05
1110.82
596.008
399.362
677.57
903.285
974.296
748.033
65.307
814.629
455.637
562.626
998.415
266.58
590.854
702.38
478.602
87.9204
575.701
717.9
413.459
468.412
322.672
412.7
246.658
861.749
876.042
454.591
537.033
91.9239
446.171
236.237
402.81
621.393
264.552
467.749
375.767
234.053
406.971
392.047
113.719
343.093
170.141
268.881
449.729
481.084
565.291
596.846
302.866
503.707
316.291
471.365
437.785
388.973
484.991
454.688
388.191
615.325
462.705
531.699
58.6003
466.821
239.209
581.788
500.373
332.28
381.477
334.037
382.688
124.169
330.619
390.749
345.051
540.496
583.961
911.22
569.93
518.247
369.515
641.529
1003.57
868.726
746.74
926.892
370.115
425.018
861.701
658.513
503.672
620.21
627.186
1099.02
654.337
234.273
371.323
246.812
354.318
695.071
919.883
672.931
981.073
281.624
295.21
695.876
904.055
519.278
72.1249
753.313
711.728
1010.79
262.652
855.762
836.075
811.967
546.547
700.309
865.924
717.668
339.559
360.573
164.347
494.702
612.612
177.859
443.298
296.892
163.49
343.402
479.517
183.003
351.336
83.1505
218.799
539.416
571.206
544.445
688.204
352.423
487.923
383.888
557.169
521.4
378.695
412.4
448.447
392.971
618.809
547.702
439.793
150.333
516.976
169.85
512.114
430.986
406.177
296.892
258.436
291.548
62.0967
241.207
425.47
416.617
532.017
345.759
835.084
822.01
274.643
386.394
90.5539
224.129
169.098
838.2
542.786
451.807
277.613
423.405
859.002
892.471
465.211
1016.96
693.401
695.955
739.011
917.023
813.536
405.942
420.463
458.541
664.308
859.258
843.979
190.591
499.881
851.143
221.82
503.12
159.7
764.629
65.146
133.544
110.603
374.386
232.998
577.294
678.266
752.453
619.742
500.609
71.8053
559.49
320.975
245.465
403.773
571.431
270
500.8
163.817
82.807
679.117
709.04
660.765
818.174
366.191
371.797
429.409
639.707
673.647
512.941
249.576
583.442
319.356
525.236
697.94
347.54
290.396
513.936
252.295
348.271
467.954
463.597
297.007
300.821
242.425
112.259
133.735
586.144
577.958
424.273
804.553
662.532
710.862
754.205
611.553
753.313
148.96
352.619
532.752
569.059
619.097
101.98
113.534
779.391
198.98
393.954
730.08
312.32
198.073
186.955
613.348
852.216
648.171
585.44
757.338
180.754
934.495
344.398
459.071
614.554
938.064
851.782
275.307
770.079
709.307
783.486
516.467
730.8
467.937
271.978
737.417
560.865
1051.19
816.541
742.344
903.966
673.766
547.099
959.484
653.459
418.249
901.235
917.968
1152.97
976.543
413.019
128.818
492.379
688.674
950.064
991.287
449.365
1061.04
238.673
82.365
960.875
738.664
639.688
384.662
749.362
438.737
962
531.279
785.941
800.546
711.416
552.743
589.227
1010.67
921.078
81.0247
516.284
255.877
203.747
344.693
626.295
321.111
479.038
141.421
149.482
714.19
745.339
616.093
859.163
434.663
432.404
493.822
697.665
699.214
480.133
248.974
549.739
389.718
590.452
725.328
283.979
322.444
584.891
209.888
350.464
402.15
526.089
228.327
240.983
170.628
146.24
69.7782
576.011
592.243
486.806
314.102
314.506
217.518
782.407
578.565
179.025
398.734
637.787
687.492
719.058
101.789
843.253
770.016
923.923
771.373
864.079
606.301
97.5141
747.977
91.214
836.268
1061.67
637.386
576.303
486.231
932.558
307.87
844.967
265.94
776.812
360.089
296.84
447.362
500.025
526.334
282.078
462.909
971.527
143.951
102.108
766.292
479.505
362.891
214.832
403.207
773.709
807.27
401.877
932.549
643.323
688.217
680.609
846.586
725.339
321.622
449.774
378.55
638.189
845.669
756.001
267.329
426.104
805.234
140.186
541.489
146.997
702.872
46
45.1885
135.518
322.851
236.863
487.627
588.81
742.663
180.155
622.834
341.826
285.727
91.8314
325.346
635.324
668.731
415.477
792.925
515.873
614.003
545.066
703.479
593.506
277.346
446.01
346.413
539.723
759.517
623.401
358.816
282.597
680.265
7.07107
546.366
268.287
564.639
159.706
100.499
198.668
204.414
227.266
396.679
463.155
664.001
785.001
518.321
299.813
269.765
486.541
759.263
792.791
300.88
919.592
695.811
775.175
722.056
867.07
699.272
242.745
551.036
290.63
713.454
928.036
730.699
358.788
448.786
860.347
173.626
643.469
98.4784
739.246
147.139
103.711
237.539
383.005
335.013
427.095
556.853
828.046
305.55
611.308
561.324
551.67
250.577
257.257
862.244
303.058
276.139
611.949
187.385
82.6075
332.291
686.63
781.74
732.382
469.128
620.561
329.055
908.782
340.243
313.409
627.273
858.502
882.145
145.097
773.522
723.327
769.491
483.182
696.072
571.552
388.902
611.903
442.892
266.068
267.486
421.545
449.037
674.515
551.599
191.802
440.165
203.735
379.301
435.839
496.137
500.1
559.343
308.519
529.639
455.056
603.235
99.0454
354.201
347.541
588.344
609.932
223.379
479.601
439.915
466.401
177.792
390.867
470.09
378.132
467.97
339.996
567.776
508.827
540.634
250.936
665.47
632.949
837.234
620.694
691.921
430.085
82.2982
727.176
122.188
730.195
957.715
461.468
625.448
344.571
789.682
281.656
828.408
384.606
620.436
403.011
326.466
472.289
413.353
512.182
127.287
285.568
878.483
239.301
606.422
639.007
500.45
759.132
429.944
525.636
465.897
639.607
578.705
349.125
390.267
419.634
447.973
668.575
606.712
368.896
226.385
593.244
98.8585
491.757
352.598
489.05
213.759
178.306
214.462
113.252
189.18
434.591
461.511
574.474
688.506
716.417
739.395
817.9
317.844
289.5
391.802
613.113
695.112
586.427
233.206
656.99
241.357
442.597
716.911
401.319
314.651
452.691
332.295
321.4
550.091
430.01
377.64
383.627
316.628
157.458
198.494
643.792
613.385
341.533
33.6155
745.339
160.353
488.754
821.862
410.395
291.741
101.548
591.097
919.843
615.731
677.481
856.365
85.0412
975.295
391.778
560.88
637.273
1009.75
856.769
375.065
794.997
728.531
819.323
570.629
780.172
423.562
226.566
832.216
775.366
126.921
506.764
841.915
425.829
289.277
123.976
622.93
948.36
646.224
697.316
870.803
100.846
1007.81
422.909
570.196
670.717
1037.36
890.25
388.742
828.418
762.09
852.171
601.242
811.675
452.66
257.018
850.38
896.068
866.299
1025.71
863.473
942.773
657.019
180.094
843.911
131.244
937.359
1163.08
687.018
655.642
580.086
1027.6
408.755
939.541
325.523
866.519
447.581
390.283
537.122
601.601
622.971
324.014
518.785
1073.28
576.077
913.439
488.881
300.06
239.075
747.733
1051.07
768.211
769.616
921.358
209.612
1127.1
538.254
607.283
795.148
1136.22
1017.12
447.487
952.607
887.361
973.203
713.538
926.779
572.171
380.349
914.871
337.557
89.3085
316.305
538.301
687.887
530.961
750.603
193.546
374.477
548.131
712.853
288.503
165.052
522.269
596.896
782.354
132.31
634.612
608.247
601.101
320.852
499.925
649.089
524.37
343.639
424.779
641.063
860.598
866.061
342.965
936.121
144.641
168.244
874.419
622.711
527.561
361.581
621.007
354.452
833.989
466.859
658.29
671.789
585.499
427.183
462.958
894.424
818.079
57.9396
228.449
468.956
683.418
612.986
741.626
281.745
446.055
475.521
776.603
285.773
175.573
550.906
682.69
813.33
43.0116
677.425
642.197
654.041
365.231
561.777
619.342
474.068
426.952
384.61
768.001
839.2
812.507
502.773
628.013
375.586
981.273
421
310.105
708.062
910.926
964.019
186.357
852.596
803.966
845.398
556.903
767.294
647.265
459.296
633.742
511.973
920.839
529.544
718.345
912.042
31.6228
945.038
383.659
631.482
594.415
1015.2
794.799
438.965
751.32
680.624
785.887
561.906
761.515
333.096
145.066
877.104
723.019
70.5762
768.63
995.804
543.283
588.833
400.642
848.294
271.774
822.908
317.511
686.535
365.411
292.098
444.083
438.883
502.622
197.091
367.696
910.712
791.25
391.454
508.921
944.153
295.134
537.239
637.515
451.359
101.494
577.8
653.546
407.604
454.01
317.984
361.621
221.822
824.711
827.519
399.49
837.081
1064.47
560.033
645.387
462.261
909.198
340.635
890.691
351.778
742.232
423.622
353.16
505.89
508.953
570.196
198.595
389.252
980.372
227.59
731.314
631.459
402.246
249.147
546.773
436.033
784.949
324.299
616.26
613.499
557.984
337.997
438.882
774.468
682.941
160.611
920.522
790.954
626.202
319.119
766.587
509.001
992.405
482.063
818.413
825.752
749.283
561.83
626.677
998.979
894.866
110.368
973.784
407.571
633.979
624.427
1037.65
826.32
443.497
781.55
711.217
814.947
586.599
788.343
363.006
176.647
889.085
590.107
853.985
359.818
353.221
340.982
809.742
223.672
299.247
160.431
425.735
214.972
746.708
820.159
680.617
447.652
287.091
632.374
544.486
295.357
434.867
383.094
440.091
179.622
388.99
372.78
300.696
559.58
686.732
685.149
945.84
194.618
794.19
771.35
754.469
482.411
646.224
794.159
648.298
340.309
551.567
262.427
570.19
157.785
96.1769
199.972
211.341
232.078
393.731
463.22
671.042
662.488
724.572
497.757
549.269
407.039
459.518
320.503
926.167
925.739
405.513
832.265
176.828
174.751
261.015
464.307
376.701
510.69
651.427
888.856
702.086
663.202
683.067
392.943
594.771
610.283
455.159
467.523
76.8505
90.802
314.186
200.01
526.194
617.709
713.667
152.738
289.56
234.542
449.348
544.75
724.967
290.338
122.642
590.529
659.826
642.123
215.288
486.334
466.23
472.451
617.508
649.49
519.501
198.406
930.041
843.481
