90
597.449
369.218
439.138
160.112
392.005
292.77
328.609
467.68
525.884
449.548
652.323
443.519
570.34
373.376
515.009
563.888
387.769
800.121
334.32
460.887
456.887
270.573
380.601
268.33
509.386
585.031
342.094
542.683
210.419
690.142
645.793
518.6
322.441
382.099
369.661
148.661
369.195
83.4865
612.278
446.418
276.024
298.412
488.636
379.891
240.684
195.888
188.096
703.535
209.476
178.846
439.857
296.805
428.6
142.201
633.003
519.401
607.529
92.6499
536.777
331.545
505.633
441.4
248.244
211.483
513.522
383.025
571.517
358.309
509.868
389.166
326.435
552.11
208.062
403.491
442.404
248.652
160.863
469.915
423.795
590.771
397.574
374.767
579.152
636.35
320.632
553.195
270.141
369.597
386.174
325.885
288.792
756.257
959.313
599.013
897.722
844.792
619.662
1039.89
1209.34
829.739
27.5136
791.427
162.963
804.481
984.96
870.331
897.566
547.403
1026.87
867.943
271.823
332.557
91.2853
557.022
939.526
1083.44
712.885
773.747
114.272
926.052
301.823
598.653
861.107
725.336
242.553
679.857
834.324
739.924
867.831
868.795
363.321
863.745
679.214
530.137
770.652
865.409
799.078
722.665
209.955
723.924
272.809
729.165
43.8634
734.56
856.722
518.032
112.805
927.636
865.806
1015.93
685.288
430.744
84.0952
560.115
944.083
240.741
1059.32
809.892
862.091
840.362
515.05
991.262
692.65
817.524
669.915
139.302
949.455
631.466
252.812
765
586.669
718.033
276.886
851.499
835.244
509.64
378.086
384.187
506.448
666.905
275.427
697.798
518.927
669.785
811.661
1021.53
504.12
300.816
468.675
180.942
799.312
737.61
959.707
703.147
587.273
825.952
618.026
307.95
216.843
271.956
663.296
690.254
909.941
413.679
848.463
320.601
837.449
87.9204
274.798
718.19
456.747
119.67
437.639
841.742
415.578
601.928
667.587
478.415
725.758
551.004
416.31
557.202
907.121
534.627
437.104
116.069
405.878
66.242
511.157
343.373
735.577
851.456
276.568
223.087
687.68
800.483
810.057
558.818
158.218
256.127
237.844
618.594
201.467
878.171
706.071
689.314
812.67
410.312
714.18
669.164
534.47
380.033
191.88
640.05
712.208
306.57
440.654
678.461
788.062
172.653
819.244
638.694
187.211
415.933
592.798
831.049
581.532
676.758
827.118
334.861
833.038
966.603
806.385
273.441
748.957
347.937
515.694
798.917
603.918
672.619
259.478
799.372
693.077
79.2023
209.812
214.756
292.166
758.426
836.202
619.395
499.61
394.899
647.735
302.671
624.719
606.891
587.008
266.835
519.392
546.123
752.373
710.631
650.839
95.7131
606.898
430.726
296.233
571.344
582.673
646.859
606.778
320.924
670.087
378.613
538.703
332.363
445.772
567.995
394.728
322.503
738.176
582.935
792.535
435.198
374.797
240.169
596.431
935.039
182.727
817.45
540.496
624.943
552.262
278.632
838.745
405.686
687.036
568.001
262.408
853.876
356.483
77.6209
733.877
315.197
441.091
217.276
563.703
616.417
550.353
94.0213
248.853
347.197
225.078
432.394
624.911
306.602
534.252
408.545
729.013
337.902
665.512
613.849
232.545
874.604
237.255
572.735
337.76
113.004
538.425
428.412
668.887
702.394
185.602
443.099
181.108
771.038
799.741
505.175
472.8
439.714
332.519
70.0286
523.654
76.6942
661.858
454.714
117.835
199.063
633.256
345.984
286.603
319.625
106.621
761.542
58.8218
125.897
589.91
281.945
569.956
87.1149
790.919
584.911
648.457
240.741
690.914
181.29
517.259
318.487
291.446
350.224
672.2
454.674
521.724
518.032
405.789
393.561
261.633
586.472
335.765
245.961
510.683
122.801
164.575
626.316
308.172
693.203
555.936
354.866
690.192
723.553
479.413
583.494
185.828
458.111
531.046
423.615
357.665
347.748
869.985
309.672
556.903
331.616
931.813
287.587
843.499
837.684
212.925
1107.17
374.681
820.734
399.112
196.026
770.112
648.448
877.798
950.739
194.258
520.197
253.314
1008
983.161
687.385
659.906
494.825
514.149
244.295
717.524
314.341
884.036
433.941
144.253
349.597
878.294
528.315
524.619
567.979
324.025
986.478
190.252
236.681
769.983
293.981
733.132
328.184
988.929
817.883
865.522
448.486
877.798
227.794
719.656
377.033
528.16
529.873
876.128
526.209
392.617
731.749
481.652
600.621
431.523
801.489
583.803
89.0225
746.85
144.886
290.271
822.217
110.318
938.698
786.123
322.531
937.627
963.745
688.895
795.878
361.093
552.502
775.728
571.295
251.032
779.318
639.366
878.827
233.283
573.022
193.256
455.412
848.948
548.417
1066.81
582.385
703.481
683.784
438.625
503.564
372.109
535.152
811.569
503.12
790.153
185.219
954.246
593.644
809.506
307.951
93.2631
652.228
278.729
366.706
310.026
896.688
173.876
401.837
543.915
662.43
663.811
533.034
455.906
438.244
982.605
346.702
232.155
390.738
136.4
337.378
397.126
618.567
798.497
895.032
240.104
498.514
512.925
798.386
663.774
540.693
206.787
523.978
109.59
356.71
419.644
752.979
681.39
595.37
841.965
460.964
488.529
722.471
316.471
182.88
461.244
375.686
837.265
511.544
166.048
815.331
896.643
375.421
843.87
525.29
128.888
572.409
639.135
588.573
162.496
323.736
616.517
871.931
549.278
836.599
505.547
177.102
781.159
17.0294
564.15
130.177
171.493
644.38
567.134
806.639
691.072
168.582
219.529
404.005
693.311
960.958
330.929
646.579
664.193
162.828
294.978
687.547
269.551
548.296
675.959
230.489
30.2324
686.63
176.4
257.513
381.077
141.322
651.59
244.377
349.07
762.718
502.622
756.419
187.417
937.147
501.782
524.69
421.246
852.888
133.124
371.097
118.229
255.986
540.049
816.309
677.481
716.128
658.411
183.774
262.088
82.4621
460.496
398.48
294.165
442.404
307.539
389.355
782.092
457.22
656.032
663.983
571.183
668.27
659.064
628.685
452.62
62.482
677.089
594.052
990.445
644.152
895.407
24.4131
819.503
96.2549
694.087
1026.02
544.132
1267.8
654.362
920.595
719.342
471.497
750.409
617.404
784.771
1037.68
510.432
838.842
264.055
1157.61
828.034
937.469
558.753
253.292
764.693
369.899
617.066
440.183
1074.62
123.004
415.269
619.116
903.471
778.261
694.955
658.894
539.015
1168.96
396.445
313.441
634.965
171.126
576.001
512.535
861.131
985.629
1066.26
453.715
740.055
535.157
945.656
697.095
701.52
453.769
772.379
293.736
108.301
670.201
799.531
822.295
690.974
1007.1
668.195
435.507
908.679
331.688
308.058
708.873
247.913
1053.2
759.605
95.4411
1036.87
1103.16
625.668
1005.95
613.799
341.07
808.718
748.295
794.997
966.657
606.704
897.875
677.182
202.425
755.749
292.043
576.781
82.5651
677.997
685.81
383.986
454.406
549.607
116.726
729.653
665.806
736.23
179.427
728.83
402.716
581.868
849.641
452.244
656.154
568.37
575.892
220.513
950.607
727.415
574.042
258.118
444.541
348.484
331.605
549.627
248.032
683.276
700.046
637.887
819.493
684.485
541.923
662.291
139.517
249.018
542.242
656.027
698.584
323.631
680.661
346.365
592.889
574.948
832.631
1096.05
484.62
661.892
351.164
511.118
255.29
322.49
842.72
154.353
745.553
686.54
591.711
931.307
68.9638
395.728
895.788
84.4808
119.419
499.857
269.52
545.353
796.304
262.214
251.336
624.628
1013.39
566.855
964.515
649.721
100.02
924.728
172.235
726.319
102.533
201.259
795.614
707.339
949.647
852.601
138.495
216.601
456.12
843.318
1094.72
447.889
771.765
727.948
305.221
366.171
818.37
374.354
689.064
708.12
241.205
184.101
847.254
316.509
419.755
536.847
269.312
791.137
292.959
407.265
889.261
541.361
874.142
311.204
1077.62
654.012
661.753
539.527
985.769
127.142
504.169
85
418.399
654.176
956.959
748.92
700.698
799.171
180.56
410.079
237.211
599.021
554.495
223.486
599.348
331.097
459.791
917.53
419.935
815.032
814.894
596.142
829.005
812.981
765.6
589.186
218.002
758.655
752.939
875.96
1184.44
817.825
1157.88
640.835
351.32
894.503
319.1
799.156
197.254
442.634
946.482
883.422
1118.08
910.118
387.981
131.947
699.503
838.681
1278.99
408.77
969.246
969.704
361.865
600.577
1008.27
589.886
666.721
957.992
489.418
353.956
957.435
364.247
536.425
680.988
464.591
757.214
533.69
647.8
1084.68
789.193
1080.01
510.727
1250.18
671.132
632.229
744.968
1171.87
369.688
486.498
215.78
531.601
863.713
1129.98
987.598
949.438
973.312
150.147
448.47
347.248
580.334
697.106
468.466
641.33
579.349
696.352
1099.94
666.982
853.246
966.33
846.537
879.477
825.368
946.65
566.789
383.736
992.357
876.715
804.205
71.8679
680.706
1001.62
524.645
1243.64
631.634
897.091
698.387
449.579
730.021
596.825
768.149
1014.61
490.05
817.54
239.643
1133.53
815.738
913.523
541.225
243.074
740.945
345.707
599.942
415.785
1050.22
121.4
393.838
596.179
881.907
754.481
670.542
635.072
515.155
1144.6
373.364
289.152
620.181
147.187
562.392
488.361
847.015
961.301
1041.85
430.768
726.083
514.125
921.391
676.184
677.107
433.869
756.34
283.424
130.633
651.308
778.245
798.061
667.56
982.699
644.504
418.571
884.359
309.298
283.746
693.107
235.238
1029.57
739.538
72.9452
1013.53
1079.18
606.59
981.568
590.428
329.371
786.652
765.189
144.062
788.651
957.936
862.451
871.964
532.854
1001.24
840.787
250.689
306.08
67.0075
548.402
912.432
1058.98
685.522
764.042
122.332
905.438
274.591
574.421
837.499
697.862
215.195
652.652
819.563
715.629
840.434
842.91
352.319
840.372
655.552
506.111
744.218
853.446
771.668
695.162
185.284
697.252
249.612
702.533
65.8559
718.752
841.154
490.616
94.6256
900.734
846.327
990.116
661.735
403.347
56.8243
536.183
919.348
214.245
1034.5
788.011
837.219
823.163
491.278
963.789
674.867
790.01
642.452
112.446
922.246
621.233
232.131
739.055
577.003
707.554
249.722
834.049
809.449
485.603
360.514
648.558
930
467.402
1173.27
564.05
829.451
636.028
384.879
673.983
540.534
724.894
948.555
430.119
753.958
167.863
1063.51
786.382
842.473
496.099
229.839
670.422
274.171
555.81
343.93
978.6
146.414
331
528.015
821.416
683.872
598.793
566.316
444.416
1073.27
305.159
217.412
583.815
80.1311
530.377
416.832
811.688
890.176
970.061
366.03
691.757
452.018
849.655
614.003
605.33
381.068
715.07
267.884
198.237
600.787
714.762
726.383
597.972
910.849
576.281
370.45
813.275
243.742
212.934
653.038
206.553
961.416
684.606
36.7696
946.451
1009.59
555.63
909.702
521.009
307.584
724.486
840.209
898.032
951.853
839.412
597.214
966.685
778.481
294.002
282.639
152.013
639.426
851.099
1038.67
591.156
846.845
140.118
923.049
192.961
443.597
829.422
623.258
149.843
592.044
876.727
584.511
768.826
806.575
440.446
834.641
650.711
502.524
700.241
924.701
700.316
610.128
75.6042
586.809
118.423
655.507
169.012
771.659
893.444
425.735
50.1597
844.542
873.339
952.909
657.852
318.215
125.431
404.042
790.065
206.4
1010.21
797.077
814.902
865.89
491.089
885.98
716.648
707.357
554.098
85.7088
820.5
704.026
281.455
619.526
663.133
787.749
217.35
875.018
775.016
354.361
416.043
682.528
275.77
490.31
259.077
562.466
642.358
548.625
584.511
727.2
312.014
667.942
520.078
762.214
199.023
909.035
232.215
713.786
931.001
345.689
663.121
714.006
587.227
48.6004
1009.89
694.214
500.899
451.824
333.624
331.748
399.081
517.148
148.809
667.109
715.989
790.364
857.42
826.699
526.818
847.998
69.9214
53.2353
610.575
826.291
633.331
155.052
570.996
325.615
691.217
750.603
921.947
1125.24
636.856
525.856
243.483
423.096
61.6847
398.898
791.228
130.817
735.882
718.794
756.985
918.061
236.008
563.937
935.908
275.465
186.968
641.112
76.2168
480.91
893.758
429.535
958.02
192.824
723.221
186.625
119.754
753.638
653.914
896.255
852.716
47.3814
307.415
363.589
868.733
1031.82
501.63
705.252
635.022
339.37
283.099
755.414
306.804
725.397
609.539
146.697
183.807
824.002
352.639
411.76
506.57
228.107
828.689
206.206
317.8
822.434
444.671
801.729
261.266
1020.77
676.727
701.602
472.822
922.892
61
547.096
164.794
412.323
582.404
901.138
657.925
601.752
745.017
269.091
439.046
259.471
637.472
524.218
131.126
614.357
235.136
372.779
857.315
322.572
824.151
772.243
497.213
832.669
832.544
708.308
629.393
210.459
670.779
725.441
766.016
373.591
835.311
913.302
664.641
745.58
813.108
314.341
942.306
782.311
1007.66
113.018
983.855
491.725
871.849
1139.8
621.381
916.965
854.515
838.013
236.019
1236.13
963.013
775.753
513.134
609.173
588.014
612.67
783.822
137.525
930.345
966.164
919.994
1096.84
970.648
787.813
910.02
289.928
266.182
827.602
924.762
907.979
423.037
844.908
583.205
884.375
839.974
1123.83
1371.12
769.332
792.732
519.077
698.697
326.466
606.202
1064.6
364.198
997.405
960.355
866.282
1182.15
249.177
673.553
1174.49
288.721
172.627
788.316
337.44
754.475
1088.13
546.158
554.171
129.321
187.883
642.085
567.934
806.38
680.389
185.456
210.297
417.097
679.007
962.535
313.955
650.202
675.433
146.632
307.275
690.056
278.352
532.731
689.604
246.911
38.4708
680.218
160.066
249.874
377.69
148.762
635.978
258.94
362.022
765.882
516.257
761.065
194.466
937.341
487.763
508.781
426.804
854.751
150.013
354.746
120.067
247.881
545.77
816.589
687.978
732.105
658.894
175.866
246.982
67.72
444.649
394.933
311.006
429.499
322.94
401
783.537
474.046
643.944
661.762
585.491
657.027
645.49
630.08
436.606
64.6375
686.562
588.782
665.03
643.479
303.371
372.156
473.621
130.614
693.179
667.76
670.928
261.467
654.364
427.014
499.353
771.415
443.68
597.566
486.039
517.677
286.923
875.855
680.617
546.111
193.298
438.308
311.464
265
507.051
327.611
631.542
638.048
556.217
750.267
602.1
493.433
590.628
189.694
310.305
469.004
577.779
664.118
352.241
664.994
311.13
513.375
498.271
753.284
1027.17
402.614
659.019
350.721
491.725
302.209
253.553
800.546
168.671
690.627
620.197
512.024
875.229
133.795
316
825.46
118.533
201.162
417.31
315.087
515.016
716.009
181.276
252.792
770.795
696.94
935.694
787.036
210.281
121.297
507.23
759.159
1091.08
351.118
776.357
775.403
226.108
405.08
817.702
392.719
599.308
771.822
305.059
160.112
802.581
235.034
371.732
505.737
268.794
700
341.459
454.26
892.693
600.421
885.352
314.797
1066.59
573.468
570.202
549.482
983.05
184.272
412.496
22.3607
368.62
667.872
945.81
792.047
784.073
788.041
82.5409
330.097
176.618
508.847
522.793
317.227
525.381
393.215
500.96
912.172
508.035
742.69
790.514
662.302
760.805
732.992
758.742
498.085
192.338
795.651
713.798
643.283
538.358
779.941
774.086
72.6223
369.195
257.002
816.168
912.706
494.841
585.8
528.138
320.095
165.584
636.519
188.308
688.42
519.05
59.0339
157.544
725.656
334.307
337.427
407.443
136.565
791.08
91.9239
206.495
702.877
347.794
682.026
156.259
903.1
624.942
669.551
353.669
803.853
74.3236
524.047
231.249
339.978
462.65
783.962
548.082
545.177
628.809
330.074
404.599
238.214
605.486
424.679
157.178
555.742
141.174
258.536
738.925
288.062
754.774
661.399
410
757.724
774.052
591.068
599.854
165.463
557.412
624.887
133.454
184.708
358.734
711.2
818.307
549.855
556.795
365.297
654.753
224.644
545.55
592.663
525.929
193.205
463.056
583.693
673.76
655.812
616.893
170.699
594.515
411.597
265.836
528.796
630.971
590.028
541.092
255.392
595.733
307.924
492.392
315.246
479.427
601.768
326.553
277.671
693.62
596.419
761.988
417.195
297.113
205.056
517.248
858.094
107.424
796.394
538.157
600.354
578.218
249.425
783.719
428.882
625.346
499.217
209.239
786.72
415.486
19.8494
657.779
377.576
496.971
138.6
588.335
582.581
471.301
122.102
242.671
458.039
609.125
760.886
419.687
633.622
395.682
643.093
129.711
420.315
547.43
406.208
136.682
351.729
626.039
543.943
543.283
537.811
291.602
552.328
368.09
220.239
438.138
690.279
475.467
415.159
217.267
462.385
243.132
396.676
370.645
519.711
637.075
200.212
289.608
595.887
597.778
685.131
375.215
165.342
249.804
395.289
725.262
91.8368
734.233
515.45
537.372
601.24
209.659
669.64
455.247
503.719
370.049
216.779
658.092
500.073
144.734
524.47
469.265
573.308
65.2993
608.74
504.707
352.626
209.745
498.868
851.16
992.313
635.083
711.765
182.003
839.295
229.02
546.284
770.528
640.739
169.106
592.284
759.459
686.385
781.793
777.781
300.128
773.372
588.586
439.229
680.343
797.328
713.259
641.264
163.976
654.007
232.215
639.285
132.774
657.417
779.976
432.733
113.842
838.475
781.015
924.861
594.751
353.504
27.5136
509.778
887.244
151.238
968.073
721.254
770.829
760.066
424.325
906.391
611.268
734.761
590.123
83.006
873.471
568.507
166.628
700.748
525.449
654.129
190.192
770.67
744.168
459.164
297.859
823.343
780.249
793.698
217.938
670.107
519.412
576.789
872.86
562.601
724.945
551.69
645.487
321.1
985.268
811.046
674.167
199.279
555.793
441.101
390.083
637.64
319.789
761.215
763.398
612.001
868.746
666.643
623.82
597.443
254.126
353.617
584.008
610.912
793.94
440.202
788.381
440.393
613.007
525.816
851.066
1145.16
465.783
774.918
463.971
616.432
368.416
377.011
931.159
268.794
819.288
742.278
554.196
1003.17
82.2982
365.168
942.257
37.0135
166.379
490.697
382.941
643.699
810.139
248.783
331.266
318.823
849.746
985.215
499.289
658.401
590.623
330.407
235.847
708.941
260.465
712.208
570.148
102.786
167.386
786.637
344.246
382.577
468.393
190.515
815.531
159.261
271.768
775.496
402.866
754.418
219.738
975
657.56
690.275
426.169
876.334
35.4683
538.625
187.92
383.892
535.179
855.615
612.699
573.847
699.946
292.098
425.34
248.073
625.931
485.924
125.607
592.295
192.603
326.198
811.142
300.27
798.415
729.603
458.556
804.734
811.138
662.725
618.78
188.308
624.604
687.071
618.819
719.025
1156.44
290.911
852.789
882.805
230.243
512.442
888.83
488.595
549.819
887.249
423.707
248.284
825.632
232.332
407.07
553.687
359.006
644.857
454.582
564.639
966.611
714.717
966.137
404.5
1124.81
545.322
516.876
634.619
1050.3
303.916
365.034
143.586
401.908
753.558
1005.18
896.815
905.108
849.608
39.3192
317.309
223.806
461.088
569.379
437.321
511.682
510.354
607.674
977.663
629.292
725.466
838.15
779.092
750.249
701.833
824.963
448.286
273
896.561
745.749
898.721
731.098
679.472
411.364
271.86
510.185
112.178
470.333
176.301
810.812
273.651
216.899
379.297
682.358
523.206
430.93
406.054
284.83
905.862
165.952
55.2268
518.376
101.651
479.885
252.723
740.374
723.16
802.207
224.758
626.867
330.796
683.343
486.368
437.471
282.236
630.914
294.496
363.918
494.85
580.539
560.509
442.235
743.121
417.538
307.729
646.372
131.605
52.2015
574.345
239.353
801.18
563.405
177.792
788.977
845.819
450.285
742.122
366.895
310.654
581.868
886.163
429.979
760.552
1026.84
538.098
810.583
744.911
731.055
173.77
1124
863.774
685.118
412.059
526.977
484.955
500.899
683.98
116.043
827.72
858.516
812.08
986.526
861.121
684.842
814.661
192.2
210.038
715.329
821.901
816.178
354.001
766.625
480.73
771.373
738.196
1010.82
1261.59
660.21
724.752
433.417
611.287
258.436
493.982
969.875
261.222
893.678
850.756
761.139
1079.17
143.283
566.714
1063.9
187.096
60.407
677.685
271.892
661.447
975.185
436.818
1017.91
327.758
575.501
939.994
760.277
276.626
725.069
940.773
715.017
905.525
931.273
474.607
943.891
758.589
608.52
827.732
975.734
836.787
749.096
213.338
726.154
256.416
784.003
80.9568
839.209
961.736
559.047
109.018
977.018
961.462
1078.42
765.215
455.95
160.256
535.303
921.02
307.405
1129.91
897.181
933.034
942.033
594.96
1024.19
793.142
846.138
693.412
179.067
960.509
743.455
347.908
756.487
699.087
829.825
332.488
952.58
898.755
486.988
479.839
761.537
900.29
175.57
568.79
779.772
507.685
259.095
948.926
552.819
338.018
610.381
161.447
288.626
424.2
398.6
354.452
546.642
626.204
860.349
780.854
880.102
426.752
969.704
268.888
225.978
593.102
921.251
463.897
80.0562
364.033
280.644
699.449
858.21
901.404
1025.62
717.909
301.445
132.242
256.628
171.572
433.52
624.667
258.474
616.093
647.121
847.77
782.8
453.855
673.401
856.976
485.676
417.944
707.427
158.155
331.436
884.905
553.809
330.938
651.448
432.634
60.075
399.091
755.622
466.889
577.779
616.424
395.258
658.001
478.465
337.74
508.744
819.689
509.03
423.946
117.516
425.042
118.6
463.609
329.237
649.327
766.198
232.775
219.713
651.584
720.895
761.978
486.079
130.035
221.199
298.751
663.114
121.824
822.925
631.349
629.743
729.011
330.082
697.215
584.11
520.265
369.709
162.985
647.656
624.54
225.621
472.697
591.23
700.152
86.6083
736.055
585.601
250.46
328.77
744.731
370.734
384.397
403.15
978.237
141.283
488.382
636.969
711.408
756.167
620.897
534
531.507
1061.25
436.394
321.96
389.166
200.891
326.671
490.295
611.965
878.012
978.294
320.512
490.887
602.244
886.784
755.149
628.669
259.856
530.925
40.4475
346.468
450.991
845.457
771.265
688.57
926.892
537.239
566.255
802.861
400.704
275.153
466.669
431.863
904.634
550.542
194.551
879.614
968.23
409.796
929.422
618.54
89.2749
627.951
398.363
680.537
343.827
386.964
782.367
377.661
164.83
595.617
14.2127
181.951
331.809
226.108
490.026
371.673
455.927
760.345
611.837
768.625
258.874
903.302
349.314
362.305
454.028
836.264
295
208.331
230.489
175.824
568.755
785.143
750.033
851.049
632.71
216.393
105.076
82.807
298.292
346.244
455.897
299.282
440.868
481.739
762.717
607.715
516.605
612.434
686.63
535.464
508.671
612.594
290.028
155.901
739.124
515.83
487.016
80.2621
711.562
385.695
145.661
269.091
637.107
411.501
331.76
335.44
172.696
809.139
77.8974
57.5674
547.922
213.694
521.791
142.664
757.673
628.952
700.611
208.087
652.32
239.069
575.897
385.199
337.617
305.085
641.393
387.071
463.849
492.042
474.853
452.436
330.121
640.02
349.757
265.927
553.087
100.08
95.8801
591.331
278.442
723.25
542.112
288.406
716.034
760.377
450.627
638.101
255.131
393.174
534.575
448.612
753.68
522.41
631.368
657.606
362.008
686.073
503.019
356.523
552.305
811.377
562.492
481.096
80.6536
485.083
116.211
508.089
271.536
647.409
767.003
282.936
167.61
700.403
733.913
804.279
510.314
188.223
161.245
350.224
720.675
85.9069
860.43
651.887
665.06
734.139
346.302
752.495
586.491
576.771
427.675
104.752
707.255
605.578
189.447
531.956
569.354
684.634
73.5527
742.214
625.768
300.554
308.359
635.788
441.277
192.855
240.333
563.962
355.968
255.501
256.815
130.269
732.145
127.475
128.888
516.519
275.545
499.796
87.2067
714.813
550.837
626.343
166.331
616.117
252.507
507.765
375.329
261.811
279.866
595.83
412.167
538.02
441.372
453.322
385.539
285.507
566.919
271.713
320.663
474.587
174.889
139.474
550.681
357.693
643.005
480.313
353.327
636.089
680.445
402.975
565.831
217.702
408.431
461.407
1058.15
740.86
544.898
476.732
374.386
380.296
445.466
564.454
103.354
714.795
764.53
829.015
905.994
867.291
574.882
877.545
106.381
36.7696
657.951
860.945
677.379
187.299
608.922
374.124
736.764
783.526
968.669
1173.8
675.012
558.28
286.918
466
90.471
444.632
836.075
176.139
783.724
767.375
792.752
965.469
240.753
598.228
984.481
284.086
176.491
681.235
101.966
525.985
939.831
463.036
468.728
652.157
835.13
795.11
685.44
623.6
558.033
1147.31
433.005
328.824
530.352
173.349
467.898
523.651
753.076
962.851
1053.94
408.721
632.048
589.377
946.71
750.169
692.708
378.867
671.619
180.469
206.002
584.455
848.398
825.841
715.816
998.206
630.013
516.643
886.163
379.116
301.811
607.425
347.932
1009.64
680.537
112.929
988.561
1067.08
541.607
998.868
640.532
230.471
746.113
216.261
750.011
391.87
380.865
434.333
179.825
843.021
68.884
172.409
693.436
300.273
667.192
187.243
901.16
673.647
723.163
349.847
797.341
121.066
579.912
283.007
384.232
450.708
783.751
511.297
486.729
631.672
384.419
459.2
296.319
659.365
450.933
128.133
602.649
90.0278
228.674
735.291
230.054
796.262
673.148
357.946
796.624
819.787
591.692
654.248
222.146
525.038
648.038
663.178
178.933
236.662
354.742
111.4
648.238
222.913
324.154
732.628
478.845
726.187
157.42
908.038
493.028
522.917
391.042
823.116
132.484
372.163
147.323
235.85
509.868
787.175
649.537
698.772
629.21
213.178
257.992
82.0366
458.568
372.263
292.139
430.768
288.406
362.598
752.469
445.502
642.059
636.431
548.78
652.485
648.769
599.103
451.536
34.4384
648.346
569.351
593.385
431.066
318.416
596.39
502.188
689.94
663.591
416.395
741.631
474.305
569.407
405.317
382.816
502.248
458.904
411.695
763.024
539.424
798.339
433.97
456.265
326.879
684.877
1011.75
277.146
811.006
516.601
626.007
495.308
301.04
877.096
356.261
736.767
630.251
355.49
910.982
269.007
172.569
809.01
225.375
355.238
308.934
507.988
629.289
640.073
102.591
185.311
335.394
239.477
477.319
385.592
469.068
766.079
624.854
775.482
271.488
906.124
339.025
349.275
463.276
840.686
308.819
194.7
240.41
178.807
577.294
788.401
761.003
864.912
636.808
220.771
95.0842
96.8969
285.391
349.401
469.774
290.991
454.855
494.217
767.042
621.924
508.276
614.239
699.844
528.095
498.514
617.571
276.886
170.074
749.475
515.272
150.083
201.675
477.386
342.808
384.241
583.422
527.57
596.849
199.985
721.36
298.466
371.372
306.472
655.653
352.841
265.962
367.289
8
410.824
603.248
618.502
793.522
451.593
386.875
156.387
195.451
313.337
164.295
494.243
224.143
409.401
388.96
581.946
594.445
417.441
431.419
606.001
422.185
439.208
433.389
313.5
204.414
598.913
342.778
278.525
527.365
377.809
373.484
437.175
487.899
456.169
251.199
571.959
344.048
448.357
215.824
505.958
445.576
384.173
497.757
156.707
293.205
453.375
523.29
764.463
301.684
530.849
295.381
334.527
402.449
17.72
560.258
269.453
431.602
355.625
432.185
613.881
395.406
285.659
564.385
383.308
445.018
285.33
407.462
320.306
494.726
218.874
665.77
151.855
230.17
625.66
386.39
616.631
46.1411
808.617
494.171
548.78
280.692
719.034
167.147
412.826
253.476
204.707
399.205
687.867
541.937
627.646
529.975
324.464
289.43
158.455
485.808
296.152
293.743
422.83
221.775
260.325
649.708
401.031
618.581
547.793
460.619
621.161
640.085
497.105
481.918
87.4757
538.674
497.395
815.339
861.032
883.233
999.256
926.883
674.437
907.505
184.459
129.808
742.645
904.055
780.72
287.543
710.282
471.653
813.352
822.832
1049.25
1269.59
729.208
655.705
390.267
569.324
192.2
524.183
939.298
261.276
883.856
861.019
839.372
1066.55
238.504
643.311
1077.62
284.972
153.769
740.854
202.072
629.115
1017.69
508.885
114.586
624.873
260.156
599.608
142.888
832.303
640.447
700.049
281.055
728.54
166.235
564.416
320.478
347.282
382.341
715.008
456.162
479.466
563.366
415.944
441.192
295.256
637.348
393.754
194.281
566.912
70
167.215
666.408
251.813
751.661
607.049
326.879
748.949
780.933
523.107
633.66
218.009
466.024
587.532
535.765
156.311
503.15
199.722
752.604
679.559
754.603
215.188
642.722
280.777
632.248
433.687
390.437
294.002
639.447
341.669
409.422
496.162
526.541
508.979
387.198
694.629
386.43
277.087
603.172
97.4166
57.4891
585.834
247.588
766.198
556.008
230.868
756.535
806.988
452.832
693.098
311.708
352.982
561.729
519.008
68.2642
580.725
227.879
723.011
843.499
350.237
109.142
769.025
813.927
878.635
590.753
243.016
144.309
351.104
734.173
154.263
937.551
732.541
743.022
812.252
426.919
811.121
663.962
632.843
480.101
81.0062
750.061
670.862
246.984
556.36
632.453
752.144
153.287
820.635
701.377
300.466
375.84
469.848
354.175
746.422
815.542
898.806
285.911
627.889
419.577
783.307
579.007
534.395
305.5
645.652
232.725
276.899
525.549
676.013
660.894
543.468
840.696
497.434
366.456
738.546
210.278
138.679
584.812
239.301
882.558
606.831
78.492
867.001
932.035
480.283
840.212
467.732
262.932
644.445
570.8
285.449
760.919
879.478
336.265
164.305
750.959
838.774
870
604.494
220.002
212.002
287.656
672.935
201.467
935.252
749.947
744.066
844.37
448.152
780.193
698.035
600.541
446.154
149.218
705.252
721.645
302.319
501.139
685.044
800.845
186.304
851.848
696.455
237.428
424.514
766.557
498.016
561.894
234.71
675.163
201.308
433.555
299.201
204.612
353.115
645.998
499.264
605.231
488.436
370.3
309.963
198.305
500.258
268.419
310.177
424.125
209.745
222.926
606.436
394.463
610.571
511.05
430.275
609.743
638.161
454.401
497.646
131.898
494.495
468.782
778.081
900.169
551.421
121.149
963.998
909.633
1055.3
727.522
459.164
120.88
572.647
958.345
278.927
1100.26
853.129
902.976
884.129
557.097
1023.47
736.484
848.281
698.863
166.784
975.222
672.771
296.355
784.021
627.688
759.421
312.618
895.295
874.669
522.69
421.925
122.577
558.71
757.034
623.978
188.854
579.435
293.466
633.108
680.924
867.021
1087.07
569.148
546.255
244.24
420.077
116.043
341.867
777.988
77.0065
707.698
677.575
688.1
892.261
185.011
494.514
893.819
218.893
159.531
574.891
130.108
469.256
836.854
359.874
657.793
879.424
655.19
157.801
580.595
364.742
741.189
803.5
970.216
1164
690.047
526.582
265.515
442.832
64.3506
448.974
814.863
182.332
769.462
760.14
810.195
949.544
274.361
617
977.271
316.653
212.85
694.035
72.6154
505.684
943.001
482.446
450.184
418.81
571.508
533.841
314.434
119
433.974
313.847
561.384
284.079
602.177
461.391
416.432
606.931
221.4
473.668
482.996
303.98
173.277
386
460.185
602.496
341.053
358.276
583.991
658.368
242.572
609.883
362.491
292.441
359.78
868.009
868.116
970.151
662.499
348.891
86.3308
451.666
837.225
204.472
1023.14
797.847
826.628
855.147
493.222
916.856
705.686
739.45
587.616
73.8241
859.176
678.657
262.718
663.596
636.435
763.574
225.364
864.919
790.793
401.617
398.015
503.254
162.111
353.747
531.041
843.993
622.397
602.224
687.285
264.6
390.466
212.758
590.854
463.228
161.075
559.572
210.262
332.73
801.455
332.036
767.208
712.329
478.94
774.566
778.283
651.384
583.6
154.952
631.557
664.446
422.797
258.147
670.671
801.242
884.34
1038.59
667.041
371.559
123.713
290.601
97.0155
390.836
664.003
183.87
634.414
646.296
795.314
809.091
373.846
614.415
860.933
406.133
338.999
660.662
85.6154
358.621
863.69
489.695
364.622
651.872
934.444
772.265
761.715
776.503
104.695
335.345
173.902
518.568
514.995
295.63
529.004
371.389
481.058
899.69
485.831
746.067
781.64
640.45
762.913
738.919
746.363
508.214
180.693
776.582
708.107
418.808
609.606
626.381
799.798
458.345
382.256
148.408
192.107
306.366
170.602
496.568
219.672
414.238
395.831
588.766
599.03
415.289
437.001
612.801
420.894
435.587
440.511
306.349
204.061
606.875
346.677
348.695
239.91
561.178
220.055
721.177
567.208
534.63
695.508
292.323
568.243
560.721
390.565
239.704
292.617
520.009
645.988
305.853
362.25
620.019
712.067
174.797
700.179
481.486
204.502
368.973
493.697
873.781
158.051
980.173
738.645
782.882
782.407
439.005
907.308
633.318
733.965
587.185
64.2884
868.36
594.916
187.856
689.94
552.091
680.356
192.899
792.794
753.834
443.005
321.069
386.186
419.935
860.035
771.125
697.323
920.483
525.245
594.909
792.738
425.319
291.247
429.409
467.549
885.836
521.211
233.225
859.265
951.696
380.033
923.639
629.365
50.6952
604.405
776.354
865.915
914.887
774.313
1103.78
774.247
481.416
1010.29
411.013
410.844
809.862
283.044
1159.39
867.012
203.416
1143.83
1207.8
732.083
1101.95
697.177
435.718
916.992
823.772
593.566
626.598
660.439
288.765
757.05
511.531
587.715
447.475
130.648
734.202
520.255
105.119
580.673
483.62
600.033
45.2769
669.288
595.947
372.109
223.394
310.981
197.294
468.466
546.996
399.445
507.551
471.208
570.307
950.916
590.526
723.412
816.241
740.033
746.067
704.409
797.803
456.327
239.727
860.645
728.234
179.627
201.229
306.026
549.532
197
511.165
524.615
724.079
687.401
413.937
557.413
738.241
435.184
403.63
580.328
195.256
240.204
753.53
446.927
378.556
351.013
373.402
362.559
363.324
418.747
754.138
526.211
577.832
620.181
616.3
592.143
577.966
601.269
371
77.2528
690.978
538.08
404.975
750.514
149.466
706.938
702.181
784.268
886.242
294.898
594.651
919.061
332.415
248.652
660.674
14.7648
441.426
895.221
462.65
577.125
268.509
446.598
366.662
419.402
628.143
385.149
269.268
573.386
371.442
437.343
274.345
410.581
337.831
495.245
201.246
710.484
179.836
334.332
856.986
198.567
911.68
800.941
404.085
914.901
929.225
716.208
743.646
310.337
616.572
775.372
633.461
600.621
634.833
818.587
217.332
445.486
816.816
238.663
218.888
513.219
159.48
404.684
763.692
314.568
154.509
681.51
185.93
813.488
641.278
269.091
808.718
845.774
545.279
703.395
286.252
442.224
634.194
532.253
288.043
751.003
513.128
217.166
738.047
797.186
403.366
701.852
346.013
298.886
529.684
810.354
618.341
196.064
627.288
577.572
702.043
153.457
793.766
719.836
378.716
331.038
999.108
800.95
243.311
993.542
1031.62
689.604
881.785
452.135
501.462
808.935
424.647
958.219
46.4866
86.7006
540.19
309.627
613.705
847.67
297.321
667.569
385.572
507.19
141.209
604.966
602.137
474.457
135.37
941.576
1009.05
535.762
918.491
539.831
274.532
713.711
132.575
505.903
347.001
622.801
819.664
262.528
617.292
263.139
623.343
915.645
376.666
668.697
566.404
333.294
243.403
435.285
899.073
473.57
626.024
535.121
562.338
