90
869.319
617.156
932.708
476.051
489.286
230.054
938.448
592.308
807.428
843.908
812.003
739.643
496.855
186.55
135.248
518.661
600.011
543.568
212.302
300.341
369.78
509.284
886.677
618.612
415.222
982.497
974.69
463.971
772.581
317.473
500.764
451.638
684.547
706.725
533.886
642.568
233.9
593.334
662.035
856.51
659.994
819.979
942.753
562.755
598.239
580.704
679.3
543.869
819.881
441.589
775.957
652.038
519.3
714.86
974.678
1026.8
875.189
656.726
651.193
579.726
256.5
844.171
407.276
267.092
843.921
672.027
920.659
557.129
315.527
554.203
1025
496.303
949.04
374.253
831.791
603.693
486.31
574.91
415.886
477.386
814.433
202.252
359.924
339.087
569.752
280.615
928.472
697.814
599.888
519.086
637.38
399.906
429.042
665.92
268.911
443.879
502.864
538.699
292.611
377.619
402.657
697.923
736.614
921.816
380.49
453.998
787.109
577.159
839.193
562.617
263.105
405.188
456.711
186.698
149.265
446.754
416.29
663.54
423.052
1048.56
378.857
186.783
715.549
486.963
848.616
488.431
448.038
256.394
698.011
181.706
158.808
314.759
344.154
420.22
435.601
774.154
307.774
998.061
687.797
278.627
868.168
224.537
109.275
177.553
620.671
254.961
549.414
351.753
618.026
128.891
476.388
817.025
109.225
296.971
478.072
344.768
776.093
345.672
220.477
848.269
470.511
776.516
684.255
473.025
464.053
540.693
700.521
503.191
614.245
707.142
595.638
770.704
666.019
588.759
206.293
645.368
812.597
322.845
417.901
512.153
395.051
747.302
89.0898
191.086
226.85
280.794
703.035
478.612
440.092
532.798
423.798
585.95
120.814
433.029
466.979
816.51
683.371
716.063
628.637
406.159
514.2
532.738
234.344
755.024
628.064
209.067
584.781
661.68
490.292
825.574
38.0132
466.901
683.053
701.795
693.17
183.439
612.922
484.109
312.194
542.498
123
704.586
264.56
277.894
530.533
222.524
531.185
366.958
548.574
617.603
692.501
267.825
506.949
48.1041
210.238
403.725
592.393
301.264
422.303
426.38
575.147
311.328
251.287
363
254.443
738.832
352.433
343.064
771.967
256.766
52.2398
179.234
714.06
736.995
157.762
213.263
575.013
587.266
744.834
810.847
427.87
697.697
149.405
295.256
706.385
797.847
716.128
904.055
381.274
160.103
114.061
347.416
934.508
761.577
760.848
855.033
610.005
846.405
429.382
735.772
784.92
1135.62
974.977
889.027
888.235
709.412
530.457
569.506
544.031
984.992
944.111
511.517
800.122
905.045
697.597
1126.05
308.328
755.89
955.871
958.259
874.142
310.852
790.266
522.051
575.201
799.308
409.959
956.283
462.109
331.183
748.003
194.659
767.803
558.073
761.846
700.835
773.875
57.9396
738.777
282.936
475.909
726.521
751.066
614.974
710.018
528.213
809.996
168.867
522.389
648.944
526.502
842.732
558.29
191.859
1088.47
138.08
353.553
493.593
994.748
1047.15
479.31
120.167
897.337
897.937
1062.95
1103.42
748.826
843.072
248.871
445.88
94.255
301.496
477.066
335.181
547.212
593.257
438.043
328.927
62.1289
321.549
341.211
674.521
186.51
297.249
439.21
178.101
472.271
268.955
428.225
226.049
62.434
539.727
522.12
191.588
377.033
280.318
209.308
744.527
276.409
230.688
420.601
413.176
506.622
267.301
297.619
398.328
578.775
348.97
499.985
140.869
156.08
302.275
305.125
572.347
452.232
702.567
640.406
188.112
633.698
245.051
501.695
551.044
660.767
185.311
465.907
230.783
240.601
368.782
151.648
487.911
397.217
220.411
613.795
184.613
467.508
180.422
550.186
607.885
629.84
414.162
671.722
370.108
246.953
296.162
354.686
285.296
618.259
307.417
216.91
398.664
397.452
198.595
458.033
564.646
629.791
352.239
449.324
429.197
638.161
684.288
515.8
264.017
36.8782
361.732
355.563
751.501
116.662
391.481
491.757
194.165
413.207
177.53
397.413
148.034
125.515
588.524
564.865
284.271
307.002
235.104
303.463
805.99
208.331
244.166
333.378
507.167
559.473
175.14
214.283
367.267
671.611
336.583
549.946
225.229
109.128
396.093
224.956
658.472
530.941
767.419
734.654
168.077
713.81
233.105
521.009
559.523
753.252
180.71
560.162
321.995
286.568
369.242
236.358
546.996
448.51
182.945
698.962
275.481
534.692
271.389
544.923
687.471
713.001
351.65
765.8
464.284
340.156
201.921
282.209
377.235
711.758
298.458
167.075
342.761
305.712
234.58
443.001
658.727
717.173
778.36
363.123
582.818
621.355
582.898
616.075
343.919
45.1885
140.759
429.141
468.523
313.9
139.617
172.8
458.855
449.721
729.721
499.41
240.42
762.42
758.428
237.356
659.001
303.78
273.002
455.267
560.53
522.56
540.889
417.337
207.408
504.906
560.365
699.818
469.665
648.012
723.202
351.682
450.574
350.682
573.593
387.057
590.371
419.719
575.601
489.565
404.98
545.573
774.231
833.202
659.595
485.774
433.222
353.278
66.1891
661.891
190.066
196.573
627.475
519.978
692.719
335.538
197.018
333.089
842.948
378.122
720.385
430.081
627.135
376.617
256.301
507.137
426.823
248.568
600.826
206.323
300.217
396.536
552.815
121.078
756.625
494.309
448.88
662.397
763.521
801.949
557.044
238.019
443.211
797.949
804.157
1113.79
344.479
657.03
914.893
640.262
796.055
499.925
52.811
339.308
538.964
430.308
385.13
608.449
243.971
662.814
598.587
1211.13
278.657
270.416
619.727
720.584
981.759
403.091
335.149
82.3468
930.678
138.232
414.609
469.864
340.243
632.388
316.04
981.726
573.001
1165.44
938.22
289.803
1064.83
233.362
247.988
216.67
884.096
292.91
784.847
548.854
717.471
156.895
608.238
959.682
376.83
266.43
746.748
522.565
931.719
521.444
148.529
1041.78
739.39
734.26
941.336
696.646
644.846
450.537
650.841
688.397
872.222
746.065
599.368
741.151
559.578
672.434
64.5136
886.443
1028.52
229.732
273.24
241.57
614.007
394.677
407.946
493.17
481.506
498.462
50.6063
429.042
404.883
755.488
603.096
629.667
541.202
330.103
462.654
475.101
162.788
666.003
563.035
130.92
626.101
573.01
402.424
749.328
78
473.814
597.809
614.235
606.172
270.512
526.842
428.921
223.504
454.463
34.2345
616.578
330.341
244
572.917
308.315
442.113
426.456
459.991
546.48
619.99
331.006
417.873
134.629
121.149
357.834
508.812
234.053
432.209
358.939
486.083
330.385
162.788
377.637
166.09
661.508
408.179
357.351
707.384
336.618
37.0135
114.856
630.639
666.42
114.978
284.201
523.115
516.949
682.388
731.28
372.239
614.638
238.103
369.947
46.1411
211.284
778.165
601.791
628.004
717.975
565.732
686.715
279.804
623.465
634.329
984.659
815.457
744.097
728.679
552.75
429.511
461.649
391.429
829.113
791.324
357.09
744.737
747.011
543.176
967.435
165.484
654.413
795.815
799.081
727.116
266.541
643.078
411.461
415.12
639.727
255.29
797.529
404.527
197.649
690.548
200.412
609.883
509.215
607.148
579.677
655.122
123.321
581.227
166.301
316.471
584.907
607.843
463.148
609.152
394.707
652.534
127.142
362.851
548.763
366.995
717.447
501.818
161.447
935.515
183.175
207.685
344.426
834.665
891.159
337.018
113.088
752.358
742.631
911.285
943.835
601.805
704.904
196.01
410.329
246.089
822.438
647.927
666.483
757.856
576.753
732.462
322.796
655.626
678.122
1028.69
861.567
784.077
774.354
598.201
453.035
487.804
435.615
873.212
835.801
401.796
760.059
791.98
586.598
1013.39
205.251
683.345
841.81
844.569
767.844
272.985
683.797
438.248
461.235
685.412
299.933
842.82
418.073
231.145
706.259
187.579
654.782
521.177
650.713
610.983
685.81
82.1523
625.96
195.502
362.548
625.988
647.063
507.174
637.734
429.792
697.244
117.72
408.95
576.876
413.088
750.507
516.048
152.053
980.076
157.544
249.018
387.448
880.774
936.5
377.751
91.9239
794.605
787.772
955.492
989.955
644.529
742.428
202.339
417.106
600.231
479.31
625.492
698.015
704.548
534.06
280.195
666.277
573.984
907.618
689.429
541.709
573.027
466.12
235.646
259.879
349.193
648.891
712.733
311.718
862.212
577.9
361.487
848.005
242.981
714.154
649.224
637.803
527.402
436.835
443.786
209.602
297.607
486.807
239.416
632.602
544.39
17.088
808.323
403.854
442.832
647.624
425.248
369.177
444.936
328.093
412.672
294.07
236.019
561.103
403.656
413.552
673.267
183.807
481.769
200.025
270.007
619.195
273.923
506.175
633.184
204.431
851.185
394.081
252.385
328.055
694.603
792.429
347.667
323.867
706.244
653.171
833.406
813.881
558.127
496.79
374.61
569.042
274.782
625.32
610.249
1003.2
147.557
590.872
755.661
455.505
560.115
265.59
188.521
121.165
381.65
564.316
525.513
506.759
52.0096
441.947
511.825
1068.61
55.9732
238.805
382.426
686.531
823.411
167.371
97.2522
165.922
880.186
201.943
534.939
391.414
173.349
580.042
78.0256
894.723
617.308
1028.69
918.589
172.142
961.353
175.046
421.1
423.515
901.13
198.457
748.067
493.009
550.549
257.031
479.752
809.944
456.397
128.141
800.178
452.399
794.424
449.539
375.033
935.836
803.197
499.12
936.84
651.003
556.519
212.85
415.578
599.14
873.341
539.431
384.178
508.523
323.149
498.439
265.415
852.009
949.658
357.897
361.885
731.755
128.693
358.23
483.364
197.231
444.653
214.245
392.338
166.138
106.892
557.409
535.217
253.712
320.952
261.354
270.647
794.151
220.513
220.819
370.239
472.553
551.153
205.353
236.603
362.112
640.835
323.543
518.476
188.404
106.832
361.311
245.024
633.202
494.37
753.915
701.122
155.184
692.275
218.563
497.966
540.15
717.354
162.086
526.51
285.883
279.63
351.71
211.265
535.84
416.472
178.362
662.085
239.353
519.7
235.296
530.356
666.219
676.173
383.836
731.263
430.116
308.989
235.975
316.661
347.416
676.491
312.879
193.83
373.08
342.257
230.868
431.706
625.953
691.064
99.0202
449.003
478.351
358.521
138.221
171.843
424.7
441.811
748.276
506.423
259.237
800.538
795.068
278.065
666.108
282
314.516
456.344
569.414
547.902
521.096
462.524
203.273
504.464
563.735
718.168
510.236
670.357
761.079
385.406
464.596
394.867
578.07
420.529
633.331
425.208
618.115
508.193
429.703
566.593
805.494
862.448
704.194
506.859
477.913
394.032
81.4923
687.292
225.4
202.596
664.034
535.919
737.738
373.738
216.023
371.055
868.816
403.22
765.271
400.185
670.358
421.77
300.06
501.998
404.317
293.557
645.174
174.634
288.139
365.657
537.708
127.35
779.359
537.142
481.785
533.814
468.087
442.793
210.95
165.109
330.492
394.555
752.606
489.102
280.922
856.15
846.13
349.252
645.635
212.925
387.093
514.806
554.661
571.79
448.654
552.826
264.834
471.068
537.061
722.403
609.199
684.799
816.199
434.416
464.175
476.366
553.48
517.496
707.334
491.35
716.3
517.035
519.773
579.68
841.124
892.202
798.884
521.483
572.44
462.508
137.361
709
285.675
277.953
715.957
537.855
823.454
435.032
304.258
431.765
889.77
493.855
849.57
312.2
767.87
510.471
380.879
458.782
329.091
381.121
740.679
92.5743
239.677
276.622
473.76
148.758
793.363
635.059
578.261
860.163
467.98
323.878
597.918
862.416
875.201
1073.07
897.572
626.418
937.544
954.151
506.821
1051.54
730.616
515.321
192.151
950.901
843.444
969.206
461.567
284.935
919.569
965.783
1045.75
304.573
975.587
906.4
643.952
829.899
502.048
975.933
162.459
701.113
143.84
415.435
848.009
57.2451
888.144
1026.72
1099.11
557.818
833.274
415.915
573.363
489.719
969.529
523.482
258.118
840.443
887.442
691.082
592.638
233.174
593.372
1134.93
73.5527
725.846
845.742
474.038
458.373
469.297
929.026
853.241
426.169
500.354
621.422
728.991
810.334
981.856
543.994
1074.84
374.541
164.149
468.386
608.116
309.713
469.777
182.486
291.728
42.7551
235.372
557.811
526.886
373.208
192.354
319.249
384.047
921.309
92.2822
198.093
335.9
574.627
675.873
116
115.849
262.292
756.292
249.098
522.215
276.742
47.5079
464.263
120.104
758.228
550.549
881.827
806.718
102.956
820.045
158.619
456.561
482.415
807.027
130.668
632.87
380.837
403.045
292.441
338.12
662.526
427.454
89.202
728.962
336.149
648.02
332.641
455.334
794.135
737.827
406.596
831.432
535.165
426.23
165.076
326.221
467.097
772.12
403.377
254.943
407.241
289.928
351.241
347.937
735.166
815.012
386.246
355.709
706.442
562.658
621.168
510.898
286.295
491.351
499.842
115.676
642.648
514.806
88.2553
601.083
547.091
391.042
706.003
122.004
434.397
563.078
584.144
596.208
289.389
519.659
455.774
200.112
426.169
41
587.818
325.509
284.635
548.916
343.198
420.482
414.982
444.933
559.808
631.447
377.839
398.378
168.908
108.24
307.262
506.822
185.699
394.37
377.831
464.037
380.664
139.832
342.527
142.215
667.488
394.468
407.192
659.155
376.671
76.6094
64.6607
593.401
620.181
68.0074
328.385
472.699
470.465
633.607
690.279
322.002
612.86
267.899
371.618
307.8
538.54
580.029
866.969
638.656
379.021
866.009
867.108
342.983
798.339
416.025
372.855
318.473
700.078
654.831
654.989
463.721
67.8012
641.159
698.566
837.225
451.07
782.706
828.01
473.114
589.897
426.878
712.208
331.605
670.866
287.167
569.566
627.236
314.617
681.622
896.275
958.668
677.847
621.985
460.161
453.16
205.251
793.449
313.704
67.0671
737.587
658.717
743.907
445.862
103.6
444.231
973.35
289.919
774.848
523.115
626.997
431.116
342.65
640.001
536.583
318.611
615.959
301.015
426.175
487.463
674.366
258.861
890.688
493.883
388.209
350.736
277.671
589.092
335.622
121.103
707.987
694.058
243.167
495.025
161.697
279.016
626.08
399.532
407.751
382.253
476.724
374.339
333.362
391.894
558.86
588.191
519.711
667.95
288.368
301.219
379.666
406.321
535.448
585.63
592.088
677.135
352.196
569.056
414.596
679.743
728.699
732.487
356.387
512.828
340.777
108.503
544.243
171.327
368.572
565.905
374.477
724.442
303.99
368.331
300.107
724.788
542.059
746.385
305.041
720.518
431.393
291.331
334.341
277.622
309.803
680.132
134.807
134.648
278.153
386.419
54.037
628.339
595.615
597.301
296.326
744.42
461.244
442.405
1001.67
977.835
593.23
570.272
195.556
628.129
820
517.72
652.479
213.6
827.358
584.365
393.154
463.432
717.859
923.682
718.278
962.946
610.551
497.668
729.555
483.037
844.983
920.948
805.68
1021.23
564.278
850.17
626.382
924.183
952.161
1082.93
584.962
861.541
682.956
422.413
762.06
521.541
604.643
861.109
558.975
1070.81
641.512
634.656
637.351
921.426
824.323
1090.87
63.1981
1067.45
782.072
642.055
348.391
145.417
658.8
1029.77
252.715
255.362
74.3303
270.969
389.235
811.844
939.247
906.411
448.145
166.508
279.53
737.462
708.018
450.627
282.307
193.073
474.469
897.847
221.416
378.22
159.298
681.041
644.286
98.3717
170.88
421.54
834.114
425.715
700.904
402.613
220.045
570.674
190.436
803.206
705.014
866.76
905.108
284.114
844.664
340.93
638.226
660.273
929.715
309.614
731.471
499.075
386.174
472.526
392.005
643.416
603.354
269.981
875.647
452.625
645.961
448.496
626
817.719
888.838
234.335
938.972
637.245
506.913
65.7951
150.96
540.005
886.847
308.526
155.682
243.002
128.503
331.35
516.078
827.252
864.086
286.7
489.74
437.1
393.08
566.57
200.192
610.004
558.828
1165.93
226.736
230.79
570.938
691.017
934.088
351.82
285.086
30.2324
899.442
103.368
416.965
429.61
288.461
598.649
266.271
944.365
558.155
1120.97
912.888
240.26
1025.1
187.096
264.093
246.789
866.021
245.734
755.275
513.484
668.147
138.452
562.738
913.027
366.751
214.756
735.884
484.451
886.614
483.037
188.6
1001.58
730.934
682.44
919.065
664.732
605.294
400.031
599.103
649.065
850.716
693.653
546.587
688.889
511.415
622.274
83.5284
857.963
992.698
271.36
586.192
553.343
414.584
159.762
325.386
426.23
953.806
66.0303
228.484
311.238
617.382
706.229
83.3547
73.2462
258.683
798.527
259.372
551.696
319.453
88.955
507.007
79.0759
798.376
589.647
915.446
849.467
134.417
858.406
180.677
474.169
493.907
849.25
164.055
675.592
423.562
433.434
307.314
377.154
694.761
459.527
108.227
769.006
378.904
682.62
375.396
460.184
832.328
777.159
398.502
874.137
577.894
468.038
135.506
316.025
508.567
814.686
418.876
264.968
402.911
260.895
380.255
350.691
777.823
855.592
587.868
573.171
172.012
427.72
246.982
199.289
687.664
327.371
292.159
419.715
407.141
446.663
298.543
339.554
459.74
554.91
411.4
547.87
172.029
211.691
299.687
349.521
533.96
479.041
647.094
626.726
249.479
588.317
307.376
560.35
611.585
660.728
247.681
454.12
241.878
178.508
430.751
113.635
429.773
445.539
279.702
630.328
199.249
412.807
195.064
612.259
562.005
649.224
388.021
662.776
362.307
228.035
318.512
338.497
260.5
613.966
254.568
191.175
368.077
405.564
136.418
520.465
548.161
593.216
45.607
526.582
602.446
816.927
493.867
1088.75
564.256
359.778
893.618
476.857
920.613
669.496
633.064
435.718
671.872
366.722
40.05
422.011
517.426
451.129
621.279
778.662
242.621
1035.49
629.308
454.855
880.938
406.995
188.088
252.05
529.43
428.029
529.672
413.04
726.011
312.194
575.634
883.028
142.555
478.707
361.681
426.958
833.401
429.536
328.868
865.4
343.012
940.152
609.899
480.505
524.135
721.166
868.229
554.073
541.166
842.346
750.417
930.484
846.698
708.001
365.952
608.082
804.628
525.13
562.186
796.131
494.264
1100.16
528.115
329.848
862.681
496.106
923.689
636.686
597.302
392.686
696.348
326.038
50.4777
412.045
488.232
460.544
584.811
797.111
269.119
1047.41
660.101
424.157
898
373.016
142.58
208.118
565.777
398.539
551.659
414.451
718.713
271.03
569.668
887.474
131.034
445.286
401.224
423.468
839.793
425.672
283.933
881.415
384.251
915.784
643.616
495.82
527.565
688.75
842.115
560.083
574.224
827.581
728.964
907.59
814.229
697.453
320.863
634.467
825.931
557.369
400.285
37.9473
608.245
458.345
338.209
591.23
237.622
402.492
458.733
487.263
539.022
387.372
470.619
487.784
140.121
335.376
136.499
493.243
388.104
358.156
560.173
454.772
343.634
460.288
381.329
556.004
621.328
493.199
327.075
282.214
116.004
212.05
469.777
71.8401
370.277
394.99
384.86
482.943
102.956
331.255
101.518
643.936
436.039
506.36
544.621
491.093
192.276
56.3205
485.207
504.516
94.0213
444.038
366.482
354.818
519.897
577.382
215.133
573.132
376.634
443.036
467.615
563.152
1112.96
100.658
288.092
380.475
738.531
865.945
185.321
112.681
183.807
931.998
236.174
574.77
443.326
222.686
632.028
94.0479
945.085
665.979
1073.97
970.56
224.143
1010.41
223.893
450.111
444.563
952.181
250.252
800.076
545.015
593.094
291.359
528.417
853.994
500.321
180.136
848.916
504.321
840.349
501.44
388.666
984.737
851.129
511.124
988.595
703.001
607.631
222.625
428.173
650.074
924.905
570.961
413.865
523.894
319.077
540.017
282.312
904.014
1000.39
434.276
727.05
390.144
479.267
239.209
636.494
475.129
283.21
355.017
580.983
748.215
564.385
777.574
416.358
334.773
536.034
373.611
686.479
725.865
701.52
838.776
399.45
708.644
464.284
756.011
792.588
892.469
415.098
674.214
487.447
252.2
601.52
329.14
482.499
674.985
404.59
875.485
445.982
497.443
441.826
772.607
681.828
895.35
144.361
882.152
591.055
450.999
258.863
123.045
471.275
840.996
121.264
68.0294
121.248
260.849
208.062
666.636
757.193
748.575
626.822
465.721
328.452
618.819
207.885
430.163
475.836
499.401
532.189
372.302
460.359
455.496
129.252
343.472
101.863
504.001
387.64
320.456
577.389
431.372
344.401
466.374
376.324
531.959
599.226
461.863
325.088
257.163
81.0494
249.826
455.247
108.227
395.809
365.088
387.005
445.944
79.2465
353.069
79.2086
625.809
443.191
468.956
578.429
464.625
163.248
46.5188
505.365
535.709
90.377
414.693
403.897
386.419
554.499
602.204
252.686
560
355.355
439.692
1013.58
943.318
963.299
622.641
253.618
959.401
1015.62
1136.96
491.395
1074.95
1054.79
748.152
899.196
639.727
1028.71
342.107
861.131
54.4059
606.003
929.801
242.052
978.853
1156.68
1225.53
746.821
920.489
586.287
697.215
521.453
1077.63
603.196
259.062
978.769
964.745
871.546
706.016
279.407
705.731
1251.94
244.107
906.087
817.431
665.169
610.079
584.563
958.34
843.556
545.8
687.968
607.376
743.162
781.463
987.636
576.111
1179.9
559.558
355.276
219.146
352.081
647.172
767.802
126.063
69.4622
200.302
836.374
215.727
532.26
349.517
122.984
538.836
57.28
845.521
594.861
974.073
879.719
137.244
909.919
159.962
435.693
447.321
869.255
166.571
707.563
452.77
494.899
268.153
427.87
754.777
446.723
96.1509
776.867
410.395
740.142
407.276
406.769
884.2
782.13
455.706
900.58
610.005
509.545
176.505
372.376
551.543
838.619
484.905
330.684
462.65
296.071
442.604
296.432
811.037
901.315
533.841
467.993
720.434
311.219
283.637
205.197
672.931
132.412
324.154
199.492
158.398
370.39
275.601
713.59
378.556
896.701
695.831
95.1893
794.826
64.2884
277.26
321.125
666.483
68.7095
531.752
284.018
466.412
139.431
342.896
695.352
231.141
124.74
561.388
253.671
664.172
252.248
320.914
771.573
564.865
589.757
708.441
438.339
374.835
362.228
513.876
418.527
642.648
531.919
411.238
584.363
487.599
428.478
236.932
635.575
762.282
826.695
712.961
229.271
286.803
547.752
965.237
566.668
857.7
558.162
376.962
718.084
305.015
917.512
863.443
939.566
1044.86
438.827
945.669
491.48
784.58
799.39
1078.98
465.752
873.408
651.254
484.853
617.071
526.562
721.598
761.296
419.154
1032.26
605.202
736.082
601.003
756.637
918.748
1046.34
171.327
1082.31
781.983
646.697
176.819
119.854
675.572
1033.46
356.118
247.881
201.102
62.1691
434.871
646.437
965.117
979.439
500.144
675.281
690.23
668.97
211.625
587.675
447.219
298.412
530.024
111.319
692.012
301.81
239.908
568.417
232.573
514.389
404.654
527.837
583.798
659.03
255.979
489.009
64.2884
194.487
420.777
564.788
307.547
456.001
392.001
558.395
280.446
238.479
397.364
242.012
707.195
390.356
311.127
780.802
258.712
45.4533
185.526
708.527
742.132
172.534
206.828
590.028
592.439
754.844
809.179
440.729
669.483
167.586
330.492
707.528
765.679
904.403
458.843
849.001
883.229
535.83
657.66
475.386
779.493
325
717.576
226.614
580.326
694.553
286.819
748.42
957.883
1021.47
698.087
688.867
488.636
509.251
272.919
858.656
378.208
45.8803
795.171
726.331
777.891
505.371
107.005
504.01
1037.99
265.047
809.938
574.223
639.478
471.561
396.55
705.086
593.68
368.185
635.744
357.028
489.547
538.269
735.099
326.193
956.703
509.13
375.767
72.9178
326.075
846.05
337.891
634.858
381.62
162.607
564.004
92.3093
832.503
665.6
924.603
905.389
216.462
884.304
263.894
555.309
571.542
914.556
245.459
730.773
484.336
439.032
387.827
411.044
701.396
541.942
191.471
842.872
438.329
696.473
434.514
532.79
857.691
852.566
331.843
933.724
633.79
514.253
52.5547
248.298
552.091
876.832
391.082
233.452
341.369
177.589
383.836
422.474
830.954
891.648
261.105
871.703
284.311
600.621
392.042
160.562
580.025
19.6469
869.77
654.618
978.812
922.443
195.041
927.781
227.229
504.632
514.044
920.223
225.258
748.686
496.181
494.176
337.285
447.826
756.719
513.377
158.902
835.438
451.784
747.626
448.318
469.847
901.524
842.231
402.881
946.588
650.969
541
115.624
319.42
581.279
886.621
459.987
302.452
413.63
228.983
439.765
359.635
851.015
927.407
876.375
84.0536
413.185
402.94
258.279
574.718
242.739
918.488
544.056
1092.24
892.68
210.278
998.183
158.446
269.898
260.801
849.566
216.511
733.143
488.921
638.105
128.16
533.805
883.629
356.32
184.548
723.478
458.656
857.714
457.109
209.122
974.491
719.851
655.641
900.389
641.58
578.696
375.192
572.459
622.521
832.505
663.738
517.228
661.388
488.943
592.102
99.7246
836.255
967.473
796.337
646.275
488.984
715.006
303.033
876.146
151.268
429.261
438.503
122.381
709.364
250.056
730.214
792.813
868.457
256.008
686.409
148.607
390.448
501.462
775.519
442.143
413.727
600.541
753.076
388.928
428.165
354.244
430.861
918.413
248.05
423.69
887.476
182.562
234.796
331.851
871.998
865.714
294.803
196.573
672.019
719.042
856.591
958.38
540.234
880.591
70.9366
144.312
340.489
331.711
230.063
496.139
268.896
843.894
460.506
1028.69
809.783
168.908
926.607
105.119
220.513
234.559
765.512
163.976
651.939
411.647
589.139
55.3173
473.055
825.354
275.632
160.527
640.603
384.44
795.638
383.275
208.598
903.549
637.798
655.172
816.721
561.712
506.614
390
573.838
550.173
748.684
634.679
497.765
656.336
511.66
547.083
109.078
754.595
891.272
382.001
481.009
415.915
589.461
748.637
218.662
1001.77
609.693
419.344
850.059
373.729
182.003
252.438
516.763
391.95
502.048
374.863
686.289
287.084
536.039
846.093
102.772
444.815
354.464
387.671
797.168
390.186
325.038
833.881
339.242
901.595
593.671
448.371
486.68
686.225
830.244
517.549
524.157
802.328
711.214
891.545
811.68
668.007
350.116
584.123
776.589
231.657
189.32
393.6
516.245
311.554
700.277
530.905
220.422
595.504
247.552
423.615
485.685
532.977
198.494
358.096
104.139
307.332
329.66
161.756
506.495
281.576
264.093
474.236
61.0082
470.37
58.1378
504.723
572.126
489.418
553.644
554.691
260.492
175.756
419.547
495.55
219.586
495.871
423.17
355.688
536.478
530.377
286.028
433.149
461.525
566.996
420.23
162.117
722.601
503.254
858.008
762.42
66.6108
788.042
130.035
426.597
458.481
760.328
89.6939
589.055
335.774
386.453
267.27
306.425
641.464
384.427
73.8241
681.473
291.755
623.154
288.383
438.634
762.497
690.453
434.591
786.049
491.318
386.871
210.107
356.854
428.674
726.119
407.077
267.808
431.845
333.744
337.415
334.887
691.874
778.332
582.344
354.904
244.205
587.205
342.476
408.24
448.006
427.181
524.675
597.227
361.111
384.253
168.858
87.5728
339.695
479.86
208.339
435.354
340.219
452.187
348.428
128.561
383.273
131.856
636.039
428.507
373.449
680.238
370
71.1758
95.5196
597.282
637.194
108.296
316.18
501.303
488.098
656.068
698.995
349.906
585.867
272.222
397.368
877.447
649.499
991.309
924.472
190.066
937.17
217.175
489.401
497.121
919.167
220.066
751.172
497.636
507.425
322.486
456.169
769.692
503.907
151.433
830.976
453.851
759.385
450.494
451.701
911.035
836.99
422.522
947.452
653.435
546.33
135.074
339.065
587.167
886.716
477.429
320.095
433.244
246.522
453.349
341.621
853.946
934.607
540.279
288.564
271.28
730.896
105.309
763.765
876.564
950.302
407.149
712.568
253.712
433.627
434.385
832.325
422.298
282.454
687.453
772.685
530.668
459.918
228.484
461.39
990.923
98.0051
565.354
817.029
331.658
303.389
341.317
850.001
808.617
297.599
347.052
593.114
670.09
783.593
920.242
482.656
938.352
217.665
62.0967
807.1
392.298
459.678
644.057
442.33
382.079
457.633
312.968
429.532
288.467
246.343
570.204
420.002
423.647
676.199
198.708
498.723
182.937
281.887
621.4
285.871
520.032
630.221
187.627
864.856
380.757
252.353
334.724
710.776
806.804
352.46
310.577
717.346
666.816
846.691
829.743
568.6
512.472
365.805
563.238
554.292
886.328
190.318
933.896
1105.87
1175.27
694.26
876.002
531.884
646.409
485.593
1029.94
558.624
223.573
926.739
922.213
817.415
656.635
235.194
656.494
1203.07
190.672
851.931
799.076
613.783
556.334
534.425
925.929
820.289
494.92
635.021
583.631
713.309
763.066
961.008
540.77
1132.86
506.187
304.482
746.481
364.067
757.191
772.379
848.322
144.807
720.625
174.634
427.056
599.864
781.327
518.414
534.966
582.767
790.459
304.105
470.695
474.944
474.131
906.49
365.584
337.535
980.988
60.4152
271.831
398.7
936.568
952.056
369.868
96.5194
772.48
803.001
951.786
1032.14
632.968
883.123
82.0061
251.287
803.202
65.1153
360.011
393.146
732.279
30.2324
576.008
321.025
427.908
202.094
328.184
674.775
325.48
44.0114
640.926
281.205
651.222
278.514
376.92
778.466
647.262
501.199
765.376
479.085
390.118
267.152
423.249
433.52
702.574
465.804
331.958
498.302
392.451
382.688
276.586
680.007
784.006
841.226
972.433
1045.23
504.892
787.353
358.67
521.4
462.108
918.915
482.081
252.765
785.301
843.433
634.906
542.628
215.52
543.567
1082.45
27
669.645
829.543
423.473
402.424
420.015
896.373
831.676
376.443
446.481
604.074
702.12
794.655
955.052
515.035
1024.53
319.312
114.586
298.221
328.494
730.431
59.8164
591.156
339.872
485.618
137.295
375.661
726.45
286.763
72.45
625.238
305.555
699.521
303.595
312.175
817.245
628.169
563.205
771.145
496.397
422.81
316.18
484.004
466.669
705.817
530.393
396.913
561.513
441.482
442.549
213.888
695.236
814.362
76.0263
691.477
341.248
644.569
459.492
725.168
167.72
585.044
926.264
192.284
368.246
534.724
453.894
885.028
454.852
143.056
953.181
520.865
861.055
762.826
573.733
572.44
607.791
782.215
610.97
692.654
807.391
688.003
858.196
730.924
694.108
185.311
736.536
912.582
765.943
379.012
720.109
529.166
781.407
191.212
645.657
991.266
268.062
393.249
606.803
520.408
951.883
521.047
80.7775
1025.55
591.473
888.993
838.296
647.983
640.977
623.258
808.084
680.523
768.158
852.576
725.01
889.02
742.92
747.14
163.267
812.481
987.211
703.839
226.451
431.567
671.431
729.134
563.498
652.21
511.674
775.144
176.026
478.072
591.122
482.096
831.621
504.009
205.866
1036.77
95.1893
301.425
441.48
951.923
997.405
425.141
62.3618
842.83
847.864
1010.64
1058.22
695.147
824.566
192.052
394.058
551.178
296.744
425.837
189.663
317.416
667.315
296.811
71.3092
610.917
258.6
641.305
256.164
368.68
762.989
617.098
522.09
738.383
454.744
371.271
295.601
445.567
414.972
675.023
474.937
347.174
517.607
420.595
383.129
273.031
655.305
764.634
255.096
445.982
628.978
348.485
443.218
452.365
620.013
292.084
297.417
382.655
300.707
769.832
347.311
325.498
817.866
209.124
97.7394
226.824
762.053
784.082
203.039
169.118
618.115
634.42
790.281
858.923
472.446
733.554
104.173
274.973
326.12
398.734
177.539
473.561
286.356
365.012
388.465
46.5296
428.053
50.6063
561.633
500.069
407.913
629.693
450.632
158.079
114.127
520.482
579.121
151.489
392.506
471.296
433.014
608.685
627.513
322.262
504.739
359.001
479.683
605.799
151.003
262.682
587.804
456.811
687.556
301.027
259.856
298.002
787.326
435.115
713.126
386.866
647.93
377.27
244.395
442.386
374.253
248.244
615.094
172.818
240.019
355.308
493
55.3624
698.098
517.873
496.478
480.555
832.505
228.712
203.305
597.441
377.001
799.242
376.436
181.596
896.743
592.765
698.863
784.771
542.31
500.634
440.254
618.639
543.413
715.835
664.585
534.051
698.161
563.205
567.168
106.066
730.08
877.103
352.483
438.634
365.604
554.171
150.03
323.909
147
659.824
456.33
577.042
473.499
557.571
262.093
122.413
432.145
435.74
149.121
513.035
296.068
286.002
448.341
516.563
145.399
579.711
438.564
480.816
759.908
708.312
732.992
472.573
61.131
471.48
1010.55
229.297
765.209
590.058
593.981
428.515
359.924
702.362
603.401
329.237
589.869
368.049
490.588
554.366
740.071
317.63
932.194
463.372
335.243
355.069
370.061
292.857
713.855
294.959
323.839
767.091
364.188
800.021
576.844
384.069
400.281
592.403
729.672
434.867
506.696
700.086
608.786
789.416
717.365
567.427
315.025
544.538
721.62
680.724
324.963
687.023
322.219
368.09
818.463
686.036
495.791
809.106
523.061
432.445
243.731
415.337
475.648
746.062
480.585
338.587
496.065
369.06
409.132
262.505
724.003
826.323
431.928
673.074
436.165
677.322
628.258
34.7851
1018.12
267.286
317.043
443.227
886.273
966.607
444.182
207.625
849.266
821.41
996.639
1002.34
697.819
684.352
318.002
533.24
431.511
4.24264
546.598
520.04
450.111
587.2
495.891
199.725
123.693
474.065
534.76
166.469
438.554
436.744
389.81
567.183
581.042
290.644
482.203
400.661
509.13
430.836
974.996
189.737
705.517
614.63
533.683
371.656
313.933
702.011
620.105
279.732
528.787
389.462
497.226
579.559
749.669
314.992
900.925
402.588
284.614
546.631
520.865
454.324
583.001
499.586
202.988
124.201
470.106
530.519
167.242
442.416
432.977
385.593
563.021
576.923
287.124
481.5
403.838
510.906
1061.55
663.871
858.634
900.169
691.879
669.714
582.979
776.186
711.124
829.964
842.568
706.219
861.767
698.044
748.674
110.368
865.708
1031.21
662.898
803.2
425.603
385.601
396.981
869.54
804.866
353.624
444.45
577.686
675.125
768.381
928.054
488.037
1002.19
315.527
122.004
1037.24
298.804
346.136
468.773
897.067
983.809
471.873
241.019
872.824
839.91
1016.59
1014.72
721.489
676.284
352.768
568.001
1025.33
735.371
595.288
288.6
83.5464
614.833
985.037
225.559
198.04
36.0139
222.679
348.21
749.178
899.196
878.923
301.771
435.917
967.236
993.034
411.033
70.214
820.747
843.433
997.018
1066.82
678.317
884.138
134.034
310.002
140.121
665.976
696.788
129.375
251.873
545.631
547.074
709.485
765.206
395.904
647.897
201.09
339.572
541.356
558.029
43.8634
390.623
408.271
408.26
569.379
633.544
257.406
605.67
320.339
393.905
205.548
577.209
912.169
373.803
219.185
301.617
125.539
387.092
472.612
860.549
910.124
582.477
948.431
236.662
149.773
97.9439
155.596
327.613
666.507
871.06
870.704
370.98
418.044
433.202
587.307
665.368
270.13
648.672
289.581
350.721
787.208
798.67
958.074
1015.17
640.99
814.647
130.465
337.516
157.686
191.086
381.734
151.45
741.456
690.514
654.785
181.86
253.018
187.963
601.019
722.264
731.927
248.316
318.868
753.05
869.88
845.398
440.291
588.09
953.722
981.736
656.154
551.102
544.615
833.943
983.146
215.244
