90
731.15
697.173
956.337
726.441
664.823
619.22
947.841
868.147
348.736
568.009
701.884
390.548
65.5515
730.091
445
280.129
674.214
614.716
1157.73
681.77
650.197
599.041
545.853
264.462
570.369
792.449
227.741
826.104
438.041
681.235
734.741
255.331
116.619
598.322
748.15
211.367
822.651
662.061
601.053
814.49
377.004
607.297
414.238
752.916
657.514
919.7
655.882
773.716
838.449
624.18
942.152
777.252
952.551
39.0128
1014.21
673.698
131.244
151.743
584.23
580.259
569.76
426.691
1165.85
315.919
452.542
1186.67
205.507
1078.58
137.906
221.903
692.122
768.847
679.682
916.411
502.081
348.851
223.558
597.075
901.471
484.879
1032.14
405.765
404.55
735.532
661.105
1032.59
290.931
565.265
497.009
600.308
775.474
775.854
446.198
322.469
332.051
639.578
433.803
241.913
215.724
359.138
671.611
58.7963
730.918
460.109
522.816
449.515
438.071
700.179
204.216
517.697
352.023
479.608
604.907
433.207
644.48
452.747
305.712
504.406
453.512
673.506
784.003
145.097
553.925
723.884
249.419
127.142
517.035
339.556
358.898
504.906
318.347
85.1469
376.628
480.555
503.564
675.003
803.182
543.832
217.187
47.8853
529.306
704.904
310.44
152.778
824.175
645.484
444.487
271.118
241.748
340.906
457.01
656.878
710.505
482.802
544.416
398.694
594.173
578.817
436.395
190.686
353.231
292.74
527.186
443.366
758.189
149.486
754.752
318.22
468.67
591.291
729.976
495.552
312.525
302.076
774.853
311.161
581.455
262.774
184.22
154.496
280.471
516.48
177.341
414.122
693.617
391.256
453.848
638.903
651.362
333.624
613.353
995.553
908.508
808.678
117.047
396.568
114.28
281.897
628.339
134.391
238.466
474
253.571
598.54
97.1648
974.005
459.743
653.154
499.769
87.8009
525.039
441.162
664.172
113.159
346.733
495.461
946.161
509.895
682.504
876.096
338.864
97.5756
89.202
208.079
81.4923
680.074
634.477
343.006
658.219
670.642
698.247
691.191
739.281
176.479
734.888
695.209
417.163
784.89
398.779
310.522
789.098
658.478
669.463
604.903
479.897
940.496
778.784
250.715
512.864
198.406
403.976
540.951
607.822
212.462
692.978
505.302
294.083
367.316
132.28
288.392
771.622
500.281
311.777
202.158
285.33
364.611
489.908
577.382
136.015
674.093
917.092
560.9
706.147
899.594
832.505
557.345
871.8
1227.5
1141.09
854.294
289.914
587.231
373.484
518.12
887.644
386.183
343.354
730.459
329.248
840.536
315.774
1192.95
711.675
904.179
707.97
244.706
774.023
556.742
865.035
371.974
450.717
747.503
1183.36
756.313
860.62
1098.28
350.344
333.84
182.792
176.604
342.486
789.335
798.672
318.354
917.554
743.18
899.336
940.013
1002.05
421.636
958.808
918.452
666.334
817.05
649.444
538.243
811.272
920.229
706.023
867.554
741.515
1163.35
964.983
434.442
591.805
461.091
664.624
785.464
820.343
58.0517
930.428
500.196
550.731
596.886
293.019
478.305
865.153
736.335
537.562
459.341
335.172
453.393
697
287.842
516.205
842.981
571.822
575.817
678.081
824.265
292.226
711.866
1131.87
1045.42
989.637
76.2168
571.735
260.931
437.7
723.044
196.469
418.36
500.081
428.725
731.323
280.064
1122.3
471.526
655.229
664.349
261.457
525.647
625.346
828.669
261.216
529.627
615.864
1077.31
639.641
855.963
1023.16
503.518
274.754
152.643
120.266
232.422
864.209
812.41
496.759
689.386
853.651
862.009
686.548
802.185
334.571
883.01
844.728
547.083
963.799
410.534
278.289
966.367
738.876
848.116
664.467
532.265
1086.08
948.064
432.339
695.408
294.544
503.462
530.024
766.997
228.974
828.742
672.269
335.491
334.045
314.384
467.402
955.823
472.959
473.831
261.199
130.357
390.483
237.531
335.726
555.241
237.065
350.127
601.207
498.036
396.797
522.816
863.784
777.142
677.106
262.017
243.082
105.948
155.193
540.615
203.066
138.134
462.027
168.609
476.53
58.3095
833.778
461.889
646.688
352.278
120.416
529.605
298.096
515.193
104.01
217.083
390.355
818.819
394.492
528.921
737.462
266.177
61.0737
230.825
358.022
115.135
532.08
479.985
291.606
626.4
533.325
549.516
688.169
675.326
80.8084
596.934
556.691
307.883
658.921
409.5
372.055
666.949
582.472
545.674
551.058
443.389
802.409
626.72
97.1854
379.563
187.489
329.67
553.651
463.017
328.805
565.817
412.622
301.161
418.724
77.4919
133.929
626.074
530.028
173.113
228.449
348.08
357.841
271.288
427.242
130.771
257.158
553.73
371.598
447.836
432.113
737.879
651.713
611.908
377.725
118.533
196.499
74.793
451.692
288.765
191.859
446.161
225.144
360.181
187.8
704.495
458.157
624.021
221.93
248.823
522.733
230.842
385.031
195.655
195.98
292.865
695.393
286.714
403.053
608.852
308.469
182.923
360.701
487.029
221.461
438.73
359.951
348.174
582.865
462.65
419.315
666.697
602.249
125.144
468.966
428.621
213.084
602.876
418.116
424.415
616.263
502.224
496.992
491.874
407.413
673.891
498.314
67.897
325.209
227.669
270.379
552.105
332.962
457.423
444.245
413.969
322.616
458.813
196.901
42.5441
536.418
544.152
59.1354
281.46
457.919
602.137
566.773
245.978
559.966
882.708
384.896
781.655
715.593
854.385
781.492
292.643
633.52
298.613
495.94
421.172
736.474
593.549
278.686
792.427
270.78
587.478
430.443
779.937
806.04
966.14
385.093
435.611
870.026
125.22
458.734
494.098
173.528
582.28
836.634
555.749
398.502
707.961
227.502
446.66
554.823
672.81
504.144
227.622
322.74
266.152
913.982
165.895
484.608
1008.83
901.896
446.508
600.051
566.974
521.453
269.258
765.8
757.2
276.471
797.211
155.193
813.105
747.773
766.22
499.545
311.4
39.4588
562.2
604.752
899.896
462.524
580.334
631.007
140.064
666.973
798.424
384.2
306.884
289.676
891.709
390.8
611.336
562.993
784.103
424.887
586.16
807.991
696.524
507.694
756.502
1095.58
1009.52
743.732
256.223
451.774
269.981
392.719
773.493
311.732
208.403
648.174
197.342
713.442
196.451
1058.58
635.926
829.12
573.499
123.94
701.749
425.067
729.442
268.076
318.788
626.881
1053.06
632.02
724.725
964.571
237.32
218.79
138.033
223.761
244.002
661.4
663.338
217.92
829.136
623.343
763.705
867.655
898.653
303.903
825.768
785.413
544.648
710.556
575.462
485.372
708.239
811.074
596.481
767.939
648.001
1029.63
828.983
299.867
467.967
366.067
554.928
718.188
685.946
123.167
801.072
401.168
469.26
543.004
161.988
343.68
741.276
677.354
408.281
377.934
371.248
357.234
83.0963
283.185
452.866
339.718
199.812
625.519
541.17
830.983
448.537
308.294
300.847
199.462
214.245
321.552
451.864
210.867
485.906
234.48
366.715
633.19
240.302
366.836
288.95
439.058
290.691
477.436
411.33
302.275
465.894
111.126
567.018
148.862
482.312
535.076
576.231
344.363
502.004
601.601
332.77
625.441
481.649
612.25
313.249
683.137
436.431
409.214
339.713
260.05
404.784
373.23
93.2952
833.108
232.349
326.369
851.564
248.117
738.848
221.027
149.967
593.178
537.195
333.996
572.451
225.229
13.9284
324.723
338.179
626.295
330.056
683.424
205.937
324.484
411.962
312.776
721.552
342.791
216.536
255.783
383.73
289.886
519.158
205.934
710.381
289.5
312.879
228.845
666.915
768.044
340.602
587.432
411.808
303.714
649.804
596.599
554.635
624.271
144.007
609.886
280.508
593.218
647.6
214.553
675.317
625.212
465.669
121.116
587.705
532.06
261.691
278.632
222.461
214.709
182.584
677.239
598.973
779.947
901.08
619.633
448.647
271.413
725.251
551.09
549.714
115.676
682.402
451.46
517.665
41.7253
2
303.896
691.76
599.481
695.822
719.013
363.793
640.273
443.085
480.047
247.316
201.695
484.927
527.376
554.585
384.808
659.579
107.517
883.975
89.2749
697.924
573.024
695.616
624.079
441.518
518.097
695.593
383.537
600.936
314.568
636.794
271.823
577.235
475.585
694.719
612.288
487.201
497.692
54.7449
322.684
191.23
496.384
417.77
221.353
553.766
244.935
362.862
294.184
643.939
571.371
723.011
171.406
339.087
632.864
120.768
308.765
321.562
149.616
339.006
662.182
316.304
300.668
554.979
293.956
297.069
461.693
590.081
344.023
307.963
244.79
341.669
668.177
337.36
342.427
765.6
659.476
254.327
423.597
384.61
275.507
482.499
537.403
554.116
498.535
555.203
382.884
567.215
504.66
619.177
404.141
140.688
215.23
358.006
360.624
664.209
277.498
539.07
426.175
344.948
448.154
586.305
280.344
105.019
405.735
663.061
154.013
412.059
326.547
373.846
420.534
175.385
556.925
471.071
770.425
504.51
261.358
339.803
197.434
194.659
379.348
447.973
287.642
481.664
158.316
391.337
557.154
320.203
427.85
216.4
463.906
365.978
434.891
328.897
340.801
441.083
41.6173
501.504
68.0074
402.505
458.298
565.057
372.308
543.033
651.715
373.021
559.194
406.971
605.33
359.013
625.016
353.504
469.094
348.382
284.529
324.785
291.853
44.1022
776.377
315.336
405.998
796.624
246.173
688.05
253.902
219.802
518.167
454.389
324.617
527.266
281.277
96.0052
400.562
255.738
662.397
255.883
654.37
283.558
406.897
427.57
294.245
653.374
423.359
198.063
320.702
673.06
404.665
229.672
651.488
586.192
1095.36
629.667
585.355
538.269
480.463
216.668
514.675
727.795
178.44
761.52
384.329
619.233
703.923
212.455
133.09
536.591
687.059
183.044
757.547
607.752
540.237
748.949
315.013
584.511
353.579
696.914
621.772
854.775
594.084
717.436
787.433
564.349
880.873
718.178
888.036
33.3017
951.089
621.291
163.811
148.003
520.807
534.659
520.981
361.865
1102.62
269.295
409.371
1123.11
165.469
1014.31
78.0064
160.05
660.97
718.292
614.414
851.499
442.233
283.351
204.287
540.904
845.471
439.323
966.592
350.708
366.005
672.715
595.585
972.284
268.544
499.714
440.673
763.791
453.269
469.802
399.531
461.455
748.263
254.961
564.472
393.935
471.683
648.558
490.89
661.472
511
294.966
556.345
396.79
693.058
790.828
172.569
608.227
739.684
307.586
84.8999
563.952
398.328
367.049
455.751
324.493
32.1403
323.311
539.268
554.092
728.005
855.862
591.851
242.72
67.0671
588.002
706.295
345.352
102.176
829.843
634.039
490.805
229.107
205.361
362.083
485.845
681.33
744.342
513.218
536.173
438.552
595.084
592.765
381.413
132.612
406.971
345.954
566.794
463.605
774.326
133.645
810.677
289.581
523.057
623.059
760.059
550.295
365.225
315.425
795.649
354.141
620.356
499.533
955.39
873.71
1058.27
267.434
549.935
292.077
389.278
504.386
205.3
531.049
229.192
557.108
573.841
374.422
971.149
192.211
364.594
591.26
414.039
237.008
674.763
738.024
294.187
610.601
450.694
893.437
488
795.357
873.756
652.639
351.07
381.754
410.955
295.513
883.779
776.285
666.629
410.187
909.719
766.441
394.624
542.436
335.336
744.474
712.352
412.698
1045.99
140.036
24.7588
1056.82
500.849
935.799
409.415
283.468
930.404
865.014
470.703
765.321
221.07
325.96
238.304
666.271
499.381
668.001
808.26
141.089
41.9762
434.19
483.12
982.102
181.135
430.116
170.32
460.835
384.005
895.018
646.413
420.88
499.554
372.263
20.8806
519.481
623.294
296.665
656.932
158.795
560.29
493.705
339.308
359.255
339.436
633.085
354.565
592.562
382.488
500.884
611.132
140.014
396.679
159.891
474.605
404.031
739.133
539.445
701.565
800.83
531.884
675.635
504.481
780.131
261.63
757.127
393.57
393.117
188.282
452.726
305.851
291.318
219.429
908.336
365.952
492.587
931.464
84.5991
831
154.331
224.243
450.96
489.237
499.768
680.21
424.444
211.066
387.105
319.64
825.112
211.026
820.039
385.519
472.848
600.273
468.107
761.999
434.305
372.979
450.699
87.046
885.587
1059.25
653.236
885.219
714.894
461.091
935.569
909.431
757.005
936.848
400.601
916.656
109.179
799.851
782.466
527.259
984.196
809.373
766.564
398.058
885.783
841.33
518.24
67.0298
492.23
459.923
146.492
986.657
903.684
1083.55
1200.64
918.243
689.743
534.303
1035.07
675.358
799.981
370.041
805.05
523.978
819.183
271.823
311.752
585.021
922.157
825.651
945.884
952.064
490.461
898.039
593.859
685.078
95.4254
374.192
797.213
815.241
837.684
639.303
839.789
417.278
1192.31
303.607
991.476
830.152
931.487
934.681
754.006
729.154
892.247
690.775
877.351
833.255
972.602
569.386
798.209
627.911
386.378
849.217
825.108
680.625
853.035
314.102
829.805
121.758
723.15
718.713
443.338
897.557
736.549
688.786
322.833
798.767
759.996
432.897
57.0789
405.848
393.561
87.5957
905.312
816.711
996.524
1113.63
831.221
629.179
465.692
953.506
612.119
738.017
297.733
744.114
467.934
732.143
188.725
227.864
498.414
866.793
746.105
863.478
896.144
422.058
834.576
523.918
607.557
81.3941
319.263
711.688
742.122
751.423
555.018
767.944
334.978
1105.55
216.813
916.893
746.464
851.033
848.398
668.664
677.19
817.898
604.077
791.718
925.654
527.138
780.771
678.146
915.036
879.155
571.295
1036.3
562.738
743.356
720.72
788.001
1056.68
1196.53
559.654
728.253
1116.22
383.719
545.88
779.077
463.042
780.724
890.126
744.412
453.506
747.319
507.063
735.367
846.83
962.699
792.018
220.952
398.664
535.956
1128.29
149.843
555.749
1238.39
1082.05
724.489
686.103
666.228
740.382
52.345
1024.52
1034.35
79.925
979.615
148.273
1019.82
980.943
790.226
514.125
590.107
297.659
837.196
836.962
1148.5
586.747
864.058
750.846
358.232
934.088
1070.68
676.451
575.196
156.461
1150.01
641.112
889.137
496.179
184.716
361.621
658.6
127.016
355.441
454.031
369.5
658.673
208.866
1047.74
430.07
619.814
588.144
201.725
489.263
555.932
752.493
185
463.366
545.067
1005.6
567.226
780
948.699
451.213
201.09
119.954
158.496
156.438
793.221
737.166
450.405
643.77
787.015
785.863
653.992
747.061
258.358
808.273
769.774
474.233
901.914
367.789
248.652
905.962
678.313
786.459
609.452
478.089
1011.88
871.861
359.113
629.537
224.154
436.249
498.197
691.054
231.948
755.8
619.098
280.401
307.189
249.323
392.94
885.991
446.942
397.619
197.585
314.735
160.723
441.688
405.005
256.445
509.559
283.669
309.871
301.392
608.313
529.59
675.032
126.052
355.175
589.291
173.626
277.851
313.957
200.085
284.675
617.72
261.559
285.955
516.501
341.949
299.528
473.33
601
339.984
335.181
241.514
388.681
617.066
377.795
312.194
717.471
605.08
242.349
381.414
341.646
223.511
526.089
499.373
527.668
543.722
500.712
430.601
514.752
457.193
581.279
384.173
154.208
266.242
335.167
312.706
621.4
237.002
560.78
376.946
399.665
416.112
555.623
298.429
111.14
433.666
624.065
119.871
389.895
177.544
514.846
98.4327
239.153
383.051
266.282
486.508
87.8465
867.846
376.096
566.789
403.441
149.215
443.57
399.084
567.86
2.23607
322.769
381.4
834.506
396.965
596.342
769.26
363.05
62.1691
203.335
315.425
33.3017
627.025
556.245
381.813
560.057
635.475
601.313
606.898
630.66
73.7631
628.233
589.101
303.863
763.843
319.188
267.32
772.389
546.824
651.08
498.462
378.223
833.154
687.233
192.442
483.736
98.3107
291.172
464.431
507.169
325.576
581.93
516.196
209.678
316.128
148.034
218.215
722.897
434.356
212.906
127.028
390.948
254.827
254.031
371.809
288.062
322.472
203.039
692.278
384.981
549.229
227.607
273.468
448.901
301.347
391.23
177.553
270.573
236.592
667.444
239.301
426.063
594.226
376.889
188.809
368.973
489.29
208.751
494.88
394.458
413.818
509.166
528.353
424.393
591.906
535.21
105.948
453.018
413.417
154.12
671.704
347.369
366.947
686.267
437.553
568.04
420.488
332.742
658.599
512.501
134.536
396.688
175.923
197.436
478.759
329.633
479.009
413.918
488.496
257.187
396.011
231.905
117.337
593.318
473.359
41.4367
230.586
531.854
642.623
296.071
676.322
176.782
577.135
498.443
339.025
347.845
360.035
649.896
350.291
613.431
399.731
516.226
631.577
160.2
396.063
180.768
492.49
410.761
759.042
555.947
716.235
813.797
546.945
695.449
523.688
799.811
247.923
777.515
409.782
380.469
167.72
469.601
318.002
305.486
238.757
928.652
368.951
498.407
951.879
64.8151
851.691
143.562
225.462
455.532
504.386
519.249
701.083
437.713
224.876
382.102
338.044
840.401
222.657
840.773
394.194
476.366
618.013
488.016
781.339
431.668
392.562
462.128
330.341
344.309
354.38
535.123
171.266
927.967
327.153
520.508
481.805
209.418
391.567
497.463
643.953
100.09
420.12
419.453
880.846
443.373
680.662
828.706
448.627
149.807
203.421
282.631
92.1954
723.865
645.484
461.4
531.678
733.894
676.417
557.9
625.25
163.689
689.262
651.596
351.141
861.859
265.545
181.11
870.014
553.073
748.74
488.296
358.712
891.139
766.771
290.642
581.997
98.0816
309.235
406.725
579.028
331.109
632.665
607.524
164.615
235.716
229.941
314.396
820.22
366.227
294.462
74.3303
597.021
34.0588
547.825
159.615
863.746
598.827
781.143
382.205
157.166
666.408
220.077
529.793
237.008
115.525
484.516
872.35
478.127
518.253
772.819
129.077
180.712
279.115
402.275
238.17
460.202
455.33
160.515
754.63
436.835
563.618
823.017
789.229
215.613
637.634
597.697
403.887
546.503
547.366
506.306
550.681
691.234
431.019
672.144
572.983
837.504
623.501
123.968
278.218
325.615
448.264
691.122
493.415
328.539
626.243
277.417
439.264
555.029
106.621
161.307
545.771
668.159
250.745
365.034
629.363
410.67
468.932
788.432
43.0813
184.765
499.769
531.629
80.2122
670.549
613.727
385.187
639.816
300.017
692.133
343.21
690.101
695.768
726.092
443.032
547.669
610.902
404.98
834.659
692.35
753.627
189.842
887.271
635.708
226.153
313.26
381.907
581.495
556.626
304.133
1035.39
91.0659
231.871
1052.19
279.451
936.31
182.099
75
746.006
736.878
496.759
766.319
284.74
202.25
113.877
540.981
674.999
493.171
856.225
180.136
193.073
526.545
488.51
931.384
141.128
402.081
272.118
579.331
183.153
888.786
630.341
813.693
409.718
168.074
698.011
227.882
553.618
264.093
121.631
517.969
900.969
510.906
537.41
798.972
97.6166
206.041
284.121
403.005
262.345
464.562
472.128
126.59
788.22
433.042
587.133
855.458
823.268
247.542
665.045
625.314
437.567
535.277
578.063
532.423
537.671
725.177
419.587
706.135
606.36
863.445
643.42
157.277
275.116
355.524
482.262
722.253
520.04
319.953
656.32
254.008
469.473
582.379
125.603
193.132
546.642
697.906
284.164
393.001
525.407
399.261
449.491
509.156
202.388
595.836
481.386
470.023
224.02
487.201
509.692
123.369
348.037
91.8096
315.826
300.761
648.985
509.911
687.338
801.579
519.728
522.733
348.421
694.168
417.116
610.03
237.118
545.642
340.203
423.34
172.491
145.993
184.448
759.822
457.839
560.844
784.272
241.207
689.731
306.741
336.043
359.94
335.489
426.005
549.921
437.384
248.365
515.824
161.375
801.105
97.7548
704.284
439.892
556.519
551.543
386.518
606.21
551.678
305.668
478.659
889.221
463.406
653.22
409.414
72.8011
530.996
347.196
572.832
85.6154
257.73
432.459
870.217
440.545
587.218
792.37
278.227
25.9615
172.905
299.767
79.196
584.535
537.812
294.635
642.375
579.7
607.111
693.663
703.651
107.564
651.498
611.383
350.839
699.701
406.952
349.807
705.873
614.832
585.102
574.843
459.48
857.198
684.954
153.574
423.363
184.889
358.923
552.2
519.512
276.053
616.76
436.363
297.405
401.061
60.5392
191.971
677.127
521.914
226.433
213.974
830.311
836.849
485.083
953.282
848.196
702.337
336.467
868.141
785.481
522.361
151.648
489.516
381.451
99.2975
929.751
878.993
1060.02
1181.57
900.112
600.554
457.2
978.548
730.756
711.366
304.332
863.408
589.075
798.16
239.633
278.878
578.247
826.741
848.634
959.125
856.981
538.836
810.443
639.028
714.213
43.0116
285.272
758.734
741.492
831.592
647.114
880.421
372.646
1161.92
303.264
919.078
838.98
951.296
900.487
714.902
632.096
927.625
663.272
875.74
193.437
528.433
522.705
67.7791
685.93
648.312
378.292
648.904
335.872
735.07
378.715
722.274
737.138
727.709
437.453
529.185
585.027
395.182
858.734
721.269
752.851
219.18
907.154
671.307
231.812
352.165
383.266
621.052
595.214
332.627
1053.85
62.3939
197.677
1069.68
322.188
952.473
223.66
116.108
787.978
772.506
504.573
781.494
278.605
230.185
94.0213
575.295
655.347
533.788
863.473
167.287
154.029
522.412
499.986
956.119
103.368
418.001
257.992
643.774
714.664
130.553
842.341
730.181
568.951
819.396
425.248
715.437
466.82
816.354
754.812
910.157
627.284
722.001
771.863
587.409
987.021
831.414
938.254
107.117
1049.41
746.001
42.72
265.635
566.411
665.099
649.469
456.15
1199.76
255.071
376.948
1218.39
298.558
1105.41
204.924
218.433
793.918
844.576
677.985
937.849
468.578
362.493
127.224
661.007
847.496
570.098
1036.85
359.951
322.672
711.157
666.564
1081.08
192.315
575.803
451.249
470.106
579.38
269
164.694
403.21
320.975
221.578
491.94
184.835
204.296
391.676
465.242
402.505
582.151
707.503
433.077
344.397
192.837
512.712
569.699
418.493
198.565
684.658
527.717
329.985
255.441
215.604
195.888
570.085
512.299
571.774
592.555
423.597
491.874
460.44
435.194
456.64
284.988
273.651
347.574
396.449
298.332
613.571
112.45
678.213
255.556
504.12
450.62
588.09
415.987
229.819
437.343
629.77
190.547
449.365
589.662
370.595
631.319
147.167
270.416
504.933
939.098
512.098
638.214
857.351
251.098
94.921
125.3
252.745
127.577
611.514
583.7
256.035
709.181
593.68
665.724
754.265
775.026
180.361
717.029
676.746
423.098
702.465
463.994
390.16
705.508
687.135
586.805
645.031
527.024
922.345
738.957
201.358
435.118
247.168
431.001
608.645
581.674
208.694
685.951
417.944
355.441
445.118
59.203
244.043
700.006
573.245
293.51
266.663
748.889
689.696
445.772
714.805
375.681
743.34
419.005
767.923
758.148
795.337
505.051
592.102
641.674
462.088
914.869
771.767
820.625
179.961
967.07
710.567
166.364
330.397
450.809
649.89
627.186
383.986
1114.87
126.289
247.681
1131.39
321.162
1015.04
217.573
147.679
805.39
811.55
570.813
844.609
346.273
282.349
34.7851
617.331
717.202
559.035
930.043
234.293
195.543
590.108
564.836
1011.57
86.3539
480.451
324.052
368.875
397.498
106.283
457.919
741.989
432.695
328.907
621.798
234.053
358.309
495.537
621.045
413.048
241.006
256.844
282.285
788.885
236.578
398.915
884.995
778.023
340.812
502.2
466.154
396.234
372.263
648.346
650.766
385.44
673.457
266.693
687.898
623.908
683.395
435.46
207.06
95.7758
453.719
480.38
779.449
358.586
547.156
521.699
235.257
553.249
688.204
313.04
192.213
330.491
774.406
268.486
505.431
567.671
449.031
314.033
377.922
270.718
95.6922
252.923
593.493
566.768
745.729
871.672
597.709
327.605
151.083
642.26
640.7
429.739
34.4093
767.776
558.105
494.54
145.279
120.503
326.497
570.734
643.467
720.367
598.115
463.312
521.858
529.899
542.02
314.941
127.004
431.617
419.338
555.41
423.417
724.481
73.1642
838.203
206.235
594.226
597.101
729.84
575.615
388.001
398.026
751.656
355.077
606.806
320.894
382.404
835.18
397.756
595.806
769.587
360.843
59.9333
202.272
314.875
32.5269
625.704
555.471
379.579
562.072
633.86
601.154
609.073
632.38
73.3757
628.538
589.37
304.7
762.058
321.409
269.431
770.554
548.383
649.247
500.277
380.189
833.514
686.889
190.937
481.998
100.449
292.657
466.653
507.15
324.23
582.537
514.079
211.896
318.308
145.798
217.018
721.516
436.591
212.664
129.248
471.553
810.691
455.07
422.909
699.589
145.344
273.249
394.011
517.789
330.637
344.912
354.684
193.776
778.442
324.039
481.387
862.021
789.456
276.957
571.319
532.86
398.318
442.506
604.206
586.003
449.929
686.884
328.702
685.23
603.315
763.024
529.635
144.81
166.172
393.137
465.743
742.862
425.065
440.985
575.703
217.995
501.451
629.21
215.244
153.629
430.377
729.154
249.506
440.459
461.807
43.3244
393.997
424.062
599.214
413.673
584.644
692.988
414.609
565.899
406.203
640.513
348.129
637.621
335.716
465.279
320.478
325.867
294.111
263.685
82.5409
789.335
338.037
437.495
810.695
216.391
705.057
239.102
228.002
482.631
436.904
360.694
548.231
321.386
125
410.466
241.698
703.945
219.545
682.106
316.628
434.305
467.696
328.219
657.907
439.164
233.805
359.168
438.658
450.36
143.391
955.848
856.052
1034.73
1149.61
867.703
686.236
522.12
1003.8
608.329
795.003
353.747
738.082
457.266
770.351
240.077
277.849
531.99
923.827
762.287
884.59
953.197
423.86
891.44
527.394
620.784
120.104
376.044
756.911
797.221
782.78
580.673
773.522
385.876
1146.26
253.539
971.359
770.38
868.618
891.4
714.351
733.989
826.574
645.793
820.717
351.091
390.541
587.77
423.625
598.966
711.385
430.256
527.933
365.308
630.754
386.84
603.009
292.643
506.423
346.706
336.217
256.846
224.439
93.3809
754.69
379.107
473.782
776.779
241.963
673.504
276.588
271.326
450.835
393.845
354.346
520.542
345.589
162.364
453.79
198.386
715.042
189.528
661.154
351.525
473.339
470.958
318.442
618.719
482.056
228.963
387.072
313.849
562.083
585.338
758.56
886.549
623.571
238.73
75.7694
610.659
730.068
345.371
102.357
854.939
652.763
522.705
232.691
213.86
392.185
480.941
711.605
776.023
509.133
556.594
441.113
618.909
620.697
369.168
106.832
437.148
360.174
598.91
493.284
802.621
156.013
839.738
301.533
537.842
654.542
791.255
580.05
395.77
303.401
825.07
386.229
652.442
844.677
781.557
962.527
1083.41
801.645
546.155
387.923
893.304
650.17
655.831
223.933
783.685
517.151
700
141.209
181.044
478.968
781.799
753.127
861.304
811.362
456.373
753.314
553.448
621.102
65.0692
233.238
664.804
668.851
732.296
548.985
791.01
279.551
1066.04
205.915
845.284
740.651
854.775
805.41
621.1
591.037
835.878
566.083
776.503
302.06
352.661
459.315
357.192
446.508
490.832
48.8262
882.132
393.022
625.442
952.064
910.618
344.616
716.617
678.06
521.116
473.241
675.663
628.033
471.17
810.632
359.402
797.173
701.131
907.926
668.856
242.621
245.312
453.125
573.509
819.774
570.355
357.006
718.853
168.751
567.087
678.852
218.689
271.03
516.652
795.45
367.23
489.989
181.025
305.002
57.9828
593.111
538.639
319.762
616.994
592.724
600.888
667.708
680.139
87.818
640.44
600.521
332.737
715.755
381.093
326.382
722.77
592.368
601.706
550.557
434.226
846.197
681.234
158.028
437.715
158.928
336.155
526.339
511.2
291.44
602.516
458.093
271.536
376.808
85.8662
192.844
686.921
496.488
215.801
188.82
128.39
170.294
736.53
706.463
344.224
734.978
715.612
780
758.319
823.141
264.458
821.381
781.502
506.32
818.492
467.052
361.089
819.54
744.781
702.908
687.53
560.059
1027.12
857.36
321.865
557.039
282.305
491.522
604.603
691.741
128.098
781.392
521.253
368.014
419.698
184.166
362.802
824.268
557.826
396.807
276.848
282.454
861.938
834.847
441.654
800.743
836.038
905.832
804.241
905.519
383.419
942.215
902.697
618.026
931.543
523.154
395.683
930.39
835.637
816.649
767.936
636.574
1147.62
984.72
450.161
678.027
376.431
589.863
647.714
815.89
126.732
897.31
624.789
438.846
452.515
311.905
490.796
947.965
592.035
519.85
355.237
645.105
581.249
371.927
585.167
648.46
631.348
626.827
660.21
103.315
660.547
621.287
337.165
773.085
336.443
270.963
780.401
577.832
659.266
526.966
404.517
865.649
715.973
208.885
494.389
122.147
322.779
481.212
538.046
293.552
615.033
515.33
227.899
323.113
138.683
239.008
739.96
447.261
242.668
139.517
178.272
489.36
914.02
110.82
340.689
1028.27
862.019
561.324
470.533
448.08
532.865
243.13
832.685
861.025
270.732
760.166
210.098
804.393
774.778
595.83
316.172
436.232
201.765
665.706
632.817
948.181
365.825
784.372
531.016
359.235
751.256
890.652
553.659
409.5
98.4886
956.107
454.714
719.922
539.129
751.479
278.657
169.027
871.46
688.62
483.657
295.959
270.956
388.703
420.905
704.162
755.58
447.8
588.49
371.486
640.588
626.677
444.362
179.744
384.958
284.412
570.202
491.158
806.068
188.82
780.841
352.768
462.088
637.125
776.126
524.779
346.1
257.8
822.503
353.239
624.696
914.596
429.802
674.248
979.772
948.886
371.903
764.788
726.094
561.258
499.036
698.85
642.284
494.313
850.009
387.683
832.647
732.481
956.62
717.401
281
287.6
475.565
608.763
843.756
618.528
331.67
765.598
184.296
589.525
695.04
234.096
312.642
555.763
816.13
407.276
508.552
983.799
653.955
133.645
161.307
545.748
565.831
552.898
393.686
1135.28
278.928
416.812
1155.64
194.054
1046.44
111.212
183.208
687.884
750.648
642.665
883.077
463.069
312.712
196.163
574.056
862.786
470.406
996.27
367.104
370.277
696.834
624.911
1005.53
262.68
529.559
458.214
445.982
1091.48
945.176
577.022
574.458
549.324
593.448
151.727
874.685
885.946
174.428
841.576
99.4585
876.455
832.991
706.32
426.823
443.636
158.619
688.723
688.728
999.182
459.492
745.985
628.59
274.345
784.511
921.456
539.271
426.644
129.85
1000.2
491.272
741.124
782.739
563.887
528.116
130.361
114.547
354.006
583.22
668.779
749.235
611.298
472.222
540.237
543.824
563.072
284.542
101.203
466.01
445.372
587.033
448.876
745.322
100.245
872.606
204.619
621.438
625.768
757.149
610.02
422.404
404.634
774.665
388.68
637.969
282.936
608.048
698.44
684.243
498.092
1241.95
292.441
408.584
1260.7
327.698
1147.91
239.426
261.094
820.617
880.646
720.462
980.484
508.842
405.031
156.554
699.283
883.02
603.126
1079.42
399.011
352.673
751.921
709.24
1122
216.965
618.521
489.744
598.469
456.317
452.994
391.322
1096.23
403.243
544.132
1119.56
104.752
1019.22
137.768
269.92
546.949
652.654
668.259
867.088
541.192
345.776
352.278
501.007
950.673
363.453
1002.13
467.36
505.89
751.166
641.169
946.412
416.304
543.891
551.235
558.802
519.285
244.969
710.893
332.866
311.006
721.491
508.051
600.468
472.086
362.668
764.274
613.514
135.37
430.119
116.181
252.872
475.833
434.775
378.905
516.954
484.051
226.46
352.363
153.118
152.201
658.274
455.601
139.463
165.158
40.3609
341.494
713.345
630.317
730.579
741.254
374.817
667.109
460.179
506.569
205.762
199.529
526.503
560.594
593.527
418.516
683.933
146.263
925.681
95.462
732.935
608.342
728.354
665.797
483.046
534.529
722.623
425.114
639.081
305.792
691.202
601.479
697.782
718.493
365.493
640.02
444.936
482.034
245.815
200.062
486.187
527.569
556.411
386.788
661.55
108.167
885.411
90.6091
698.279
574.976
697.602
625.442
442.757
517.258
697.585
385.052
602.8
744.186
319.453
396.128
763.535
289.762
652.95
291.734
241.913
540.626
453.398
280.516
489.722
253.819
102.46
418.001
254.049
623.76
281.668
612.638
272.547
403.358
385.187
250.45
628.622
434.366
154.013
297.7
1019.04
1021.79
30.5941
992.847
115.694
1028.12
982.733
827.039
548.767
575.647
280.815
825.208
838.287
1146.52
606.488
829.39
773.544
317.833
925.447
1060.32
652.694
564.427
195.479
1144.97
636.259
876.032
141.014
1033.57
361.602
914.922
269.416
144.803
806.966
769.519
459.396
743.238
223.289
220.055
145.248
570.359
593.034
547.614
816.177
109.563
107.703
466.653
458.917
930.809
126.063
383.419
197.881
1032.49
498.025
911.43
409.414
280.872
918.708
847.286
446.374
741.076
197.223
312.501
252.04
648.999
480.404
655.861
783.506
123.584
58.6941
409.646
459.306
959.283
198.305
407.962
145.89
1015.88
121.314
1049.12
1000.86
857.002
578.457
586.121
291.899
836.496
856.365
1162.7
632.256
825.692
800.081
311.079
938.42
1072.21
657.22
577.001
226
1159.6
651.715
886.612
914.773
103.812
217.412
495.849
565.279
569.014
762.345
463.001
256.32
350.258
402.568
870.913
279.508
898.464
404.505
468.943
659.285
540.201
846.152
406.054
443.407
480.73
941.739
887.244
804.748
525.595
465.116
171.825
715.687
742.92
1045.86
545.477
716.252
716.02
211.492
818.512
951.606
537.339
457.131
213.825
1040.99
534.64
765.541
132.231
596.021
641.312
555.023
780.928
406.498
223.886
246.447
462.9
815.372
365.242
901.884
329.601
374.787
625.18
532.911
895.225
302.908
435.845
414.121
671.9
664.126
464.053
719.423
282.492
144.499
182.464
469.665
688.149
418.202
821.217
197.798
252.492
513.639
449.908
870.403
216.083
357.762
284.382
279.789
729.85
727.351
794.332
607.106
837.554
344.42
1131.04
263.137
904.423
799.091
910.043
870.472
686.135
633.808
885.014
630.85
837.662
537.607
462.067
680.119
549.509
846.291
199.492
942.55
289.249
639.519
724.069
856.757
681.455
495.182
357.946
875.865
474.605
732.14
294.837
250.801
331.821
598.453
386.091
406.647
507.594
359.477
357.095
487.037
144.222
43.8634
531.204
584.391
126.89
300.51
544.738
575.675
875.082
423.302
591.047
592.068
177.688
646.747
780.324
381.115
285.33
273.585
869.295
364.247
595.272
213.434
368.316
488.271
409.518
535.019
598.572
114.061
236.292
243.846
262.086
763.692
342.546
217.329
54.7449
316.097
350.304
616.322
343.984
683.559
192.01
311.088
405.395
312.271
729.285
332.175
217.002
242.769
652.113
728.176
592.711
957.147
254.804
196.329
611.871
593.978
1045.06
67.4759
511.243
342.053
790.061
170.839
591.731
525.548
657.368
528.116
342.266
446.013
678.62
296.204
538.639
892.812
515.909
495.707
539.022
262.606
450.202
864.419
678.57
501.559
404.821
756.711
535.956
648.871
639.165
466.039
604.233
634.039
393.046
576.39
710.505
831.308
379.61
371.618
404.191
939.632
466.889
641.038
139.786
357.095
361.437
849.744
229.242
296.624
92.0054
461.395
495.997
989.131
140.014
435.938
190.276
187.627
643.131
582.334
246.295
274.492
506.172
584.85
97.4936
314.659
1053.95
553.195
817.795
509.048
308.177
272.009
