50
16.1245
32.3883
49.0306
65.2534
81.2712
96.933
111.826
127.142
141.198
155.206
168.241
180.38
192.463
203.199
213.434
223.343
231.366
239.353
246.051
251.098
255.877
259.478
261.962
263.486
264.002
263.549
262.086
259.665
256.125
251.406
246.418
239.777
231.847
223.877
214.021
203.836
193.145
181.108
169.009
156.013
142.042
128.016
112.73
97.8621
82.2192
66.2193
50.01
33.3766
17.1172
16.2788
32.9848
49.3356
65.5515
81.4371
96.6488
112.361
126.827
141.354
154.935
167.657
180.405
191.818
202.786
213.49
222.32
231.193
238.757
244.724
250.45
255.016
258.496
261
262.551
263.078
262.612
261.216
258.681
254.961
250.954
245.253
238.296
231.225
222.272
212.934
203.039
191.802
180.422
168.119
154.829
141.365
126.649
112.272
97.0155
81.3941
65.4905
49.0918
33
16.7631
33.2415
49.6588
65.7647
81.3019
97.4166
112.294
127.35
141.485
154.797
168.217
180.314
192.023
203.531
213.178
222.946
231.387
238.288
244.969
250.511
255
258.496
261.094
262.612
263.154
262.795
261.276
258.565
255.548
250.799
244.826
238.663
230.625
222.144
213.054
202.625
191.971
180.369
167.765
154.871
140.73
126.846
111.987
96.7471
81.1542
65
49.0918
16.5529
33.121
49.3964
65.215
81.6884
96.9381
112.486
127.142
141.014
155.081
167.839
180.272
192.567
203.022
213.677
222.991
230.829
238.472
245
250.511
255.016
258.683
261.216
262.795
263.503
263.036
261.375
259.388
255.635
250.697
245.489
238.422
230.853
222.623
213.063
203.194
192.354
180.499
168.238
154.738
141.411
127.012
112.219
97
81.1542
65.4905
16.6433
33.0151
49.0408
65.7951
81.3449
97.3088
112.414
126.779
141.421
154.777
167.869
180.887
192.094
203.578
213.712
222.441
231
238.472
244.969
250.45
255.157
258.681
261.276
263.036
263.61
262.992
262.031
259.278
255.384
251.143
245.065
238.43
231.087
222.428
213.378
203.337
192.276
180.693
167.887
155.168
141.287
127
112.219
96.7471
81.3941
16.4012
32.5576
49.5177
65.2993
81.6088
97.0979
111.893
127.047
140.943
154.638
168.324
180.236
192.502
203.416
213
222.441
230.829
238.288
244.724
250.456
254.961
258.565
261.375
262.992
263.427
263.501
261.767
258.94
255.691
250.635
244.969
238.55
230.835
222.65
213.46
203.246
192.398
180.347
168.297
155
141.287
127.012
111.987
97.0155
16.2788
33.4215
49.4065
66.0379
81.8841
97.0824
112.721
127.13
141.4
155.724
168.315
181.334
193
203.416
213.712
222.991
231.387
238.757
245.489
250.954
255.548
259.388
262.031
263.501
264.594
263.865
262.093
259.825
255.783
251.08
245.579
238.805
231.482
223.141
213.776
203.666
192.375
181
168.297
155.168
141.411
126.846
112.272
17.2047
33.2866
50.1199
66.2118
81.7068
97.719
112.539
127.283
142.144
155.322
169
181.334
192.502
203.578
213.677
222.946
231.193
238.872
245.253
250.799
255.635
259.278
261.767
263.865
264.14
263.427
262.149
259.141
255.425
250.874
245.082
238.665
231.225
222.767
213.46
203
192.375
180.347
167.887
154.738
140.73
126.649
16.1245
33.1059
49.3964
65.146
81.4923
96.6902
111.879
127.252
141
155.322
168.315
180.236
192.094
203.022
213.178
222.32
230.972
238.296
244.826
250.697
255.384
258.94
262.093
263.427
263.837
263.61
261.706
259.048
255.519
250.785
245.351
238.891
231.424
223
213.46
203.666
192.398
180.693
168.238
154.871
141.365
17.088
33.5261
49.4773
66.0984
81.6149
97.1854
113
127.252
142.144
155.724
168.324
180.887
192.567
203.531
213.49
223.034
231.225
238.663
245.489
251.143
255.691
259.825
262.149
263.61
264.367
263.503
261.843
259.28
255.548
251.048
245.522
239
231.424
222.767
213.776
203.246
192.276
180.499
167.765
154.829
16.4924
32.5576
49.366
65.123
81
97.1854
111.879
127.283
141.4
154.638
167.869
180.272
192.023
202.786
213.214
222.272
230.625
238.422
245.065
250.635
255.783
259.141
261.706
263.503
263.746
263.154
261.63
258.985
255.501
251
245.522
238.891
231.225
223.141
213.46
203.337
192.354
180.369
168.119
16.1245
33.0606
49
65.123
81.6149
96.6902
112.539
127.13
140.943
154.777
167.839
180.314
191.818
203.066
212.934
222.144
230.853
238.43
244.969
251.08
255.425
259.048
261.843
263.154
263.594
263.078
261.49
259
255.501
251.048
245.351
238.665
231.482
222.65
213.378
203.194
191.971
180.422
17
33.0606
49.366
66.0984
81.4923
97.719
112.721
127.047
141.421
155.081
168.217
180.405
192.416
203.039
213.054
222.623
231.087
238.55
245.579
250.874
255.519
259.28
261.63
263.078
263.549
263
261.49
258.985
255.548
250.785
245.082
238.805
230.835
222.428
213.063
202.625
191.802
16.1245
32.5576
49.4773
65.146
81.7068
97.0824
111.893
126.779
141.014
154.797
167.657
180.424
191.802
202.625
213.063
222.428
230.835
238.805
245.082
250.785
255.548
258.985
261.49
263
263.549
263.078
261.63
259.28
255.519
250.874
245.579
238.55
231.087
222.623
213.054
203.039
16.4924
33.5261
49.3964
66.2118
81.8841
97.0979
112.414
127.142
141.485
154.935
168.372
180.422
191.971
203.194
213.378
222.65
231.482
238.665
245.351
251.048
255.501
259
261.49
263.078
263.594
263.154
261.843
259.048
255.425
251.08
244.969
238.43
230.853
222.144
212.934
17.088
33.1059
50.1199
66.0379
81.6088
97.3088
112.486
127.35
141.354
155.425
168.119
180.369
192.354
203.337
213.46
223.141
231.225
238.891
245.522
251
255.501
258.985
261.63
263.154
263.746
263.503
261.706
259.141
255.783
250.635
245.065
238.422
230.625
222.272
16.1245
33.2866
49.4065
65.2993
81.3449
96.9381
112.294
126.827
141.51
154.829
167.765
180.499
192.276
203.246
213.776
222.767
231.424
239
245.522
251.048
255.548
259.28
261.843
263.503
264.367
263.61
262.149
259.825
255.691
251.143
245.489
238.663
231.225
17.2047
33.4215
49.5177
65.7951
81.6884
97.4166
112.361
127.534
141.365
154.871
168.238
180.693
192.398
203.666
213.46
223
231.424
238.891
245.351
250.785
255.519
259.048
261.706
263.61
263.837
263.427
262.093
258.94
255.384
250.697
244.826
238.296
16.2788
32.5576
49.0408
65.215
81.3019
96.6488
112.308
126.649
140.73
154.738
167.887
180.347
192.375
203
213.46
222.767
231.225
238.665
245.082
250.874
255.425
259.141
262.149
263.427
264.14
263.865
261.767
259.278
255.635
250.799
245.253
16.4012
33.0151
49.3964
65.7647
81.4371
97.4987
112.272
126.846
141.411
155.168
168.297
181
192.375
203.666
213.776
223.141
231.482
238.805
245.579
251.08
255.783
259.825
262.093
263.865
264.594
263.501
262.031
259.388
255.548
250.954
16.6433
33.121
49.6588
65.5515
81.9085
97.0155
111.987
127.012
141.287
155
168.297
180.347
192.398
203.246
213.46
222.65
230.835
238.55
244.969
250.635
255.691
258.94
261.767
263.501
263.427
262.992
261.375
258.565
254.961
16.5529
33.2415
49.3356
65.9697
81.3941
96.7471
112.219
127
141.287
155.168
167.887
180.693
192.276
203.337
213.378
222.428
231.087
238.43
245.065
251.143
255.384
259.278
262.031
262.992
263.61
263.036
261.276
258.681
16.7631
32.9848
49.8197
65.4905
81.1542
97
112.219
127.012
141.411
154.738
168.238
180.499
192.354
203.194
213.063
222.623
230.853
238.422
245.489
250.697
255.635
259.388
261.375
263.036
263.503
262.795
261.216
16.2788
33.2415
49.0918
65
81.1542
96.7471
111.987
126.846
140.73
154.871
167.765
180.369
191.971
202.625
213.054
222.144
230.625
238.663
244.826
250.799
255.548
258.565
261.276
262.795
263.154
262.612
17.0294
33
49.0918
65.4905
81.3941
97.0155
112.272
126.649
141.365
154.829
168.119
180.422
191.802
203.039
212.934
222.272
231.225
238.296
245.253
250.954
254.961
258.681
261.216
262.612
263.078
16.0312
32.249
48.8365
65
80.9568
96.566
111.4
126.657
140.663
154.616
167.601
179.694
191.732
202.428
212.624
222.497
230.489
238.447
245.12
250.146
254.908
258.496
260.969
262.488
16.2788
32.9848
49.3356
65.5515
81.4371
96.6488
112.361
126.827
141.354
154.935
167.657
180.405
191.818
202.786
213.49
222.32
231.193
238.757
244.724
250.45
255.016
258.496
261
16.7631
33.2415
49.6588
65.7647
81.3019
97.4166
112.294
127.35
141.485
154.797
168.217
180.314
192.023
203.531
213.178
222.946
231.387
238.288
244.969
250.511
255
258.496
16.5529
33.121
49.3964
65.215
81.6884
96.9381
112.486
127.142
141.014
155.081
167.839
180.272
192.567
203.022
213.677
222.991
230.829
238.472
245
250.511
255.016
16.6433
33.0151
49.0408
65.7951
81.3449
97.3088
112.414
126.779
141.421
154.777
167.869
180.887
192.094
203.578
213.712
222.441
231
238.472
244.969
250.45
16.4012
32.5576
49.5177
65.2993
81.6088
97.0979
111.893
127.047
140.943
154.638
168.324
180.236
192.502
203.416
213
222.441
230.829
238.288
244.724
16.2788
33.4215
49.4065
66.0379
81.8841
97.0824
112.721
127.13
141.4
155.724
168.315
181.334
193
203.416
213.712
222.991
231.387
238.757
17.2047
33.2866
50.1199
66.2118
81.7068
97.719
112.539
127.283
142.144
155.322
169
181.334
192.502
203.578
213.677
222.946
231.193
16.1245
33.1059
49.3964
65.146
81.4923
96.6902
111.879
127.252
141
155.322
168.315
180.236
192.094
203.022
213.178
222.32
17.088
33.5261
49.4773
66.0984
81.6149
97.1854
113
127.252
142.144
155.724
168.324
180.887
192.567
203.531
213.49
16.4924
32.5576
49.366
65.123
81
97.1854
111.879
127.283
141.4
154.638
167.869
180.272
192.023
202.786
16.1245
33.0606
49
65.123
81.6149
96.6902
112.539
127.13
140.943
154.777
167.839
180.314
191.818
17
33.0606
49.366
66.0984
81.4923
97.719
112.721
127.047
141.421
155.081
168.217
180.405
16.1245
32.5576
49.4773
65.146
81.7068
97.0824
111.893
126.779
141.014
154.797
167.657
16.4924
33.5261
49.3964
66.2118
81.8841
97.0979
112.414
127.142
141.485
154.935
17.088
33.1059
50.1199
66.0379
81.6088
97.3088
112.486
127.35
141.354
16.1245
33.2866
49.4065
65.2993
81.3449
96.9381
112.294
126.827
17.2047
33.4215
49.5177
65.7951
81.6884
97.4166
112.361
16.2788
32.5576
49.0408
65.215
81.3019
96.6488
16.4012
33.0151
49.3964
65.7647
81.4371
16.6433
33.121
49.6588
65.5515
16.5529
33.2415
49.3356
16.7631
32.9848
16.2788
