50
13.0384
26.3059
38.833
51.6624
64.5136
76.6942
89
100.722
112.898
123.004
134.183
143.586
152.84
161.969
169.838
177.553
184.358
189.694
195.359
199.552
204.216
206.526
208.626
210.402
210.002
210.466
208.753
206.712
204.463
199.86
195.724
190.118
184.838
178.09
170.423
162.607
153.522
144.312
134.952
123.81
113.741
101.597
89.8999
77.6209
65.4599
52.6308
39.8121
27.2947
14.0357
13.3417
25.9615
38.8973
52
64.405
77.026
89.0449
101.607
112.161
123.794
133.735
143.534
153.219
161.756
170.074
177.612
183.657
190.066
195
200.445
203.541
206.41
209
209.468
210.737
209.848
208.586
207.135
203.337
199.965
195.133
190.591
184.613
177.589
170.485
162.003
153.388
144.617
133.989
124.423
112.73
101.39
89.493
77.6209
65.1153
52.469
40.1123
27
12.6491
25.632
38.9102
51.4782
64.3506
76.6094
89.4986
100.449
112.486
122.919
133.222
143.422
152.594
161.484
169.729
176.465
183.6
189.264
195.479
199.361
203
206.41
207.762
209.848
209.805
209.347
208.722
205.767
203.194
199.181
195.42
190.263
183.935
177.598
169.779
161.821
153.701
143.656
134.659
123.491
112.579
101.139
89.627
77.5242
65.123
53
40.1123
13
26.4197
39.1152
52.2015
64.6607
77.8332
89.1403
101.533
112.414
123.175
133.843
143.6
153.013
161.914
169.293
177.102
183.448
190.379
195
199.361
203.541
205.73
208.586
209.347
209.652
209.812
207.663
205.854
202.625
199.612
195.243
189.589
183.992
176.819
169.499
162.012
152.542
144.101
133.454
122.972
111.987
100.841
89.1403
77
65.123
52.469
13.6015
26.4008
39.6989
52.345
65.7951
77.4661
90.2109
101.548
112.77
123.907
134.261
144.201
153.769
161.805
170.3
177.341
185
190.379
195.479
200.445
203.494
207.135
208.722
209.812
210.775
209.459
208.435
206.015
203.769
200.212
195.256
190.421
183.918
177.26
170.426
161.555
153.688
143.586
133.555
123.045
112.285
101
89.1403
77.5242
65.1153
12.8062
26.1725
38.8973
52.4976
64.405
77.3886
89.0674
100.648
112.161
123.016
133.405
143.562
152.191
161.31
169
177.341
183.448
189.264
195
198.91
203.337
205.767
207.663
209.459
209.022
208.83
207.28
205.866
203.199
199.023
195.041
189.307
183.412
177.341
169.189
162.015
152.591
143.136
133.24
123
112.285
100.841
89.627
77.6209
13.4536
26.2488
40
52.1536
65.3682
77.3886
89.3197
101.193
112.539
123.357
134.082
143.283
153
161.31
170.3
177.102
183.6
190.066
194.795
199.965
203.194
205.854
208.435
208.83
209.423
208.694
208.06
206.228
202.786
199.602
194.589
189.41
184.049
176.57
170.038
161.245
152.329
143
133.24
123.045
111.987
101.139
89.493
12.8062
26.6271
38.9487
52.3259
64.622
76.844
89.0225
100.807
112.009
123.26
133
143.283
152.191
161.805
169.293
176.465
183.657
189.214
195.133
199.181
202.625
206.015
207.28
208.694
208.83
209.022
208.079
205.429
203.106
198.882
194.487
189.908
183.183
177.37
169.296
161
152.329
143.136
133.555
122.972
112.579
101.39
13.8924
26.4008
39.9249
52.4976
65
77.4661
89.6772
101.242
113
123.26
134.082
143.562
153.769
161.914
169.729
177.612
183.962
190.591
195.42
199.612
203.769
205.866
208.06
209.022
209.995
209.898
208.002
206.495
203.022
199.372
195.533
189.526
184.391
177
169.296
161.245
152.591
143.586
133.454
123.491
112.73
12.6491
26.2488
39.0512
51.788
64.4981
77.1038
89
101.242
112.009
123.357
133.405
144.201
153.013
161.484
170.074
177.248
184.613
190.263
195.243
200.212
203.199
206.228
208.079
209.898
210.718
209.652
209.038
206.4
203.578
200.564
195.369
191
184.391
177.37
170.038
162.015
153.688
144.101
134.659
124.423
13.6015
26.4764
39.3192
52.1536
65
77.1038
89.6772
100.807
112.539
123.016
134.261
143.6
152.594
161.756
169.614
177.589
183.935
189.589
195.256
199.023
202.786
205.429
208.002
209.652
209.347
209.554
207.694
205.65
203.416
199
195.369
189.526
183.183
176.57
169.189
161.555
152.542
143.656
133.989
13.0384
26.0192
39
52.1536
64.4981
77.4661
89.0225
101.193
112.161
123.907
133.843
143.422
153.219
161.839
170.485
177.598
183.992
190.421
195.041
199.602
203.106
206.495
209.038
209.554
210.642
209.619
208.406
207
203.416
200.564
195.533
189.908
184.049
177.341
170.426
162.012
153.701
144.617
13
26.0192
39.3192
51.788
65
76.844
89.3197
100.648
112.77
123.175
133.222
143.534
152.794
162.003
169.779
176.819
183.918
189.307
194.589
198.882
203.022
206.4
207.694
209.619
209.404
209
208.406
205.65
203.578
199.372
194.487
189.41
183.412
177.26
169.499
161.821
153.388
13.0384
26.4764
39.0512
52.4976
64.622
77.3886
89.0674
101.548
112.414
122.919
133.735
143.628
153.388
161.821
169.499
177.26
183.412
189.41
194.487
199.372
203.578
205.65
208.406
209
209.404
209.619
207.694
206.4
203.022
198.882
194.589
189.307
183.918
176.819
169.779
162.003
13.6015
26.2488
39.9249
52.3259
65.3682
77.3886
90.2109
101.533
112.486
123.794
134.317
144.617
153.701
162.012
170.426
177.341
184.049
189.908
195.533
200.564
203.416
207
208.406
209.619
210.642
209.554
209.038
206.495
203.106
199.602
195.041
190.421
183.992
177.598
170.485
12.6491
26.4008
38.9487
52.1536
64.405
77.4661
89.1403
100.449
112.161
123.223
133.989
143.656
152.542
161.555
169.189
176.57
183.183
189.526
195.369
199
203.416
205.65
207.694
209.554
209.347
209.652
208.002
205.429
202.786
199.023
195.256
189.589
183.935
177.589
13.8924
26.6271
40
52.4976
65.7951
77.8332
89.4986
101.607
113.208
124.423
134.659
144.101
153.688
162.015
170.038
177.37
184.391
191
195.369
200.564
203.578
206.4
209.038
209.652
210.718
209.898
208.079
206.228
203.199
200.212
195.243
190.263
184.613
12.8062
26.2488
38.8973
52.345
64.6607
76.6094
89.0449
101.119
112.73
123.491
133.454
143.586
152.591
161.245
169.296
177
184.391
189.526
195.533
199.372
203.022
206.495
208.002
209.898
209.995
209.022
208.06
205.866
203.769
199.612
195.42
190.591
13.4536
26.1725
39.6989
52.2015
64.3506
77.026
89.4707
101.39
112.579
122.972
133.555
143.136
152.329
161
169.296
177.37
183.183
189.908
194.487
198.882
203.106
205.429
208.079
209.022
208.83
208.694
207.28
206.015
202.625
199.181
195.133
12.8062
26.4008
39.1152
51.4782
64.405
77.2528
89.493
101.139
111.987
123.045
133.24
143
152.329
161.245
170.038
176.57
184.049
189.41
194.589
199.602
202.786
206.228
208.06
208.694
209.423
208.83
208.435
205.854
203.194
199.965
13.6015
26.4197
38.9102
52
65.146
77.6209
89.627
100.841
112.285
123
133.24
143.136
152.591
162.015
169.189
177.341
183.412
189.307
195.041
199.023
203.199
205.866
207.28
208.83
209.022
209.459
207.663
205.767
203.337
13
25.632
38.8973
52.3927
65.1153
77.5242
89.1403
101
112.285
123.045
133.555
143.586
153.688
161.555
170.426
177.26
183.918
190.421
195.256
200.212
203.769
206.015
208.435
209.459
210.775
209.812
208.722
207.135
12.6491
25.9615
39.6232
52.469
65.123
77
89.1403
100.841
111.987
122.972
133.454
144.101
152.542
162.012
169.499
176.819
183.992
189.589
195.243
199.612
202.625
205.854
207.663
209.812
209.652
209.347
208.586
13.3417
27.1662
40.1123
53
65.123
77.5242
89.627
101.139
112.579
123.491
134.659
143.656
153.701
161.821
169.779
177.598
183.935
190.263
195.42
199.181
203.194
205.767
208.722
209.347
209.805
209.848
14
27
40.1123
52.469
65.1153
77.6209
89.493
101.39
112.73
124.423
133.989
144.617
153.388
162.003
170.485
177.589
184.613
190.591
195.133
199.965
203.337
207.135
208.586
209.848
210.737
13
26.1725
38.6394
51.4198
64.195
76.3217
88.5664
100.24
112.361
122.413
133.544
142.899
152.109
161.199
169.027
176.709
183.48
188.788
194.427
198.6
203.246
205.543
207.634
209.404
13.3417
25.9615
38.8973
52
64.405
77.026
89.0449
101.607
112.161
123.794
133.735
143.534
153.219
161.756
170.074
177.612
183.657
190.066
195
200.445
203.541
206.41
209
12.6491
25.632
38.9102
51.4782
64.3506
76.6094
89.4986
100.449
112.486
122.919
133.222
143.422
152.594
161.484
169.729
176.465
183.6
189.264
195.479
199.361
203
206.41
13
26.4197
39.1152
52.2015
64.6607
77.8332
89.1403
101.533
112.414
123.175
133.843
143.6
153.013
161.914
169.293
177.102
183.448
190.379
195
199.361
203.541
13.6015
26.4008
39.6989
52.345
65.7951
77.4661
90.2109
101.548
112.77
123.907
134.261
144.201
153.769
161.805
170.3
177.341
185
190.379
195.479
200.445
12.8062
26.1725
38.8973
52.4976
64.405
77.3886
89.0674
100.648
112.161
123.016
133.405
143.562
152.191
161.31
169
177.341
183.448
189.264
195
13.4536
26.2488
40
52.1536
65.3682
77.3886
89.3197
101.193
112.539
123.357
134.082
143.283
153
161.31
170.3
177.102
183.6
190.066
12.8062
26.6271
38.9487
52.3259
64.622
76.844
89.0225
100.807
112.009
123.26
133
143.283
152.191
161.805
169.293
176.465
183.657
13.8924
26.4008
39.9249
52.4976
65
77.4661
89.6772
101.242
113
123.26
134.082
143.562
153.769
161.914
169.729
177.612
12.6491
26.2488
39.0512
51.788
64.4981
77.1038
89
101.242
112.009
123.357
133.405
144.201
153.013
161.484
170.074
13.6015
26.4764
39.3192
52.1536
65
77.1038
89.6772
100.807
112.539
123.016
134.261
143.6
152.594
161.756
13.0384
26.0192
39
52.1536
64.4981
77.4661
89.0225
101.193
112.161
123.907
133.843
143.422
153.219
13
26.0192
39.3192
51.788
65
76.844
89.3197
100.648
112.77
123.175
133.222
143.534
13.0384
26.4764
39.0512
52.4976
64.622
77.3886
89.0674
101.548
112.414
122.919
133.735
13.6015
26.2488
39.9249
52.3259
65.3682
77.3886
90.2109
101.533
112.486
123.794
12.6491
26.4008
38.9487
52.1536
64.405
77.4661
89.1403
100.449
112.161
13.8924
26.6271
40
52.4976
65.7951
77.8332
89.4986
101.607
12.8062
26.2488
38.8973
52.345
64.6607
76.6094
89.0449
13.4536
26.1725
39.6989
52.2015
64.3506
77.026
12.8062
26.4008
39.1152
51.4782
64.405
13.6015
26.4197
38.9102
52
13
25.632
38.8973
12.6491
25.9615
13.3417
