50
1
1
1.41421
1.41421
2.23607
2.82843
3.60555
3.60555
4.24264
4.24264
5
5
5.83095
5.83095
6.7082
6.7082
7.61577
7.61577
7.28011
8.24621
8.06226
8.06226
8
8
8
8.06226
8.06226
8.24621
8.24621
8.544
7.61577
8.06226
8.06226
7.2111
7.2111
6.40312
6.40312
5.65685
5.65685
5
5
4.47214
4.47214
3.60555
3.16228
2.23607
2.23607
1.41421
1.41421
0
1
1
2
2.23607
3.16228
3.16228
3.60555
3.60555
4.24264
4.24264
5
5
5.83095
5.83095
6.7082
6.7082
6.32456
7.28011
7.07107
7.07107
7
7
7
7.07107
7.07107
7.28011
7.28011
7.61577
6.7082
7.2111
7.2111
6.40312
6.40312
5.65685
5.65685
5
5
4.47214
4.47214
4.12311
4.12311
3.16228
3
2
2
1
1
1
1
2
2.23607
3.16228
3.16228
3.60555
3.60555
4.24264
4.24264
5
5
5.83095
5.83095
6.7082
6.7082
6.32456
7.28011
7.07107
7.07107
7
7
7
7.07107
7.07107
7.28011
7.28011
7.61577
6.7082
7.2111
7.2111
6.40312
6.40312
5.65685
5.65685
5
5
4.47214
4.47214
4.12311
4.12311
3.16228
3
2
2
1
1
0
1
1.41421
2.23607
2.23607
2.82843
2.82843
3.60555
3.60555
4.47214
4.47214
5.38516
5.38516
6.32456
6.32456
6.08276
7.07107
7
7
7.07107
7.07107
7.07107
7.28011
7.28011
7.61577
7.61577
8.06226
7.2111
7.81025
7.81025
7.07107
7.07107
6.40312
6.40312
5.83095
5.83095
5.38516
5.38516
5.09902
5.09902
4.12311
4
3
3
2
2
1
1.41421
2.23607
2.23607
2.82843
2.82843
3.60555
3.60555
4.47214
4.47214
5.38516
5.38516
6.32456
6.32456
6.08276
7.07107
7
7
7.07107
7.07107
7.07107
7.28011
7.28011
7.61577
7.61577
8.06226
7.2111
7.81025
7.81025
7.07107
7.07107
6.40312
6.40312
5.83095
5.83095
5.38516
5.38516
5.09902
5.09902
4.12311
4
3
3
2
2
1
1.41421
1.41421
2.23607
2.23607
3.16228
3.16228
4.12311
4.12311
5.09902
5.09902
6.08276
6.08276
6
7
7.07107
7.07107
7.28011
7.28011
7.28011
7.61577
7.61577
8.06226
8.06226
8.60233
7.81025
8.48528
8.48528
7.81025
7.81025
7.2111
7.2111
6.7082
6.7082
6.32456
6.32456
6.08276
6.08276
5.09902
5
4
4
3
3
1
1
1.41421
1.41421
2.23607
2.23607
3.16228
3.16228
4.12311
4.12311
5.09902
5.09902
5
6
6.08276
6.08276
6.32456
6.32456
6.32456
6.7082
6.7082
7.2111
7.2111
7.81025
7.07107
7.81025
7.81025
7.2111
7.2111
6.7082
6.7082
6.32456
6.32456
6.08276
6.08276
6
6
5
5.09902
4.12311
4.12311
3.16228
3.16228
0
1
1
2
2
3
3
4
4
5
5
5.09902
6.08276
6.32456
6.32456
6.7082
6.7082
6.7082
7.2111
7.2111
7.81025
7.81025
8.48528
7.81025
8.60233
8.60233
8.06226
8.06226
7.61577
7.61577
7.28011
7.28011
7.07107
7.07107
7
7
6
6.08276
5.09902
5.09902
4.12311
4.12311
1
1
2
2
3
3
4
4
5
5
5.09902
6.08276
6.32456
6.32456
6.7082
6.7082
6.7082
7.2111
7.2111
7.81025
7.81025
8.48528
7.81025
8.60233
8.60233
8.06226
8.06226
7.61577
7.61577
7.28011
7.28011
7.07107
7.07107
7
7
6
6.08276
5.09902
5.09902
4.12311
4.12311
0
1
1
2
2
3
3
4
4
4.12311
5.09902
5.38516
5.38516
5.83095
5.83095
5.83095
6.40312
6.40312
7.07107
7.07107
7.81025
7.2111
8.06226
8.06226
7.61577
7.61577
7.28011
7.28011
7.07107
7.07107
7
7
7.07107
7.07107
6.08276
6.32456
5.38516
5.38516
4.47214
4.47214
1
1
2
2
3
3
4
4
4.12311
5.09902
5.38516
5.38516
5.83095
5.83095
5.83095
6.40312
6.40312
7.07107
7.07107
7.81025
7.2111
8.06226
8.06226
7.61577
7.61577
7.28011
7.28011
7.07107
7.07107
7
7
7.07107
7.07107
6.08276
6.32456
5.38516
5.38516
4.47214
4.47214
0
1
1
2
2
3
3
3.16228
4.12311
4.47214
4.47214
5
5
5
5.65685
5.65685
6.40312
6.40312
7.2111
6.7082
7.61577
7.61577
7.28011
7.28011
7.07107
7.07107
7
7
7.07107
7.07107
7.28011
7.28011
6.32456
6.7082
5.83095
5.83095
5
5
1
1
2
2
3
3
3.16228
4.12311
4.47214
4.47214
5
5
5
5.65685
5.65685
6.40312
6.40312
7.2111
6.7082
7.61577
7.61577
7.28011
7.28011
7.07107
7.07107
7
7
7.07107
7.07107
7.28011
7.28011
6.32456
6.7082
5.83095
5.83095
5
5
0
1
1
2
2
2.23607
3.16228
3.60555
3.60555
4.24264
4.24264
4.24264
5
5
5.83095
5.83095
6.7082
6.32456
7.28011
7.28011
7.07107
7.07107
7
7
7.07107
7.07107
7.28011
7.28011
7.61577
7.61577
6.7082
7.2111
6.40312
6.40312
5.65685
5.65685
1
1
2
2
2.23607
3.16228
3.60555
3.60555
4.24264
4.24264
4.24264
5
5
5.83095
5.83095
6.7082
6.32456
7.28011
7.28011
7.07107
7.07107
7
7
7.07107
7.07107
7.28011
7.28011
7.61577
7.61577
6.7082
7.2111
6.40312
6.40312
5.65685
5.65685
0
1
1
1.41421
2.23607
2.82843
2.82843
3.60555
3.60555
3.60555
4.47214
4.47214
5.38516
5.38516
6.32456
6.08276
7.07107
7.07107
7
7
7.07107
7.07107
7.28011
7.28011
7.61577
7.61577
8.06226
8.06226
7.2111
7.81025
7.07107
7.07107
6.40312
6.40312
1
1
1.41421
2.23607
2.82843
2.82843
3.60555
3.60555
3.60555
4.47214
4.47214
5.38516
5.38516
6.32456
6.08276
7.07107
7.07107
7
7
7.07107
7.07107
7.28011
7.28011
7.61577
7.61577
8.06226
8.06226
7.2111
7.81025
7.07107
7.07107
6.40312
6.40312
0
1
1.41421
2.23607
2.23607
3.16228
3.16228
3.16228
4.12311
4.12311
5.09902
5.09902
6.08276
6
7
7
7.07107
7.07107
7.28011
7.28011
7.61577
7.61577
8.06226
8.06226
8.60233
8.60233
7.81025
8.48528
7.81025
7.81025
7.2111
7.2111
1
1.41421
2.23607
2.23607
3.16228
3.16228
3.16228
4.12311
4.12311
5.09902
5.09902
6.08276
6
7
7
7.07107
7.07107
7.28011
7.28011
7.61577
7.61577
8.06226
8.06226
8.60233
8.60233
7.81025
8.48528
7.81025
7.81025
7.2111
7.2111
1
1.41421
1.41421
2.23607
2.23607
2.23607
3.16228
3.16228
4.12311
4.12311
5.09902
5
6
6
6.08276
6.08276
6.32456
6.32456
6.7082
6.7082
7.2111
7.2111
7.81025
7.81025
7.07107
7.81025
7.2111
7.2111
6.7082
6.7082
1
1
2
2
2
3
3
4
4
5
5.09902
6.08276
6.08276
6.32456
6.32456
6.7082
6.7082
7.2111
7.2111
7.81025
7.81025
8.48528
8.48528
7.81025
8.60233
8.06226
8.06226
7.61577
7.61577
0
1
1
1
2
2
3
3
4
4.12311
5.09902
5.09902
5.38516
5.38516
5.83095
5.83095
6.40312
6.40312
7.07107
7.07107
7.81025
7.81025
7.2111
8.06226
7.61577
7.61577
7.28011
7.28011
1
1
1
2
2
3
3
4
4.12311
5.09902
5.09902
5.38516
5.38516
5.83095
5.83095
6.40312
6.40312
7.07107
7.07107
7.81025
7.81025
7.2111
8.06226
7.61577
7.61577
7.28011
7.28011
0
0
1
1
2
2
3
3.16228
4.12311
4.12311
4.47214
4.47214
5
5
5.65685
5.65685
6.40312
6.40312
7.2111
7.2111
6.7082
7.61577
7.28011
7.28011
7.07107
7.07107
0
1
1
2
2
3
3.16228
4.12311
4.12311
4.47214
4.47214
5
5
5.65685
5.65685
6.40312
6.40312
7.2111
7.2111
6.7082
7.61577
7.28011
7.28011
7.07107
7.07107
1
1
2
2
3
3.16228
4.12311
4.12311
4.47214
4.47214
5
5
5.65685
5.65685
6.40312
6.40312
7.2111
7.2111
6.7082
7.61577
7.28011
7.28011
7.07107
7.07107
0
1
1
2
2.23607
3.16228
3.16228
3.60555
3.60555
4.24264
4.24264
5
5
5.83095
5.83095
6.7082
6.7082
6.32456
7.28011
7.07107
7.07107
7
7
1
1
2
2.23607
3.16228
3.16228
3.60555
3.60555
4.24264
4.24264
5
5
5.83095
5.83095
6.7082
6.7082
6.32456
7.28011
7.07107
7.07107
7
7
0
1
1.41421
2.23607
2.23607
2.82843
2.82843
3.60555
3.60555
4.47214
4.47214
5.38516
5.38516
6.32456
6.32456
6.08276
7.07107
7
7
7.07107
7.07107
1
1.41421
2.23607
2.23607
2.82843
2.82843
3.60555
3.60555
4.47214
4.47214
5.38516
5.38516
6.32456
6.32456
6.08276
7.07107
7
7
7.07107
7.07107
1
1.41421
1.41421
2.23607
2.23607
3.16228
3.16228
4.12311
4.12311
5.09902
5.09902
6.08276
6.08276
6
7
7.07107
7.07107
7.28011
7.28011
1
1
1.41421
1.41421
2.23607
2.23607
3.16228
3.16228
4.12311
4.12311
5.09902
5.09902
5
6
6.08276
6.08276
6.32456
6.32456
0
1
1
2
2
3
3
4
4
5
5
5.09902
6.08276
6.32456
6.32456
6.7082
6.7082
1
1
2
2
3
3
4
4
5
5
5.09902
6.08276
6.32456
6.32456
6.7082
6.7082
0
1
1
2
2
3
3
4
4
4.12311
5.09902
5.38516
5.38516
5.83095
5.83095
1
1
2
2
3
3
4
4
4.12311
5.09902
5.38516
5.38516
5.83095
5.83095
0
1
1
2
2
3
3
3.16228
4.12311
4.47214
4.47214
5
5
1
1
2
2
3
3
3.16228
4.12311
4.47214
4.47214
5
5
0
1
1
2
2
2.23607
3.16228
3.60555
3.60555
4.24264
4.24264
1
1
2
2
2.23607
3.16228
3.60555
3.60555
4.24264
4.24264
0
1
1
1.41421
2.23607
2.82843
2.82843
3.60555
3.60555
1
1
1.41421
2.23607
2.82843
2.82843
3.60555
3.60555
0
1
1.41421
2.23607
2.23607
3.16228
3.16228
1
1.41421
2.23607
2.23607
3.16228
3.16228
1
1.41421
1.41421
2.23607
2.23607
1
1
2
2
0
1
1
1
1
0
