50
1.41421
3.16228
5.09902
6.32456
8.544
9.84886
11.6619
13.0384
15
16.4012
17.6918
19.105
19.8494
21.4009
23.0217
23.3238
24.5967
25.0799
26.5707
27.2029
27.6586
28.4429
28.1603
28.0179
28
28.0713
28.2843
28.6356
27.8927
27.5136
26.9258
25.4951
25.0599
23.8537
23.6008
22.0227
20.5183
19.799
18.4391
17.2047
15.8114
13.8924
12.53
10.7703
9.48683
7.28011
6.08276
4.12311
2.23607
2
4
5.09902
7.28011
8.544
10.2956
11.6619
13.6015
15
16.2788
17.6918
18.4391
20
21.6333
21.9545
23.2594
23.7697
25.2982
25.9615
26.4764
27.2947
27.074
27
27.0185
27.1662
27.4591
27.8927
27.2029
26.9258
26.4008
25.0599
24.6982
23.6008
23.4307
21.9317
20.5183
19.8494
18.6011
17.4929
16.1245
14.3178
13
11.4018
10.198
8.06226
7
5
3
2
3.16228
5.38516
6.7082
8.60233
10
12.0416
13.4536
14.8661
16.4012
17.2047
18.868
20.5913
21.0238
22.4722
23.0868
24.7386
25.4951
26.1725
27.074
27
27.074
27.1662
27.4591
27.8927
28.4605
27.8568
27.7308
27.2947
26.0768
25.807
24.8395
24.7588
23.3452
22.0227
21.4009
20.2485
19.2354
17.8885
16.1555
14.8661
13.3417
12.1655
10.0499
9
7
5
1.41421
3.60555
5
7.07107
8.48528
10.6301
12.0416
13.6015
15.2643
16.1245
17.8885
19.6977
20.2485
21.8403
22.561
24.3311
25.1794
26.0192
27
27.074
27.2947
27.4591
27.8927
28.4605
29.1548
28.6356
28.6531
28.3019
27.2029
27.0185
26.1725
26.1725
24.8395
23.6008
23.0217
21.9545
21.0238
19.6977
18.0278
16.7631
15.2971
14.1421
12.0416
11
9
7
2.23607
3.60555
5.65685
7.07107
9.21954
10.6301
12.2066
13.8924
14.7648
16.5529
18.3848
18.9737
20.6155
21.3776
23.1948
24.0832
25
26.0192
26.1725
26.4764
26.6833
27.2029
27.8568
28.6356
28.178
28.3019
28.0179
27.0185
26.9072
26.1725
26.2488
25
23.8537
23.3238
22.3607
21.5407
20.2485
18.6815
17.4642
16.1245
15.0333
13
12.0416
10.0499
8.06226
1.41421
3.60555
5
7.2111
8.60233
10.2956
12.083
13
14.8661
16.7631
17.4642
19.2354
20.0998
22.0227
23
24.0832
25.1794
25.4951
25.9615
26.2488
26.9258
27.7308
28.6531
28.3019
28.6007
28.4253
27.5862
27.5862
27.0185
27.2029
26.0768
25.0599
24.5967
23.7697
23.0868
21.8403
20.3961
19.2354
18.0278
17
15.0333
14.1421
12.1655
10.198
2.23607
3.60555
5.83095
7.2111
8.94427
10.7703
11.7047
13.6015
15.5242
16.2788
18.1108
19.0263
21
22.0227
23.1948
24.3311
24.7386
25.2982
25.632
26.4008
27.2947
28.3019
28.0179
28.4253
28.3196
27.5862
27.6586
27.2029
27.4591
26.4197
25.4951
25.0799
24.3516
23.7697
22.561
21.2132
20.0998
19
18.0278
16.1245
15.2971
13.3417
11.4018
1.41421
3.60555
5
6.7082
8.544
9.48683
11.4018
13.3417
14.1421
16.0312
17
19.0263
20.0998
21.3776
22.561
23.0868
23.7697
24.1661
25.0599
26.0768
27.2029
27.0185
27.5862
27.5862
27.0185
27.2029
26.9258
27.2947
26.4008
25.632
25.2982
24.7386
24.3311
23.1948
22.0227
21
20.0998
19.2354
17.4642
16.7631
14.8661
13
2.23607
3.60555
5.38516
7.28011
8.24621
10.198
12.1655
13.0384
15
16.0312
18.1108
19.2354
20.6155
21.8403
22.4722
23.2594
23.7065
24.6982
25.807
27.0185
26.9072
27.5862
27.6586
27.2029
27.4591
27.2947
27.7308
26.9258
26.2488
25.9615
25.4951
25.1794
24.0832
23
22.0227
21.2132
20.3961
18.6815
18.0278
16.1555
14.3178
1.41421
3.16228
5.09902
6.08276
8.06226
10.0499
11
13.0384
14.1421
16.2788
17.4642
18.9737
20.2485
21.0238
21.9545
22.4722
23.6008
24.8395
26.1725
26.1725
27.0185
27.2029
26.9258
27.2947
27.313
27.8568
27.2029
26.6833
26.4764
26.1725
26.0192
25
24.0832
23.1948
22.561
21.8403
20.2485
19.6977
17.8885
16.1245
2
4
5
7
9
10.0499
12.1655
13.3417
15.5242
16.7631
18.3848
19.6977
20.5913
21.6333
22.2036
23.4307
24.7588
26.1725
26.2488
27.2029
27.4591
27.2947
27.7308
27.8568
28.4605
27.8927
27.4591
27.2947
27.074
27
26.0192
25.1794
24.3311
23.7697
23.0868
21.5407
21.0238
19.2354
17.4929
2
3
5
7
8.06226
10.198
11.4018
13.6015
14.8661
16.5529
17.8885
18.868
20
20.6155
21.9317
23.3452
24.8395
25
26.0768
26.4197
26.4008
26.9258
27.2029
27.8927
27.4591
27.1662
27.074
27
27.074
26.1725
25.4951
24.7386
24.3516
23.7697
22.3607
21.9545
20.2485
18.6011
1
3
5
6.08276
8.24621
9.48683
11.7047
13
14.7648
16.1245
17.2047
18.4391
19.105
20.5183
22.0227
23.6008
23.8537
25.0599
25.4951
25.632
26.2488
26.6833
27.4591
27.1662
27.0185
27
27.074
27.2947
26.4764
25.9615
25.2982
25.0799
24.5967
23.3238
23.0217
21.4009
19.8494
2
4
5.09902
7.28011
8.544
10.7703
12.083
13.8924
15.2643
16.4012
17.6918
18.3848
19.8494
21.4009
23.0217
23.3238
24.5967
25.0799
25.2982
25.9615
26.4764
27.2947
27.074
27
27.0185
27.1662
27.4591
26.6833
26.2488
25.632
25.4951
25.0599
23.8537
23.6008
22.0227
20.5183
2
3.16228
5.38516
6.7082
8.94427
10.2956
12.2066
13.6015
14.8661
16.2788
17.0294
18.6011
20.2485
21.9545
22.3607
23.7697
24.3516
24.7386
25.4951
26.1725
27.074
27
27.074
27.1662
27.4591
27.8927
27.2029
26.9258
26.4008
26.4197
26.0768
25
24.8395
23.3452
21.9317
1.41421
3.60555
5
7.2111
8.60233
10.6301
12.0416
13.4536
15
15.8114
17.4929
19.2354
21.0238
21.5407
23.0868
23.7697
24.3311
25.1794
26.0192
27
27.074
27.2947
27.4591
27.8927
28.4605
27.8568
27.7308
27.2947
27.4591
27.2029
26.2488
26.1725
24.7588
23.4307
2.23607
3.60555
5.83095
7.2111
9.21954
10.6301
12.0416
13.6015
14.4222
16.1245
17.8885
19.6977
20.2485
21.8403
22.561
23.1948
24.0832
25
26.0192
26.1725
26.4764
26.6833
27.2029
27.8568
27.313
27.2947
26.9258
27.2029
27.0185
26.1725
26.1725
24.8395
23.6008
1.41421
3.60555
5
7.07107
8.48528
10
11.6619
12.53
14.3178
16.1555
18.0278
18.6815
20.3961
21.2132
22.0227
23
24.0832
25.1794
25.4951
25.9615
26.2488
26.9258
27.7308
27.2947
27.4591
27.2029
27.6586
27.5862
26.9072
27.0185
25.807
24.6982
2.23607
3.60555
5.65685
7.07107
8.60233
10.2956
11.1803
13
14.8661
16.7631
17.4642
19.2354
20.0998
21
22.0227
23.1948
24.3311
24.7386
25.2982
25.632
26.4008
27.2947
26.9258
27.2029
27.0185
27.5862
27.5862
27.0185
27.2029
26.0768
25.0599
1.41421
3.60555
5
6.7082
8.544
9.48683
11.4018
13.3417
15.2971
16.1245
18.0278
19
20.0998
21.2132
22.561
23.7697
24.3516
25.0799
25.4951
26.4197
27.4591
27.2029
27.6586
27.5862
28.3196
28.4253
28.0179
28.3019
27.2947
26.4008
2.23607
3.60555
5.38516
7.28011
8.24621
10.198
12.1655
14.1421
15.0333
17
18.0278
19.2354
20.3961
21.8403
23.0868
23.7697
24.5967
25.0599
26.0768
27.2029
27.0185
27.5862
27.5862
28.4253
28.6007
28.3019
28.6531
27.7308
26.9258
1.41421
3.16228
5.09902
6.08276
8.06226
10.0499
12.0416
13
15.0333
16.1245
17.4642
18.6815
20.2485
21.5407
22.3607
23.3238
23.8537
25
26.2488
26.1725
26.9072
27.0185
28.0179
28.3019
28.178
28.6356
27.8568
27.2029
2
4
5
7
9
11
12.0416
14.1421
15.2971
16.7631
18.0278
19.6977
21.0238
21.9545
23.0217
23.6008
24.8395
26.1725
26.1725
27.0185
27.2029
28.3019
28.6531
28.6356
29.1548
28.4605
27.8927
2
3
5
7
9
10.0499
12.1655
13.3417
14.8661
16.1555
17.8885
19.2354
20.2485
21.4009
22.0227
23.3452
24.7588
24.8395
25.807
26.0768
27.2947
27.7308
27.8568
28.4605
27.8927
27.4591
1
3
5
7
8.06226
10.198
11.4018
13
14.3178
16.1245
17.4929
18.6011
19.8494
20.5183
21.9317
23.4307
23.6008
24.6982
25.0599
26.4008
26.9258
27.2029
27.8927
27.4591
27.1662
2
4
6
7.07107
9.21954
10.4403
12.083
13.4164
15.2643
16.6433
17.8045
19.105
19.799
21.2603
22.8035
23.0217
24.1868
24.5967
26
26.5707
26.9258
27.6586
27.2947
27.074
2
4
5.09902
7.28011
8.544
10.2956
11.6619
13.6015
15
16.2788
17.6918
18.4391
20
21.6333
21.9545
23.2594
23.7697
25.2982
25.9615
26.4764
27.2947
27.074
27
2
3.16228
5.38516
6.7082
8.60233
10
12.0416
13.4536
14.8661
16.4012
17.2047
18.868
20.5913
21.0238
22.4722
23.0868
24.7386
25.4951
26.1725
27.074
27
27.074
1.41421
3.60555
5
7.07107
8.48528
10.6301
12.0416
13.6015
15.2643
16.1245
17.8885
19.6977
20.2485
21.8403
22.561
24.3311
25.1794
26.0192
27
27.074
27.2947
2.23607
3.60555
5.65685
7.07107
9.21954
10.6301
12.2066
13.8924
14.7648
16.5529
18.3848
18.9737
20.6155
21.3776
23.1948
24.0832
25
26.0192
26.1725
26.4764
1.41421
3.60555
5
7.2111
8.60233
10.2956
12.083
13
14.8661
16.7631
17.4642
19.2354
20.0998
22.0227
23
24.0832
25.1794
25.4951
25.9615
2.23607
3.60555
5.83095
7.2111
8.94427
10.7703
11.7047
13.6015
15.5242
16.2788
18.1108
19.0263
21
22.0227
23.1948
24.3311
24.7386
25.2982
1.41421
3.60555
5
6.7082
8.544
9.48683
11.4018
13.3417
14.1421
16.0312
17
19.0263
20.0998
21.3776
22.561
23.0868
23.7697
2.23607
3.60555
5.38516
7.28011
8.24621
10.198
12.1655
13.0384
15
16.0312
18.1108
19.2354
20.6155
21.8403
22.4722
23.2594
1.41421
3.16228
5.09902
6.08276
8.06226
10.0499
11
13.0384
14.1421
16.2788
17.4642
18.9737
20.2485
21.0238
21.9545
2
4
5
7
9
10.0499
12.1655
13.3417
15.5242
16.7631
18.3848
19.6977
20.5913
21.6333
2
3
5
7
8.06226
10.198
11.4018
13.6015
14.8661
16.5529
17.8885
18.868
20
1
3
5
6.08276
8.24621
9.48683
11.7047
13
14.7648
16.1245
17.2047
18.4391
2
4
5.09902
7.28011
8.544
10.7703
12.083
13.8924
15.2643
16.4012
17.6918
2
3.16228
5.38516
6.7082
8.94427
10.2956
12.2066
13.6015
14.8661
16.2788
1.41421
3.60555
5
7.2111
8.60233
10.6301
12.0416
13.4536
15
2.23607
3.60555
5.83095
7.2111
9.21954
10.6301
12.0416
13.6015
1.41421
3.60555
5
7.07107
8.48528
10
11.6619
2.23607
3.60555
5.65685
7.07107
8.60233
10.2956
1.41421
3.60555
5
6.7082
8.544
2.23607
3.60555
5.38516
7.28011
1.41421
3.16228
5.09902
2
4
2
