50
2.23607
5.09902
8.24621
11.4018
13.9284
16.5529
19.2354
21.9545
24.4131
26.4008
29.0689
31.1127
33.3017
34.8281
36.6197
37.7359
39.8246
40.7185
41.7852
43.0116
44.3847
44.7214
45.2769
45.0444
46
45.0999
45.3982
44.911
44.643
43.3244
42.1545
41.1461
40.3113
38.2753
37.2022
35.4683
33.9706
31.8277
29.8329
27.2029
25.2389
22.8254
20.1246
17.4642
14.8661
12.3693
9.21954
6.08276
3.16228
3
6.08276
9.21954
11.7047
14.3178
17
19.7231
22.2036
24.2074
26.9072
29
31.241
32.8024
34.6699
35.8469
38.0132
39
40.1622
41.4849
42.9535
43.4166
44.1022
44
45.0444
44.2832
44.7214
44.3847
44.2719
43.0813
42.0476
41.1825
40.4969
38.6005
37.6431
36.0694
34.6554
32.6497
30.8058
28.3019
26.4197
24.1661
21.5407
18.9737
16.4924
14.1421
11.0454
8
5
3.16228
6.32456
8.94427
11.6619
14.4222
17.2047
19.8494
21.9317
24.7588
27.0185
29.4109
31.0644
33.121
34.4384
36.7696
37.9473
39.2938
40.7922
42.4264
43.1045
44
44.1022
45.2769
44.7214
45.3542
45.2217
45.31
44.2832
43.4166
42.72
42.2019
40.4599
39.6232
38.2099
36.8782
35
33.2866
30.8869
29.0689
26.9258
24.3516
21.8403
19.4165
17.1172
14.0357
11
8
3.16228
5.83095
8.60233
11.4018
14.2127
16.9706
19.105
22.0227
24.4131
26.9258
28.6531
30.8707
32.311
34.7851
36.1386
37.6563
39.3192
41.1096
42
43.1045
43.4166
44.7214
44.3847
45.2217
45.31
45.618
44.7772
44.1022
43.6005
43.2782
41.7253
41.0366
39.8246
38.6005
36.8917
35.3553
33.1059
31.3847
29.4109
26.9258
24.5153
22.2036
20.025
17
14.0357
11.0454
2.82843
5.65685
8.48528
11.3137
14.2127
16.4012
19.4165
21.9545
24.5967
26.4008
28.7924
30.3645
32.9848
34.5254
36.2215
38.0526
40
41.1096
42.4264
42.9535
44.3847
44.2719
45.31
45.618
46.1411
45.4863
45
44.6878
44.5533
43.1856
42.638
41.6173
40.4969
38.9487
37.5766
35.4683
33.8378
32.0156
29.6142
27.2947
25.0799
23
20.025
17.1172
14.1421
2.82843
5.65685
8.48528
11.4018
13.6015
16.6433
19.2354
21.9317
23.7697
26.2488
27.8927
30.5941
32.249
34.0588
36
38.0526
39.3192
40.7922
41.4849
43.0116
43.0813
44.2832
44.7772
45.4863
45
44.6878
44.5533
44.5982
43.4166
43.0116
42.19
41.1825
39.8121
38.6264
36.6879
35.171
33.541
31.257
29.0689
27
25.0799
22.2036
19.4165
16.4924
2.82843
5.65685
8.60233
10.8167
13.8924
16.5529
19.3132
21.1896
23.7697
25.4951
28.2843
30.0666
32
34.0588
36.2215
37.6563
39.2938
40.1622
41.7852
42.0476
43.4166
44.1022
45
44.6878
44.5533
44.5982
44.8219
43.8292
43.566
42.9418
42.0476
40.8534
39.8497
38.0789
36.6742
35.2278
33.0606
31
29.0689
27.2947
24.5153
21.8403
18.9737
2.82843
5.83095
8.06226
11.1803
13.9284
16.7631
18.6815
21.3776
23.1948
26.0768
28
30.0666
32.249
34.5254
36.1386
37.9473
39
40.7185
41.1825
42.72
43.6005
44.6878
44.5533
44.5982
44.8219
45.2217
44.4185
44.2945
43.8634
43.0813
42.0595
41.2311
39.6232
38.3275
37.054
35
33.0606
31.257
29.6142
26.9258
24.3516
21.5407
3.16228
5.38516
8.544
11.4018
14.3178
16.2788
19.105
21.0238
24
26.0768
28.2843
30.5941
32.9848
34.7851
36.7696
38.0132
39.8246
40.4969
42.2019
43.2782
44.5533
44.5982
44.8219
45.2217
45.793
45.1774
45.1885
44.9444
44.2719
43.4166
42.7551
41.3038
40.1123
39
37.054
35.2278
33.541
32.0156
29.4109
26.9258
24.1661
2.23607
5.38516
8.24621
11.1803
13.1529
16.0312
18
21.0238
23.1948
25.4951
27.8927
30.3645
32.311
34.4384
35.8469
37.7359
38.6005
40.4599
41.7253
43.1856
43.4166
43.8292
44.4185
45.1774
44.7772
44.9444
44.9222
44.3847
43.7379
43.2897
42.0476
41
40.1123
38.3275
36.6742
35.171
33.8378
31.3847
29.0689
26.4197
3.16228
6.08276
9.05539
11.0454
14
16.0312
19.105
21.3776
23.7697
26.2488
28.7924
30.8707
33.121
34.6699
36.6197
37.6431
39.6232
41.0366
42.638
43.0116
43.566
44.2945
45.1885
44.9444
45.2217
45.3542
44.911
44.4072
44.1022
43
42.0476
41.3038
39.6232
38.0789
36.6879
35.4683
33.1059
30.8869
28.3019
3
6
8
11.0454
13.1529
16.2788
18.6815
21.1896
23.7697
26.4008
28.6531
31.0644
32.8024
34.8281
36.0694
38.2099
39.8246
41.6173
42.19
42.9418
43.8634
44.9444
44.9222
45.3542
45.7056
45.3982
45.0999
45
44.1022
43.2897
42.7551
41.2311
39.8497
38.6264
37.5766
35.3553
33.2866
30.8058
3
5
8.06226
10.198
13.3417
15.8114
18.3848
21.0238
23.7065
26.0768
28.6007
30.4795
32.5576
33.9706
36.2353
38.0132
39.9625
40.7063
41.6293
42.72
43.9659
44.1475
44.7214
45.2769
45.0999
45
45.0999
44.4072
43.7379
43.4166
42.0595
40.8534
39.8121
38.9487
36.8917
35
32.6497
2
5.09902
7.28011
10.4403
13
15.6525
18.3576
21.095
23.6008
26.2488
28.2843
30.4138
32.0156
34.4093
36.3593
38.4708
39.3954
40.4969
41.7612
43.1741
43.566
44.2832
45.0444
45
45.0999
45.3982
44.911
44.3847
44.2719
43.0813
42.0476
41.1825
40.4969
38.6005
36.8782
34.6554
3.16228
5.38516
8.544
11.1803
13.8924
16.6433
19.4165
22.0227
24.7588
26.9072
29.0689
30.8058
33.2866
35.3553
37.5766
38.6264
39.8497
41.2311
42.7551
43.2897
44.1022
45
45.0444
45.2769
45.7056
45.3542
44.9222
44.9444
43.8634
42.9418
42.19
41.6173
39.8246
38.2099
36.0694
2.23607
5.38516
8.06226
10.8167
13.6015
16.4012
19.105
21.9317
24.2074
26.4008
28.3019
30.8869
33.1059
35.4683
36.6879
38.0789
39.6232
41.3038
42.0476
43
44.1022
44.2832
44.7214
45.3542
45.2217
44.9444
45.1885
44.2945
43.566
43.0116
42.638
41.0366
39.6232
37.6431
3.16228
5.83095
8.60233
11.4018
14.2127
16.9706
19.8494
22.2036
24.4131
26.4197
29.0689
31.3847
33.8378
35.171
36.6742
38.3275
40.1123
41
42.0476
43.2897
43.566
44.1475
44.9222
44.9444
44.7772
45.1774
44.4185
43.8292
43.4166
43.1856
41.7253
40.4599
38.6005
2.82843
5.65685
8.48528
11.3137
14.2127
17.2047
19.7231
21.9545
24.1661
26.9258
29.4109
32.0156
33.541
35.2278
37.054
39
40.1123
41.3038
42.7551
43.1741
43.9659
44.9444
45.1885
45.1774
45.793
45.2217
44.8219
44.5982
44.5533
43.2782
42.2019
40.4969
2.82843
5.65685
8.48528
11.4018
14.4222
17
19.2354
21.5407
24.3516
26.9258
29.6142
31.257
33.0606
35
37.054
38.3275
39.6232
41.2311
41.7612
42.72
43.8634
44.2945
44.4185
45.2217
44.8219
44.5982
44.5533
44.6878
43.6005
42.72
41.1825
2.82843
5.65685
8.60233
11.6619
14.3178
16.5529
18.9737
21.8403
24.5153
27.2947
29.0689
31
33.0606
35.2278
36.6742
38.0789
39.8497
40.4969
41.6293
42.9418
43.566
43.8292
44.8219
44.5982
44.5533
44.6878
45
44.1022
43.4166
42.0476
2.82843
5.83095
8.94427
11.7047
13.9284
16.4924
19.4165
22.2036
25.0799
27
29.0689
31.257
33.541
35.171
36.6879
38.6264
39.3954
40.7063
42.19
43.0116
43.4166
44.5982
44.5533
44.6878
45
45.4863
44.7772
44.2832
43.0813
3.16228
6.32456
9.21954
11.4018
14.1421
17.1172
20.025
23
25.0799
27.2947
29.6142
32.0156
33.8378
35.4683
37.5766
38.4708
39.9625
41.6173
42.638
43.1856
44.5533
44.6878
45
45.4863
46.1411
45.618
45.31
44.2719
3.16228
6.08276
8.24621
11.0454
14.0357
17
20.025
22.2036
24.5153
26.9258
29.4109
31.3847
33.1059
35.3553
36.3593
38.0132
39.8246
41.0366
41.7253
43.2782
43.6005
44.1022
44.7772
45.618
45.31
45.2217
44.3847
3
5.09902
8
11
14.0357
17.1172
19.4165
21.8403
24.3516
26.9258
29.0689
30.8869
33.2866
34.4093
36.2353
38.2099
39.6232
40.4599
42.2019
42.72
43.4166
44.2832
45.31
45.2217
45.3542
44.7214
2.23607
5
8
11.0454
14.1421
16.4924
18.9737
21.5407
24.1661
26.4197
28.3019
30.8058
32.0156
33.9706
36.0694
37.6431
38.6005
40.4969
41.1825
42.0476
43.0813
44.2719
44.3847
44.7214
44.2832
3.16228
6.08276
9.21954
12.3693
14.8661
17.4642
20.1246
22.8254
25.2389
27.2029
29.8329
31.1448
33.2415
35.4683
37.2022
38.2753
40.3113
41.1461
42.1545
43.3244
44.643
44.911
45.3982
45.0999
3
6.08276
9.21954
11.7047
14.3178
17
19.7231
22.2036
24.2074
26.9072
28.2843
30.4795
32.8024
34.6699
35.8469
38.0132
39
40.1622
41.4849
42.9535
43.4166
44.1022
44
3.16228
6.32456
8.94427
11.6619
14.4222
17.2047
19.8494
21.9317
24.7588
26.2488
28.6007
31.0644
33.121
34.4384
36.7696
37.9473
39.2938
40.7922
42.4264
43.1045
44
44.1022
3.16228
5.83095
8.60233
11.4018
14.2127
16.9706
19.105
22.0227
23.6008
26.0768
28.6531
30.8707
32.311
34.7851
36.1386
37.6563
39.3192
41.1096
42
43.1045
43.4166
2.82843
5.65685
8.48528
11.3137
14.2127
16.4012
19.4165
21.095
23.7065
26.4008
28.7924
30.3645
32.9848
34.5254
36.2215
38.0526
40
41.1096
42.4264
42.9535
2.82843
5.65685
8.48528
11.4018
13.6015
16.6433
18.3576
21.0238
23.7697
26.2488
27.8927
30.5941
32.249
34.0588
36
38.0526
39.3192
40.7922
41.4849
2.82843
5.65685
8.60233
10.8167
13.8924
15.6525
18.3848
21.1896
23.7697
25.4951
28.2843
30.0666
32
34.0588
36.2215
37.6563
39.2938
40.1622
2.82843
5.83095
8.06226
11.1803
13
15.8114
18.6815
21.3776
23.1948
26.0768
28
30.0666
32.249
34.5254
36.1386
37.9473
39
3.16228
5.38516
8.544
10.4403
13.3417
16.2788
19.105
21.0238
24
26.0768
28.2843
30.5941
32.9848
34.7851
36.7696
38.0132
2.23607
5.38516
7.28011
10.198
13.1529
16.0312
18
21.0238
23.1948
25.4951
27.8927
30.3645
32.311
34.4384
35.8469
3.16228
5.09902
8.06226
11.0454
14
16.0312
19.105
21.3776
23.7697
26.2488
28.7924
30.8707
33.121
34.6699
2
5
8
11.0454
13.1529
16.2788
18.6815
21.1896
23.7697
26.4008
28.6531
31.0644
32.8024
3
6
9.05539
11.1803
14.3178
16.7631
19.3132
21.9317
24.5967
26.9258
29.4109
31.241
3
6.08276
8.24621
11.4018
13.9284
16.5529
19.2354
21.9545
24.4131
27.0185
29
3.16228
5.38516
8.544
11.1803
13.8924
16.6433
19.4165
22.0227
24.7588
26.9072
2.23607
5.38516
8.06226
10.8167
13.6015
16.4012
19.105
21.9317
24.2074
3.16228
5.83095
8.60233
11.4018
14.2127
16.9706
19.8494
22.2036
2.82843
5.65685
8.48528
11.3137
14.2127
17.2047
19.7231
2.82843
5.65685
8.48528
11.4018
14.4222
17
2.82843
5.65685
8.60233
11.6619
14.3178
2.82843
5.83095
8.94427
11.7047
3.16228
6.32456
9.21954
3.16228
6.08276
3
